   0.0000000000000000        0.0000000000000000        0.0000000000000000        0.0000000000000000        0.0000000000000000        0.0000000000000000        0.0000000000000000        0.0000000000000000        0.0000000000000000        0.0000000000000000     
   1.9141242283272093E-002   1.3339318096608390E-003   1.5315429859704388E-002   1.6607619895458732E-002   1.2893304223121656E-002  0.24536654487739831       0.12410258949732243        6.1704553983180963E-002   2.0729347605171221E-002   1.4396726025136973E-002
  0.41259845611947471        1.8679905037760478       0.59214386421894782       0.61705876914689461       0.50331483515491671       0.47226195578810820       0.38555733474440551       0.43000011866465926        1.0513793910577045        1.4768147737036432     
   3.7576890964228338E-002   2.6715065245479022E-003   3.0557666767246333E-002   3.2938162565724891E-002   2.5598881458386180E-002  0.43667364010752574       0.20355298982678252       0.11425310290580637        4.0960858332008285E-002   2.8974523709042223E-002
  0.54530369291129865        1.1720711471005478       0.48992090030692420       0.58197188621966978       0.48667562037156392        2.0288497619498727       0.50871759503945702       0.51982006586894747        1.0323532558506363       0.87048651189438830     
   5.5246528541614708E-002   4.0060336668328164E-003   4.7573711534339189E-002   4.8106509215810056E-002   4.0563711284753050E-002  0.48003066164031183       0.23994490301630614       0.15552564444357617        5.6475974107675381E-002   4.4006018757051645E-002
  0.45875620969226777       0.89825770413394201       0.70114321420175829       0.51833412953420366       0.54569007299279382       0.83758449061816853       0.53177327592744028       0.75218271321211538       0.76048548596859655       0.61183616298174648     
   7.3474184677925852E-002   5.3308565847555922E-003   6.4463046961221002E-002   6.3375728441384074E-002   5.5642565206911881E-002  0.51996277772955757       0.26627619916938899       0.18596002633169392        7.1867237262205078E-002   5.9534792468348807E-002
  0.50186347824051536       0.71262449424047081       0.67510928144568050       0.68630896416338560       0.50219992440172034       0.78628182742873431       0.42785095137098772       0.56608267968957005       0.74405763213504994       0.57329490384630721     
   8.9816188917345496E-002   6.6429999632738783E-003   8.1456028837350203E-002   7.6811043952136809E-002   7.1379566148214543E-002  0.55280876989607597       0.28497696996415489       0.21272085445311747        8.7856376386676843E-002   7.5476501047403846E-002
  0.46619934168308086       0.67995190074445677       0.56274022120602918       0.54103268403638793       0.50558290743035084       0.61879539210348711       0.62862478712606107       0.68080927428099003       0.72084066859391216       0.63621030362478281     
  0.10621704827499912        8.0158091738500286E-003   9.8713468983949795E-002   9.0411753996832961E-002   8.7312030459487822E-002  0.57856787071780635       0.30174944710604384       0.23075343759704711       0.10323029845552611        9.1382703243552368E-002
  0.48113796428387545       0.66885172997149434       0.67901252134630941       0.56543303623195906       0.48461015977313260       0.77428701232996988       0.50724187790490494       0.69791680065935913       0.65452373416082665       0.58281355601394402     
  0.12240483456291323        9.4496977684245392E-003  0.11587704811759809       0.10410230266579647       0.10294426801701011       0.59997676832785596       0.31703196986655352       0.24738220463461699       0.11830107279001152       0.10642436340422988     
  0.54570636591226018       0.53209387702667810       0.57281721959715792       0.53397697445810699       0.55052588589205076       0.65718154500885451       0.44164011136180015       0.60135401322008830       0.56372470014103793       0.44871536307619136     
  0.13869059732343092        1.1202930348344482E-002  0.13205252082137209       0.11779691875254648       0.11842168981431868       0.61894482645868754       0.33148240826846076       0.26082431932256134       0.13385562747052585       0.12176974097209546     
  0.56172167461497446       0.70917137392101404       0.48459388203112963       0.40473770434831663       0.68465914871662037       0.58055409934928603       0.56266174572287930       0.59364103954381853       0.75593350729452646       0.63255191549401180     
  0.15407113085545798        1.3043351151008596E-002  0.14693424774458169       0.13065373947111272       0.13536857929766169       0.63741615067075885       0.34550503013797679       0.27364580429242108       0.15034773488175246       0.13631627597683912     
  0.53144167306794132       0.54151267749180010       0.55869020609064468       0.44308289967153625       0.64781967041965183       0.52270060578752253       0.49054053805689285       0.59439818126623900       0.64951896641441342       0.42762333884085607     
  0.17011035730279586        1.4898200730093503E-002  0.16062416108244373       0.14344293592685867       0.15229519375207068       0.65587111697642786       0.35770126611307773       0.28694525610073912       0.16703468294686610       0.15104944566268402     
  0.47837867693274094       0.62210830300563369       0.54793010442161416       0.52700368627616745       0.48811226074759984       0.53827647535621992       0.61653895515994717       0.73151436386500324       0.58773296900519578       0.60000349612839476     
  0.18686594345287974        1.6786775235734141E-002  0.17301818888551770       0.15777086718680139       0.16952763036677077       0.67344741178137790       0.36950267480432114       0.30015038385817061       0.18463338449905276       0.16537060222708969     
  0.61916092330141703       0.51983303264754943       0.50027048703601484       0.52686779566820108       0.52946435373492662       0.57375531548845249       0.51083057926844300       0.67714992579807476       0.64950541978151111       0.47684351270659753     
  0.20435476406104269        1.8786993059728783E-002  0.18839667068045959       0.17228166961699465       0.18598659366864229       0.68904874482026435       0.38048785588563200       0.31212408625489868       0.20215735985073321       0.17982257642362739     
  0.54469892637006878       0.53289358693983335       0.48945115312888343       0.50071303026935521       0.59460086867235940       0.57339003860568960       0.51978544385031711       0.58256911048475790       0.63340157554531906       0.50828366269285330     
  0.22088881682577302        2.1053723907200842E-002  0.20521063079561769       0.18730161132239784       0.20190381641193611       0.70392506114195097       0.39163977098758684       0.32324166949534061       0.21711224728892140       0.19655042147981636     
  0.61782480657679617       0.55340082017040992       0.77863336622959300       0.53392623781004211       0.59233568265305692       0.62717008558632792       0.56162903532795128       0.60120607754125799       0.56809629527266958       0.56261707991858634     
  0.23767186190670622        2.3386310464566955E-002  0.22059161349431464       0.20241416590461622       0.21805408900714940       0.71795384479656932       0.40221422897077097       0.33419719342997822       0.23212370070458660       0.21366784428302060     
  0.56624015874169287       0.51612779408986598       0.47640926267162587       0.46352403711439544       0.53403996556515532       0.50489341828698842       0.58188894540554159       0.53333941346124980       0.54506823657560255       0.50873713797133724     
  0.25469549876288394        2.6132585778415752E-002  0.23578672444898663       0.21837724035514094       0.23255147656682995       0.73157340351070166       0.41260380966320503       0.34500070158583690       0.25044109230945710       0.22969904712488215     
  0.57954747307672794       0.54153851047748702       0.52173279979070719       0.56226185464374523       0.51002914066112592       0.43332033943830922       0.50470208756563817       0.55555169172129348       0.51104931581959767       0.53677007548270406     
  0.27179957451905012        2.8803095712349042E-002  0.25161602300507085       0.23471838567483114       0.24732060829455563       0.74466293241601311       0.42194696163192030       0.35572042688076977       0.26931243488192119       0.24533036502226105     
  0.51275058604157409       0.59795556211633527       0.59002682568898845       0.50358684774792062       0.48583664684600214       0.46691336247371301       0.60191595117911378       0.56267007489069387       0.65508019242544846       0.58053481935599538     
  0.28851427723249018        3.1597754937865950E-002  0.26762038363892626       0.25145723487226690       0.26370026099199961       0.75599013661552328       0.43077125173575542       0.36622129503322964       0.28823681132464885       0.26102800098105022     
  0.57999490374665708       0.52155606756220385       0.59107546671885791       0.54592599457499325       0.68108745774449331       0.50574647778028081       0.53168311165256843       0.48096234143687522       0.49108691013580175       0.54093459953100087     
  0.30542731067045753        3.4423743693491562E-002  0.28602844529044913       0.26752942446443395       0.27961746233952234       0.76640384856542898       0.43941478012513063       0.37706685024949560       0.30788784753971854       0.27722638348946294     
  0.56866586415968712       0.51607079885564533       0.62014736724644526       0.68144849932624130       0.51040990807243236       0.47319077553239380       0.48171684083210042       0.47206978785407239       0.53112013188675311       0.50600399466917267     
  0.32150739962686120        3.7525126687906273E-002  0.30371177801428373       0.28293438491328859       0.29538442015220417       0.77674613725611674       0.44804574278009945       0.38829498884078811       0.32518562596435402       0.29380448161099781     
  0.54210896031142319       0.52284663789395525       0.55020475730091911       0.53303551600012766       0.72343331883368989       0.46946372112688423       0.61868689325680515       0.56354484250708192       0.54134580587336167       0.52520052027400499     
  0.33708574362513460        4.0775414021602223E-002  0.32153353818584296       0.29790380293163632       0.31167661399277458       0.78695813744096210       0.45657256993219897       0.39968174459389388       0.34173007328442340       0.31081796808909412     
  0.55152383519183734       0.51193941920731523       0.54317358492807299       0.54694878470012920       0.59026375832249212       0.43838217704268240       0.50830317066736208       0.54490137709615882       0.46832456647988280       0.45432859329716396     
  0.35225771210003842        4.4063676546868900E-002  0.33893958458178014       0.31276204537970365       0.32712787272305816       0.79713670138364923       0.46495987534126249       0.41184801530319332       0.35822071575098835       0.32605358487916691     
  0.70611068208973571       0.45440218227354318       0.54370914829467132       0.53679098115978097       0.65544519797915934       0.59411670688372664       0.54735130309024926       0.53525233659743643       0.47618083212327517       0.55627927881543948     
  0.36724413983883558        4.7392654919480776E-002  0.35666242328058956       0.32819571268299313       0.34283301857897458       0.80719744156239637       0.47241731076107285       0.42373054034842483       0.37480165826500694       0.34059124597779561     
  0.48764807150815104       0.46404481690847904       0.56419264531928326       0.57786414459119106       0.56457672350976218       0.51893063484269597       0.47202151524370045       0.59657653671452859       0.50524687951339353       0.52766647910325137     
  0.38252177308293867        5.1006206212293792E-002  0.37431708114044487       0.34278592467172070       0.35860572848754035       0.81642692161633867       0.47969698848650155       0.43552458390059073       0.39197695555443907       0.35554142444619036     
  0.63198240498332048       0.42745851266219209       0.56215963143303793       0.50985962823495035       0.52748591269649991       0.45626246445580304       0.59265067385175474       0.55914271987916697       0.59285310480341602       0.46502168930117382     
  0.39781668417382010        5.4986890867110186E-002  0.39228922555834012       0.35808897299988124       0.37404715544178130       0.82535672710266061       0.48774542359501322       0.44748489192350771       0.40944338915640099       0.36995587990745504     
  0.54580307675522088       0.47858362135606158       0.57497979656117193       0.55456166750214175       0.55036303417008903       0.49936701284188167       0.77606029812677368       0.54873631294337721       0.44159652334039878       0.49209078342925494     
  0.41353277624750046        5.9031404308629742E-002  0.41026642641079214       0.37598612177466889       0.39079107425210541       0.83366116837606086       0.49611472745726487       0.45973816724134248       0.42592494287402671       0.38576122519703571     
  0.56052704523052643       0.48089667914468209       0.64686457310264056       0.53125267237293505       0.54942036491969548       0.55718481863381164       0.56030827808643680       0.49776934492392971       0.39778207048542197       0.51038749633738634     
  0.42937282542138006        6.3100946932094767E-002  0.42832624476553055       0.39331063451959175       0.40755939499810390       0.84191978498942455       0.50435529545875457       0.47214704566539639       0.44194845813730704       0.40180347247020992     
  0.51178932294188539       0.43589454346771894       0.50458351576062177       0.52681641105580523       0.61427026819915664       0.52380529626399841       0.60755416809284912       0.51794949518873423       0.44854171042536112       0.64396781175245743     
  0.44523699137863015        6.7374770346922061E-002  0.44674854614979076       0.40933071751251277       0.42448755411077471       0.84901871378891280       0.51256184761890311       0.48482495503751349       0.45762893333325638       0.41758548122378641     
  0.55292543163687102       0.43178507631645802       0.65567056453687689       0.66307614000711779       0.63911973455757809       0.47555127480457055       0.52150260877802457       0.51480166847267061       0.42961248131169077       0.49743538615875238     
  0.46086124722723359        7.2123919879035464E-002  0.46545201742988523       0.42475246121358745       0.44143994931993186       0.85606433118554237       0.52019355610720264       0.49745408685087839       0.47320484822349806       0.43321842204248850     
  0.60056322387553529       0.49322445040786916       0.68772109427373584       0.51270944551885145       0.54258940633388397       0.54362355025098041       0.47177881601931027       0.69582459352620085       0.45173594751828511       0.51580261983640296     
  0.47710659123321875        7.6924682775173114E-002  0.48416733840682569       0.43838357143070578       0.45658523512792587       0.86232886878617332       0.52756669049678417       0.51093520868646480       0.48931133606519955       0.44703573138129538     
  0.62338995829047184       0.52619051665131589       0.52231445625539885       0.51388649755578730       0.58544002662913075       0.43468604373248859       0.52202591397630760       0.54871153230117764       0.45929755559337943       0.44916965521210922     
  0.49396626052528192        8.1937299684726364E-002  0.50244740170329727       0.45249290646933671       0.47185289552994625       0.86856268065095932       0.53557109773825073       0.52524095857022335       0.50571478216576293       0.46107245133302954     
  0.60242457914723835       0.47743688100511289       0.78413782145929256       0.44419782137242647       0.61107446344541094       0.50874595325175587       0.61917664789925264       0.63589266618358253       0.51262078762863927       0.52430812165918406     
  0.51061396803451664        8.7140139054090418E-002  0.52054693117042605       0.46721880283312506       0.48730912657677888       0.87477635935363041       0.54398545368250728       0.53908346766398219       0.52260486797505334       0.47342278949639782     
  0.70856034707254456       0.51109614530630054       0.55591413998279315       0.53398489076706990       0.50131775210972795       0.43605023314893099       0.76167752176573111       0.51750846057131761       0.48907447382081298       0.47470923103997303     
  0.52689389302461687        9.2722072745766271E-002  0.53817499861616225       0.48241591567995923       0.50259356765507968       0.88083020718305516       0.55251697770491259       0.55266482857967392       0.53982062904371053       0.48596209230432813     
  0.65448376547677711       0.46113322725737305       0.52041003044051015       0.42915174099569470       0.56077353252091455       0.45834297719771794       0.65159893049098183       0.59406566643222369       0.46132679526405423       0.53661984922881201     
  0.54200959663543313        9.8423775784993589E-002  0.55501924882957299       0.49854740835696459       0.51761509416962459       0.88681670830621462       0.56117429879121139       0.56615565649811117       0.55659156675894728       0.50131260847134407     
  0.52905398722702257       0.43355050383004418       0.58173318137853169       0.67151557442004917       0.54804961793090101       0.42199549552630711       0.52402900288238730       0.54039774021737774       0.42043188646906493       0.52838665936322116     
  0.55686521700733338       0.10434519870890181       0.57191226223119973       0.51478870523055265       0.53248814685952373       0.89273932887943486       0.56878444413574158       0.57969972594722807       0.57309473468322314       0.51630368283915540     
  0.57812713527390103       0.50513975891878860       0.59373865571183060       0.57603546194646027       0.67592421404645864       0.42307714382556100       0.68059616099341524       0.59925260940849989       0.57758426118990602       0.59270468686596478     
  0.57205563317099672       0.11054614695530320       0.58852453893404866       0.53078234879735164       0.54764872051630764       0.89803237936550317       0.57546886440154976       0.59237320554576589       0.58911930220270436       0.53064575347582355     
  0.54212467416906507       0.45869484513840703       0.53630713873672542       0.65668498015469567       0.52323595521411093       0.46715592832747671       0.68196989768896910       0.52990705525763282       0.41919905763363885       0.50869961831572397     
  0.58693067662305953       0.11756834613990809       0.60551088836435429       0.54725003223343183       0.56268328421927716       0.90326350026171387       0.58313662450582537       0.60463609989260536       0.60477938824916222       0.54497807050342006     
  0.54050437853110178       0.48300685500107077       0.51439008817076692       0.59319263826973667       0.56180878456683225       0.42567257837689126       0.70657427841442089       0.58334197981843727       0.51311656355325208       0.52811131337532058     
  0.60280610718607031       0.12485104828153262       0.62307461716820067       0.56447525216064309       0.57737628373197081       0.90823667446025702       0.59135506394603832       0.61740348742823647       0.61977220087895335       0.56042508423045978     
  0.61181125126253122       0.44331651763705215       0.55524999916354356       0.73943597861126642       0.55093336076732469       0.50334384300123414       0.65238796250955478       0.58661402584014533       0.47850610350303480       0.55670500513579491     
  0.61829355001666675       0.13241957937987006       0.63958696538634874       0.58156687965171361       0.59184494598490944       0.91320122860828978       0.59959693453120300       0.62994680567148875       0.63423368452003803       0.57578475443822152     
  0.56618753486154405       0.55158812149797976       0.49363217494420564       0.51955798405201536       0.59448617035059337       0.41815170383953082       0.65767830988960529       0.59972875934885195       0.47908435274353534       0.53842231692081799     
  0.63420077429342647       0.14070988174432569       0.65457488201092162       0.59874517220975132       0.60586100182231095       0.91773575136766550       0.60817282633175740       0.64316283030593413       0.64834145305201007       0.59178471088153339     
  0.54895826097315048       0.46848385074833021       0.50345490275172411       0.62942781834384154       0.62843720027454997       0.46849731834878433       0.50972552131491233       0.53409787955325416       0.48330133497174810       0.56614598093905510     
  0.65063128519610125       0.14996026951182750       0.66972522062312623       0.61563026520025377       0.62010679740572172       0.92211707756115247       0.61678827495032007       0.65684430748841693       0.66220295243985283       0.60773682051938760     
  0.75310373584662638       0.51923310524422073       0.56539306266170242       0.68450784539042142       0.45944486807451979       0.47076459159382250       0.60268700797026564       0.58863733948798258       0.43651307332414241       0.52490526418098371     
  0.66600097742868536       0.16002295402260003       0.68412652285608921       0.63209330142965836       0.63537260209534330       0.92634583615969190       0.62496051832033550       0.67022425865269242       0.67624287670473182       0.62398557713715330     
  0.66297916817292180       0.47033109551997326       0.62294767186080691       0.65145476007392578       0.55190602834518732       0.49807226605005323       0.58262938660880870       0.47808279230550860       0.46314067479975590       0.59665958775086270     
  0.68072133963462311       0.17098768076805568       0.69876559253092396       0.64859424727633497       0.65141110017698889       0.93052219119271140       0.63297416941814222       0.68347595750882595       0.69020175920715310       0.64002605291295489     
  0.54912686100457586       0.50865023218455463       0.48657914993290363       0.55202166990866164       0.55445493582795802       0.58298995281977040       0.54187042766151949       0.47770546226290189       0.48600259495635445       0.55808020027703997     
  0.69524066078052704       0.18294633578716657       0.71326459039529344       0.66535460631133292       0.66820261627979205       0.93460583020967758       0.64110220671970553       0.69647484369905999       0.70455134322855173       0.65565344303970075     
  0.51145908738181578       0.51136906344611621       0.53483996046288651       0.53056677231807792       0.53465640250789770       0.52177028420290605       0.59635571705727053       0.46023873459338899       0.49983123762657045       0.52352937648639586     
  0.70994921773708397       0.19559644362682940       0.72791281546845310       0.68217663663126271       0.68524647607074995       0.93859278330754214       0.64918715164261287       0.70952202902116146       0.71925439983031114       0.67159013782230981     
  0.57208279694843178       0.51251362206944229       0.53461081632333163       0.57457731570621895       0.58547302305447968       0.54991689714050562       0.50682444252827552       0.54579820734437423       0.46940444749667942       0.54369869701734563     
  0.72485948831889069       0.20885332437957213       0.74324752521026782       0.69913542700834475       0.70275749068358906       0.94250811978387472       0.65763512743900865       0.72361122550088608       0.73464815774071024       0.68827275676824162     
  0.50408548049634583       0.45218436384975341       0.48316557443014124       0.64575967270843504       0.64077410336554608       0.49457712888939775       0.53155969458983476       0.42527577550815970       0.39490211552421572       0.61559629527849113     
  0.73958663560289495       0.22244988135058349       0.75828621316801825       0.71598454774689424       0.71948590402409429       0.94639911777175911       0.66644162341267466       0.73805207600516465       0.74990054400530348       0.70443833608314954     
  0.63915852489155012       0.47777398487975037       0.51726164549703268       0.59574717834602375       0.62230429314611480       0.51739196898424544       0.63406950022246167       0.59240552251112621       0.56538337002998940       0.52825714723316830     
  0.75449913372203636       0.23869225950915723       0.77248505652933974       0.73224816837656947       0.73531832722129897       0.95026561270480003       0.67466453652187897       0.75245748420852743       0.76522014099834312       0.72173325406006839     
  0.58491825426472976       0.55177498741112674       0.49967489656184766       0.56389712514439916       0.57636314702340152       0.57294546627179099       0.61995906204431150       0.45727969520988804       0.49126961190017804       0.44556840851880231     
  0.76945645816396468       0.25638660603746327       0.78637890562746515       0.74845456816848377       0.75161618315561551       0.95388480973585954       0.68287187335384236       0.76699675406628531       0.78059130347803518       0.73911088778617418     
  0.58375698171455637       0.54337001259987339       0.55915226670405316       0.60074835944885641       0.50333334140872599       0.45731549876731475       0.52035895536861443       0.51045683420989152       0.48344928233016604       0.56291806210596618     
  0.78308525573241772       0.27256639581045400       0.80002344188765961       0.76313520443376304       0.76745288505628229       0.95739592730498169       0.69077651909587823       0.78094554411187433       0.79737294400288794       0.75661679688036443     
  0.50611124566845045       0.57192432048537900       0.58271759608524487       0.67313450434871991       0.64496394097383347       0.50758319636709814       0.59488704858273767       0.50143852405297473       0.47928175319823446       0.52027591429931830     
  0.79678360541541693       0.28845843581328939       0.81389539590975313       0.77868248783761740       0.78382677420584623       0.96051021936373815       0.69885514275196925       0.79497121532859483       0.81415511533355334       0.77431446038423435     
  0.50270916489327255       0.52571667698658375       0.51486187508238435       0.51570452089376084       0.51593514139631236       0.58003851543195895       0.53035609871390355       0.46628585515020504       0.52728215719597260       0.49935621746046271     
  0.81183609315147920       0.31134121381362223       0.82851469193036920       0.79589802128456277       0.80083757782203790       0.96356727823038857       0.70749972575814624       0.80851665032868569       0.83000694648760986       0.78970077587964349     
  0.55380956295926453       0.44177868996757713       0.65331081010612979       0.63256948182472994       0.54705373528872048       0.53529010264733634       0.67255135252473586       0.55399441508491321       0.47965274021742732       0.49754082332670208     
  0.82680739386461111       0.33409905859817640       0.84301584742455427       0.81247314088496370       0.81751582389381650       0.96645383387151385       0.71634767258125032       0.82193499696401151       0.84579485712323921       0.80547964863222410     
  0.55556842860067512       0.54090073308701370       0.60528974464671892       0.57793692602186220       0.57775721586467654       0.60976039449887809       0.56691103006586396       0.45277123334177283       0.49741095995892065       0.56250740272945288     
  0.84223019895032381       0.36093642355094219       0.85664976640727020       0.82828245747075768       0.83346431548475175       0.96934574465455936       0.72601780699900942       0.83671437388499292       0.86104583496300180       0.82199103210038760     
  0.52928014160111625       0.47422045498510623       0.52459492597661883       0.45588642983179306       0.64516799582761408       0.49704106252389213       0.57139232814287866       0.46851745916697290       0.47500586972934195       0.59222726477982102     
  0.85717659623834586       0.39001056521845723       0.87035645745596291       0.84466098096093689       0.84941975185307672       0.97216090374482456       0.73590284040660214       0.85170549476371538       0.87626700060724794       0.83809246330122888     
  0.53140112247911864       0.60179648228221316       0.66666613718792600       0.65270326265552114       0.44323594454488735       0.63911343611449944       0.48356612420752237       0.64225548336894178       0.47611817006404777       0.49087525778618479     
  0.87274659044729330       0.42435207812105863       0.88457725202026627       0.86187458907795911       0.86433992348413846       0.97487125733538127       0.74666245398760933       0.86565557676025962       0.89102380037908657       0.85541805631171397     
  0.64644426664156507       0.62216964725901069       0.48248310309057574       0.67361268158917043       0.63883686082798452       0.65145385272925638       0.66809642546343806       0.47172342890884394       0.53446465406320731       0.49391940687054792     
  0.88811436117717224       0.46345427600576433       0.89871076528201155       0.87805395388992435       0.87933907083021667       0.97736808215073523       0.75733952446336772       0.87939245917125730       0.90554470948136823       0.87321535320516996     
  0.68068803220581464       0.50164298511354299       0.52322313123558994       0.50688516876046752       0.53034937559391759       0.57908127428416967       0.69733349397839028       0.62876530327841695       0.56991149249789053       0.63957853877574522     
  0.90256033772811428       0.50685936601878034       0.91133010403912962       0.89256165026686551       0.89406045014052560       0.97984911484517301       0.76965368443708537       0.89493752767825974       0.91986855554192881       0.89023696745410985     
  0.54890745871163171       0.62652018324009362       0.51791319784721701       0.49618265757355745       0.52415971633082425       0.61537458965546865       0.54768423386867593       0.55357575470143960       0.56434080300188705       0.53489892004223683     
  0.91751307948075356       0.55845294361012054       0.92411429677222812       0.90712175665332329       0.90870951973533109       0.98237044764566794       0.78227144019557759       0.91015524735656061       0.93390675506455589       0.90682316287303510     
  0.48062182554930161       0.50237629274833917       0.57406239190621666       0.44280457750832114       0.56052403004838902       0.65192901861418617       0.57885410190838327       0.56877593420018735       0.67615147189718627       0.54140798702782700     
  0.93238954869183532       0.61523441098060805       0.93666641924921212       0.92231960535160296       0.92143362664059136       0.98492330258486482       0.79869203570928837       0.92505069686803221       0.94731252511876363       0.92156277660878338     
  0.57112683135554909       0.66476047655652581       0.62327400245283837       0.64218881105126924       0.56301856504761882       0.59338909929819528       0.56148849671370271       0.62449505381885329       0.49926657795262019       0.54371539409952252     
  0.94796899707766347       0.68803617680147655       0.94937118105151097       0.93747646140548846       0.93454898122498420       0.98749057118361760       0.81671148324230192       0.93987467783747791       0.96090967094963498       0.93667860303701544     
  0.54801988850692984       0.61014422015596437       0.56363939529035290       0.63607658956843294       0.49153701583752446       0.74054851874770511       0.55845099039687363       0.65170600486375785       0.46943342769497470       0.52422413572801574     
  0.96027224337536088       0.76225152039814104       0.96174609901892705       0.95252721353034508       0.95051969781343026       0.99005319011515414       0.84013111035866872       0.95535803913828821       0.97231414743456235       0.95238946029699667     
  0.51595531006444917       0.63640838123059829       0.47706621356057749       0.65868602665385001       0.54948901017365337       0.72412341936776192       0.70235760390334989       0.64316053201177781       0.62263672247738822       0.46740819156060326     
  0.97229117893019124       0.84294853418521010       0.97441170278809530       0.96812595768629250       0.96650506567851135       0.99265889506138982       0.86753788462559678       0.97089817986965332       0.98358206897694733       0.96839724670135274     
  0.58613222471060555       0.75549544737710039       0.57813514351462303       0.60197497950605794       0.81479317060228151       0.79178816346951808       0.58753176635152660       0.69856253812332048       0.66073868814467385       0.76143083695638547     
  0.98632590634498440       0.92280673919937328       0.98711793715307694       0.98401497087007972       0.98332522614217410       0.99620241143360400       0.92170563136440098       0.98526147169931111       0.99193046184688138       0.98434895108363485     
  0.53444052865537073       0.83805150739854384       0.63054392937297221       0.56623921422747348       0.53892742580766806        1.0596377025532782       0.62639424240373942       0.83064330128268238       0.55897469471654593        1.0284837756646754     
   1.0000000000000000        1.0000000000000000        1.0000000000000000        1.0000000000000000        1.0000000000000000        1.0000000000000000        1.0000000000000000        1.0000000000000000        1.0000000000000000        1.0000000000000000     
   1.0895448491014992        1.9865301694975979       0.64663062645357072       0.81786793593223095       0.63107378235711564        1.4585437426828105       0.38555733474440551       0.74426179456608121        14.044088828497671        1.9141579090732301     
  -14.775067335535693       -20.305762573618974       -15.313964397992473       -14.144405247365549       -11.108373545291832       -16.466668292115745       -6.8885697372186705       -8.6626307350672143       -12.866783537920142       -13.676684529607490     
  -15.061839872817089       -8.3547649990845319       -15.267463929076614       -12.366781808031975       -14.077324356933500       -7.2776937093049430       -12.221686367004873       -13.079367675574712       -12.876613736271331       -12.824369644419919     
  -7.9221875226930010       -5.9247418489195747       -15.005907276244509       -11.336348393260606       -11.944754493808970       -7.0629980651812758       -13.992931058550075       -16.229251579809848       -10.028316505598124       -9.5791325907520672     
  -11.795638146167100       -3.1486464492049411       -11.791918344613858       -9.0840428414976948       -14.014272980350919       -6.1661919849297044       -12.588451028205400       -10.022096955489703       -13.715390473434121       -10.200629479385251     
  -9.7127249904281463      -0.77972031132367248       -10.932510487887168       -11.435933126057881       -14.362673854700340       -8.9322136125000160       -12.110655291564711       -11.444011518001886       -14.127984040019388       -11.119489586609570     
  -12.321580377112696       -8.4031913586484777E-002  -11.076087350090672       -12.088176875588200       -11.391903531602649       -10.444676896488245       -10.804656121109833       -13.603301480450265       -12.109375682712049       -11.224617796321537     
  -14.169660192938855        8.5923334489377901       -13.139119988988783       -12.041302254672033       -10.549778582206258       -13.531476062335082       -12.991510909346205       -11.269727770387574       -10.288919892350094       -14.126499718326153     
  -11.924967302802463        18.312699890159486       -9.3595887172718992       -15.177463278291199       -12.429808948187349       -14.237658527145324       -10.089739199368873       -12.830852836909129       -12.684437450289362       -15.661701033922242     
   4.9105346053902833E-004
           1           1           1           1           1           1           1           1           1           1
   7.3718472659792573E-005   4.0480868000307161E-005  -9.2445306965884114E-008  -12.917543920300979        2.9951933139686626E-006   1.3290597254427691E-008
   2.6201711374688927E-007   2.5804536562807020E-007   3.4512409902436201E-008   3.7896780215935788E-002   3.4462154103855792E-008   1.0435915165769707E-010
   1.8437687801879817E-002  -10.869707255627876     
