   0.0000000000000000        0.0000000000000000        0.0000000000000000        0.0000000000000000        0.0000000000000000        0.0000000000000000        0.0000000000000000        0.0000000000000000        0.0000000000000000        0.0000000000000000     
   2.3339378132875017E-002   1.3814999988907217E-003  0.11998380749050253        1.6229658823230887E-002   1.5087218057623541E-002  0.11206548338096665        9.7761099109708260E-002  0.10502360022320467        3.8434757576232048E-002   1.1098390533575447E-002
  0.61228161983091745        5.0560421009202834       0.57939052062608842       0.65946540759340322       0.80220338749331754       0.38395541168275221       0.44536463831531453       0.56120787683429540       0.80359674024343497       0.50048331129815948     
   4.4322200358469864E-002   2.5700028980373758E-003  0.19842337428944434        3.1973509399203744E-002   2.8075446451353112E-002  0.19120033253575747       0.15697394373340809       0.17868715781921299        6.8348232587762764E-002   2.3037000151544678E-002
  0.78283508930764789        4.0932508115861834       0.99873147249155492       0.64086974173477917       0.58812344826161189        1.0304277956856442       0.92891128860231420       0.67582982049010520        1.2138629766441213       0.51328950410785001     
   6.0938048947596260E-002   3.6311175773105220E-003  0.24723931980685038        4.9555416621560641E-002   4.0470692796943264E-002  0.23676259684212181       0.18223336458797990       0.22373314414161297        9.1239246046664377E-002   3.7253699028357144E-002
  0.77249975766633938        2.9714384850355260       0.73189452569042102       0.93865023660369695       0.61274846471470656        2.4954488137293449       0.79333483645021841       0.62670024651459277        1.1324593721723555       0.49059921575075122     
   7.7240238006597767E-002   4.5577033189344845E-003  0.28707019539935269        6.7916494799911117E-002   5.4475307907128102E-002  0.26130998696825458       0.20447687615403815       0.25637939654947761       0.11189028773590463        5.3762397818096809E-002
  0.62236460587284470        2.2222548431794311       0.73859904460857639       0.68309591003626080       0.72848396229025703        1.3844888878279551       0.62870767895793889       0.73142482835922418        1.0308021445345694       0.61492478269942585     
   9.5467489677665412E-002   5.6874408794801833E-003  0.31913672782195285        8.3181441871671244E-002   6.8790659544836180E-002  0.28516951436417876       0.22182692501474593       0.27999386092009276       0.13090561778725787        7.1050016790466186E-002
  0.84728924719071774        1.7729881705329318       0.71811791971127548       0.78409087765193064       0.81767524915598055       0.99551575302287620       0.61068614800620302       0.57841693098910407        1.0120522945003561       0.61696906783399885     
  0.11396419695741564        6.8850953332045819E-003  0.34797964481276572        9.8953465792660275E-002   8.4731331852566510E-002  0.30384061753852942       0.23921692441023476       0.29930224269384748       0.14883856710262378        8.8941487681284487E-002
  0.70481094199460081        1.2786462410423114        1.0299452375770779       0.63378893660402746       0.82200240653568801        1.0805667364464022       0.91802022091168023       0.56851454445735816        1.0252902991902588       0.54471189945051102     
  0.13078442543451940        8.2744288142947691E-003  0.37533318444897584       0.11432963840937999       0.10313951142888880       0.31998831298772473       0.25525393495828086       0.31890859173454494       0.16544769087297520       0.10672268718619810     
  0.76662147553082571        1.6001177517230185       0.64088493178160744       0.60366573257883405       0.92955688061552233       0.80253032208573072        1.1219909735384288       0.62853306260270858        1.0147889921103965       0.58811697117529671     
  0.14522235683002438        9.9061695580315891E-003  0.40039302921492792       0.12977083331557746       0.12006077300984906       0.33656459874841582       0.27053148501453095       0.33832877166143427       0.18354302899638364       0.12493872045984458     
  0.62970925145573309        1.0108671120221560       0.74950189894392272       0.82749136161348291       0.90784785276193258       0.92055393545308972       0.83342930405571836       0.48445545212446423        1.3215557592291249       0.60333597390055216     
  0.15627840518265509        1.1703470095436170E-002  0.42230086805924094       0.14358513575091447       0.13522938340194532       0.35254993957455194       0.28509316646770189       0.35672417469790324       0.20220545970321568       0.14412388488019737     
  0.73614169242708083        1.4829795345658172       0.77574600805288352       0.67670510736151024       0.77253866388020165       0.84826184994141751       0.75257797857457298       0.57348986726495543       0.65841650425209020       0.60229355787909666     
  0.16862436041127571        1.3503087863658107E-002  0.44336979806903115       0.15796952047603297       0.15025050872670476       0.36770627943485185       0.29760721731588080       0.37282128106560714       0.21975840270083319       0.16321222196529322     
  0.73935980823491532        1.0151938763716808       0.79310571539028352       0.69162909069415202       0.61055140114837758       0.78843304639853196       0.77017915654104963       0.61004477745634056        1.2971875153545871       0.64938471646859419     
  0.18337824364880601        1.5232820830642840E-002  0.46354044360606295       0.17345309210242585       0.16595617777647936       0.38181799939438060       0.30861452794516669       0.38559267293886174       0.23593723403631803       0.18091856585973745     
  0.84435702786052513        1.1286763739668815       0.74607864501832089       0.65623433343983151       0.65524809482570934       0.71228588445267604       0.81928517659169597       0.54862069432726068       0.75628874065555030       0.81897668841051274     
  0.19816745736674127        1.6961454480095957E-002  0.48319017890318677       0.18912370453519847       0.18278106929777366       0.39520779971059911       0.31904101674531732       0.39814959674608319       0.25112097448892623       0.19769571609112363     
  0.87528721001544552       0.90175062638647563       0.69517684803491064       0.66651318908275292       0.79659041645231543       0.83397879801160602       0.70673386237009261       0.49723428680296311       0.96464716314566723       0.59127108421058305     
  0.21299487437715245        1.8773960830276413E-002  0.50185325507307432       0.20408155872184514       0.19937962416917607       0.40825620262142670       0.32906198489650906       0.41327780786395341       0.26601279058970362       0.21504794792444304     
  0.87764335272706828       0.87086840849494207       0.79706793287715583       0.63835238551889018       0.78707536908272713       0.66118187482310631       0.60067693587524829       0.60311804793275259       0.92536569483033548       0.57905131436541668     
  0.22798541732291969        2.1150834246339806E-002  0.51916505990376804       0.21908512331225211       0.21586028749471617       0.42106017731028766       0.33959625286408107       0.42860386326599148       0.28216115041341805       0.23258085048451843     
  0.74179098312868585       0.94312516091482557       0.71862004013319380       0.89046759261636910       0.73286087093239205       0.98082273860063307       0.74149161161545285       0.71667644988699264       0.79887059778614067       0.62135745467301728     
  0.24353905090473574        2.4255350342730957E-002  0.53540431510759046       0.23479764695316191       0.23240802721520204       0.43340644056531652       0.34996872927305767       0.44397974403055041       0.29928328089393180       0.25048793131461466     
  0.79172090044367849        1.1488595142218849       0.83464335043778626       0.94788554609030129       0.68709839151127972       0.80990291549103821       0.86581034716403138       0.71745246491844406       0.96828174547767365       0.65872644355409837     
  0.25972108580168835        2.7704294614770301E-002  0.55072586588598349       0.25132759723791004       0.24868415665438906       0.44549912937865749       0.35947609928117186       0.45893089150349126       0.31686224432884497       0.26861717123199585     
  0.58478713217918998        1.0330254110545762       0.64733047879100336       0.81639159878696721        1.0834319387780857       0.63979618240129543       0.82460636684500399       0.65818421958829998        1.1070750202187567       0.62673415150670875     
  0.27632323803269165        3.1736311118930910E-002  0.56537216368148946       0.26910035236172380       0.26399724641913019       0.45753697366962692       0.36928938119982085       0.47369034151164707       0.33531646806543186       0.28515167513266282     
  0.94277782622112549       0.83682938698433529       0.63091201928222040       0.83211916736406255       0.94436753023812292       0.76501982267560298       0.92436292895423711       0.74338985520268042       0.92026867826800329       0.59919515036883852     
  0.29392777340021381        3.6546485623605657E-002  0.57987483562645392       0.28657097538698734       0.27971853328351093       0.46956611427444023       0.38004619628882952       0.48679565761923038       0.35327209740518178       0.30165898884658449     
  0.76413413198541680       0.97031327415697921       0.66564778245772760       0.61146105172096155       0.69697311827940633       0.70340658444243820       0.87220427660611566       0.64392072748210338       0.88134704287552634       0.50298183625270954     
  0.31117770322937793        4.1905030647656917E-002  0.59339626689368141       0.30310943560262388       0.29651666369052110       0.48115470023330031       0.38947968811427575       0.49914174401105649       0.37138546438453557       0.31711490294341771     
  0.75923367820763943       0.91837701514720516       0.79764555783766911       0.68211492185945377       0.75513543078538592       0.87238962526542374       0.57124932517974947       0.67472505477342937       0.86257106869440403       0.56306644555364826     
  0.32847152317781148        4.7857601974327951E-002  0.60609367070552089       0.31983864902513232       0.31387951855283064       0.49238238127485856       0.39885451577760539       0.51123664213453146       0.38751252766345001       0.33216231297014659     
  0.82447195079948687       0.75050583651890335       0.51773967610356719       0.70238372221882595       0.80625232511602873       0.73487768836031786        1.0356382232567809       0.70769363343261560       0.86045623280871097       0.51298281808102275     
  0.34635216502994420        5.4704445884182988E-002  0.61821435363860522       0.33442476187482878       0.33127995291800588       0.50363637511663550       0.40786173560012745       0.52410144360233391       0.39918155325960386       0.34710441506587025     
  0.69108243508652556       0.67759300568640024       0.75186666233323085       0.67703997794154214       0.72240359918556563       0.79761109861482193       0.74451851528571422       0.75879162013964940       0.59410329636641857       0.64126220187645733     
  0.36309799258684455        6.2316864267860421E-002  0.62914277570532884       0.34986104577573013       0.34855280991191229       0.51518045743752761       0.41696736223127107       0.53794956104764480       0.41320816502796909       0.36299635040309780     
  0.67810190482648369       0.69534518933637812       0.76495820646496693       0.73019017011818899       0.77489720684608210       0.62298133945794198       0.84838573871889256       0.84902853434013026       0.57234230967911026       0.80261197306985110     
  0.37973439334615677        7.0726456933270537E-002  0.64004949210472606       0.36464248242636466       0.36600963282583643       0.52766509228611436       0.42643370912745521       0.55172899182632651       0.42955927748426109       0.37920160649880486     
  0.70682412261352767       0.64046977053336762       0.72506544026230813       0.61714735241439467       0.76380038019592789       0.63827435013256162       0.78480986971437494       0.69715490846814798        1.0243537477214044       0.63763874495839556     
  0.39512840063709886        7.9021772110237434E-002  0.65068637066523771       0.37883783612264488       0.38385324699975637       0.53941247612315013       0.43529474252258155       0.56380456784268818       0.44582207151939784       0.39573574970449549     
  0.67193401914828965       0.64465266596386295       0.98166731867497681       0.78112088780192568       0.72984868220894505       0.72069001699965396       0.73158265629446917       0.90974723491871656       0.76710059088546390       0.85626808085520478     
  0.40952402893733902        8.7440005162666923E-002  0.66205195884192813       0.39253768733296379       0.40120698217298884       0.55140569934162587       0.44514943444755201       0.57591467759087789       0.46238453094799381       0.41187928624132847     
  0.57712092801100912       0.53086832310585219       0.60963431026028081       0.72032658676267203       0.88536321690107134       0.77467643839867972       0.82169760375070644       0.60085520177010154       0.82694285278666158       0.57001400762619103     
  0.42301379452455878        9.6652679054046564E-002  0.67357443201619993       0.40557366769884667       0.41824082071539181       0.56331522177854665       0.45547928963600420       0.58901041360560258       0.47931619916339391       0.42737303840533325     
  0.82197650333751993       0.69971816528542186       0.66794174254309446       0.76787275178153036       0.81469140311154342       0.82225509244482664       0.65015580939565421       0.65338929831042480       0.84577751466750772       0.64757967710669073     
  0.43827178351921586       0.10721599114301940       0.68558306361470278       0.41927481196789140       0.43341164452275982       0.57501187034721291       0.46605751516907445       0.60206408374575082       0.49605708057950393       0.44032846570385753     
  0.76109899185287233       0.57321917718998427       0.90749726040569911       0.76718338312505574       0.81613918878072511       0.80925636790722666       0.80012199832464315       0.93267773868981740       0.88719329070710529       0.67377328949228965     
  0.45466634341113832       0.11963839872671550       0.69751609066719933       0.43346658349190631       0.44811087347002926       0.58435564433353859       0.47692196981424551       0.61505442649826014       0.51202568288070727       0.45271360456352000     
  0.68906558830187392       0.60810514521412407       0.67519741130684940       0.83354850290210236       0.73511412788822161       0.66424938475058115       0.79063218382718059       0.89272285688360797       0.90437881030045197       0.50745817766270451     
  0.47105282664678028       0.13276285215028283       0.70828793641672916       0.44853724209210455       0.46300809646129754       0.59309079770178219       0.48734785845827167       0.62803511868702255       0.52653887999011684       0.46487799468629015     
  0.83447410187638216       0.54169328649547566       0.71316572613213747       0.57216572047446035       0.77680091446837163       0.77920770222570002       0.65544485572943822       0.75982493633675552       0.62936025651802985       0.57374299253310368     
  0.48678883018235947       0.14669081192794015       0.71952575807579977       0.46476844992932098       0.47872746101611768       0.60434871583324423       0.49737208728336946       0.64031470656058365       0.54030354830164762       0.47771276621524378     
  0.67794096895235023       0.52488394246115855       0.76586158077728139        1.1202053188730436       0.56645281121735469       0.61369715176282058       0.61929686513860394        1.2742677136294334       0.66334067601585256       0.92811249941816898     
  0.50237508174953505       0.16172183042986646       0.72892148168676629       0.48178818948777419       0.49515620482513523       0.61492509267297668       0.50629397798877873       0.65202082953060270       0.55406660347848025       0.48779973473212213     
  0.67499008038294217       0.51762270091077456       0.78703316572321447       0.78939419776432229       0.56718829152561856       0.67466437506478916       0.73531500552455820       0.88669405547653501       0.73734178583197174       0.93903880086107061     
  0.51908429615684004       0.17705576364475076       0.73785659316282592       0.49821052040222513       0.51161417286016286       0.62575877783856126       0.51523501550354311       0.66359319087488455       0.56782288518195234       0.49475657586293409     
  0.69263844333856117       0.74538572379335211       0.75847764737463808       0.66497581452020516       0.70248183130288855       0.65989008250314019       0.70653400727753224       0.88582546164936837       0.64142398523273803        1.2468144852271681     
  0.53618152000190167       0.19249134681991534       0.74669742732761490       0.51307910433706194       0.52733018249549868       0.63633800272729824       0.52431669685245386       0.67552168075585128       0.58185371618348392       0.50040363495956541     
  0.78789673352642342       0.48913283633214361       0.68242117888620868       0.66564276663197997       0.60505671322036192       0.53469071289223924       0.61323418673561347       0.73680223814579227       0.68748873197126736        6.3175102181661780     
  0.55277165333345968       0.20879567471729046       0.75492595782714589       0.52770621693143460       0.54151468579460671       0.64684058253389742       0.53389092795315640       0.68813271931840159       0.59543545351331761       0.50584817494398748     
  0.74473849322804919       0.47257270014313241       0.73651710560486838       0.56170325901117368       0.79054746632589590       0.79017804589092677       0.75630475434303934       0.92051403481389305       0.70998958129108614        4.1228161670446566     
  0.56910197423755338       0.22706849871997270       0.76313925239153357       0.54312884691077790       0.55348196852494913       0.65708706705889919       0.54419742856128206       0.70056746318342533       0.61023037522434609       0.51210695508823711     
  0.73761007061880024       0.64610681102831069       0.62651974225003504       0.79516133501981223       0.55825830509981622       0.65234569974838452       0.73921085638616368       0.78483224543032337       0.77843927390077816        1.4212566060431813     
  0.58571274195605683       0.24787636006442981       0.77155810627304311       0.55888221650773473       0.56601298595309379       0.66707817962881444       0.55387655710937034       0.71229396952583246       0.62475521020467295       0.52027641020494908     
  0.94287721633188393       0.61240999520174777       0.75261138064575461       0.71839706506787782       0.59983311397053518       0.49780262362913130       0.80912134992444285       0.83315544744696857       0.73274913307903844       0.93742840060224242     
  0.60250968444150088       0.26905287080944146       0.78104946169083278       0.57412234612960578       0.57863408285944895       0.67783299779159523       0.56373532548715966       0.72362452208608286       0.63939687496967801       0.53150806212105117     
  0.80904944597444217       0.63176690321323570       0.76913214561667098       0.83241989646638326       0.78733449783492193       0.65720994642872910       0.96959639459270242       0.77297573540493902       0.70437889504615947       0.72017956047944909     
  0.61885994416264467       0.29019481952367743       0.78995281978970999       0.58833614646786370       0.59545373708816796       0.68847547766980377       0.57329732659739885       0.73444083486344258       0.65387222226586994       0.54440462906326637     
  0.62205681415492797       0.60811681057075428       0.86191710869486426       0.60235045579189439       0.68947700678421764       0.69621534704021748       0.66374531245100876       0.62012974359599393       0.62635148647802408       0.68274619092986943     
  0.63508658525883366       0.31134129358967699       0.79854224210045988       0.60136310856386876       0.61259741545096125       0.69774781511867301       0.58512470690577034       0.74488039074037471       0.66772876864694763       0.55906504227766163     
  0.70639126759499782       0.60773936909060244       0.55406427336647912       0.67123370992497833       0.69702592366787264       0.83289969859482293       0.64176107241305991       0.92749950322437869       0.56629014296644919       0.69574310297334274     
  0.65232857184752513       0.33282625136608945       0.80733218145464125       0.61317565771697591       0.62913274672462649       0.70723762334735041       0.59575352379705415       0.75579694037581158       0.68080299975106395       0.57431673096206726     
  0.82481121507843425       0.60521091737946431       0.88711966176954005       0.58912823945972359       0.64865455110843151       0.56847108773802724       0.67866912825682701       0.80056998514635203       0.58010044231094449       0.70886337975404257     
  0.66808906873450868       0.35552476287514456       0.81564488347578878       0.62467194841052642       0.64541339284921584       0.71693406321307429       0.60644333270441875       0.76684524143848243       0.69382641588817018       0.58926400836648352     
  0.55576928742796716       0.54076712253910775       0.81215253460368408       0.62837406472811363       0.60137768373559186       0.55451110739203879       0.78765418763420447       0.74671846120076457       0.61670102821452211       0.58383495875327729     
  0.68216825114603508       0.37946395703790203       0.82314118838442774       0.63798038794599787       0.66108451083342445       0.72750649334716611       0.61748814944403863       0.77802957782496251       0.70747081271919521       0.60361793180961820     
  0.57645523041788393       0.54988196345398643       0.67607563287624439       0.68464651907190244       0.76464851646344090       0.63857719798665147        1.0471155635970288       0.79987305724971303       0.58910266326760985       0.77872381457841988     
  0.69533898594453114       0.40229121142414559       0.83015359311664205       0.65216262467483699       0.67781517158500704       0.73843962328125523       0.62757884173940592       0.78958908255281568       0.72262040814896322       0.61766690219075482     
  0.71893715415071779       0.47585066486575722       0.89280970266725956       0.62701085551611124       0.74669948669803110       0.87733003367946660       0.74496406631978906       0.72759088262878757       0.64639386723618941       0.68032933225936132     
  0.70901770063135439       0.42381030153066335       0.83752687742758591       0.66858062464624468       0.69466057579337714       0.74943838423166320       0.63813719010369452       0.80103934511505248       0.73520987674368310       0.63285189052661939     
  0.60380907900742598       0.48468850984306083       0.62441946707155671       0.63333578672925828       0.86524972029460778       0.77836337611097717       0.72061530867411228       0.81336422322440971       0.59262992402613091       0.75514268173350407     
  0.72405021546797355       0.44619558804404463       0.84502278061018354       0.68616480458944984       0.71089096559481846       0.75955872924761381       0.64595071825374850       0.81224435057974409       0.74607236109903341       0.64951293997069937     
  0.64944626121606941       0.44251919596735373       0.68031218299776075       0.82210183872297637       0.71108162402321062       0.58894355686608924       0.53461064495537380       0.65428751937402241       0.62308808209907163       0.59105931077453433     
  0.73902377821464205       0.47026321990099890       0.85256803041842610       0.70453539388199660       0.72693296254184991       0.76970847226983086       0.65244039727847947       0.82399085806763073       0.75831495969775942       0.66650293107030512     
  0.66950573360529886       0.50273476124538474       0.68284769697688108       0.72584517813818472       0.76072039073930386       0.51624042336639930       0.54772321503584742       0.83494959025505677       0.53971497316467243       0.65805253859242463     
  0.75420406725032241       0.49413781373628884       0.85995714023994940       0.72267529325368096       0.74159639628100416       0.77902554222926668       0.65873504117677284       0.83478054833275805       0.77256666893069970       0.68451069636310358     
  0.58323827110120774       0.47879641893725622       0.70460080434346162       0.81194421639186076       0.61804681672586159       0.60771909801957791       0.44104894979218678       0.85760334790291004       0.55310890280231073       0.55551858845856350     
  0.77071816802845927       0.51761300471909821       0.86717394961652172       0.73997224846137566       0.75683398847255579       0.78878875443188901       0.66691778917695110       0.84367907797958763       0.78568573692952759       0.70277603487045670     
  0.71574410257315924       0.52400162270395878       0.73989137888136736       0.65133063867941043       0.67665953889143093       0.63932028033252575       0.60655429621137491       0.55282152473344259       0.61266570509657781       0.62578416776401291     
  0.78516770334235597       0.54297206656865704       0.87430488303685860       0.75744139125346754       0.77195433531369395       0.79965668378633981       0.67811054135572391       0.85221384094216013       0.79907051264637952       0.72057971827143308     
  0.65840333172943877       0.55718076010118522       0.68061546760266434       0.70085530215200886       0.63005592657687537       0.77362651471517785       0.87585446835968317       0.67070955904101581       0.58404120888029254       0.76078493301749150     
  0.80030123253024277       0.56968108211085178       0.88093949240639113       0.77284042735344860       0.78588580233555050       0.81164414627224168       0.68992434871370656       0.86118628033076028       0.81191351518348098       0.73838255657999230     
  0.98112302537722296       0.52191532534471519       0.65891758985642479       0.60817977509181531       0.65719603533931581       0.77417442695813299       0.77096145538984995       0.58421883382278939       0.63647853787737330       0.59691525147352720     
  0.81780761046955297       0.59635646563467326       0.88737924242708488       0.78700218874425965       0.80018868776818153       0.82335932668439993       0.70132928707068687       0.87130779223706767       0.82530998697291180       0.75617428811468734     
  0.75217913099875888       0.51898072341065471       0.70540692696104623       0.81130419899648676       0.55281294208352505       0.65240926114375120       0.71950641321618169       0.84040681992926358       0.43969976503197489       0.84150996410230261     
  0.83257555810302453       0.62284613157483160       0.89361080000525350       0.80057601975243575       0.81598618335061690       0.83449558641921773       0.71204944171257467       0.88166246458246644       0.83896712120715777       0.77401918181504203     
  0.58945461735731830       0.50775620144744815       0.51445488046976573       0.71905220237580336       0.67730916818470177       0.62609901325405015       0.55353176899900447       0.76564997455466188       0.54289099539273056       0.80846104500361671     
  0.84736102624810572       0.64898088548059352       0.90055109174740400       0.81325056753710767       0.83214209381727544       0.84537559555222042       0.72266814450297201       0.89136709075413767       0.85298120427332791       0.79327619312320596     
  0.56137232793617220       0.48313986691922439       0.56690439342203613       0.63987133280703667       0.68158757111784496       0.68615473681971673       0.63853312157572151       0.84586504544963492       0.57699207082401949       0.66376531520735382     
  0.86217223204167781       0.67577455746894133       0.90873009717533892       0.82698654105744018       0.84761471688463186       0.85586628823743882       0.73416022379919577       0.90059175231120703       0.86707932536123256       0.81268985056084631     
  0.60766168448291147       0.51489112693096017       0.69162074888474079       0.70532555384424478        1.0551490220435145       0.62222894486253688       0.66906995820057380       0.77130649433143061       0.63567390628032916       0.70190556379952873     
  0.87790202108552695       0.70335848743094709       0.91723917515680853       0.84208269660501811       0.86365168538830539       0.86678779484164670       0.74677502606829982       0.90961851517798598       0.88076581257201181       0.83048531106704659     
  0.69750515549462311       0.51831794792022434       0.87842335218551049       0.86818943749742383       0.63930193073072783       0.62909984590517498       0.66180049767671345       0.65062065896569865       0.75374823332435481       0.59212014997672990     
  0.89335198517313441       0.73127765473051487       0.92583085660199038       0.85964298547357842       0.87819722745642237       0.87699061466608241       0.76090064571843075       0.91885194787670832       0.89443891572896050       0.84816861295660806     
  0.80351267314725594       0.50123609979036854       0.76941096008918708       0.91847297586625665       0.95058969465043008       0.57658949916039570       0.93716844900238350       0.72684373478120534       0.50843947384505028       0.59187923848575597     
  0.90784032893721867       0.75913145591309761       0.93411277438458684       0.87766449750041198       0.89156063167373356       0.89015239186707551       0.77525912540325337       0.92906225555277033       0.90779281949528046       0.86828574883147192     
  0.61171628719711635       0.50555919905938695       0.69730463625827988       0.82295957379692175       0.80961670849513379       0.60058112364940019       0.70568054462969820       0.70920533120342244       0.49933360909678365       0.81595379677106994     
  0.92109620671270609       0.78781592502676756       0.94229279227721774       0.89501919783603789       0.90429783767761152       0.90408219809632140       0.78885487425897316       0.93977820113267974       0.92162009060970407       0.88660236787143909     
  0.64979347206552029       0.48459604867354594       0.65877111963153379       0.85993465879267406       0.66314179258646166       0.47662283189644422       0.58603221241686121       0.81471470383059663       0.47026044892071384       0.66119877615246692     
  0.93406002845346636       0.81716675240251668       0.95029699452719751       0.91288342692580349       0.91828516592044307       0.91654523043870251       0.80260556279708639       0.95036412321982122       0.93436308413989488       0.90529263120608283     
  0.70737881043324013       0.54923514569183929       0.59860803443078658       0.69383602123920451       0.62369257480081464       0.99903769015106003       0.73985290590777730       0.66230686291574792       0.48128116656932673       0.85019127130574434     
  0.94758981841519663       0.84665298725332228       0.95807702082708912       0.93140629895299643       0.93297269261663685       0.92795860198660785       0.81755227869581670       0.96071733967041528       0.94786678887605447       0.92430190020307512     
  0.63440146708740852       0.44368344458278769       0.73084083401532540       0.63713785910702680       0.62540545035075334       0.65649828028105295       0.46343693003249209       0.96672501483881657       0.63606407653300290        1.0159252148812190     
  0.96173047293239744       0.87824634563172621       0.96608709867353948       0.94924713704750940       0.95007580596229679       0.94236037086671309       0.83663832709796215       0.97103047636702777       0.96144312240471586       0.94379821815571641     
  0.83657549701524248       0.48253244099240700       0.72591382982018271       0.66629060916201921       0.78077476122247702       0.57392317246714708       0.81043457532364083       0.64903914866688450       0.42607736115060807       0.84902237460448793     
  0.97636990010545555       0.91074332786205359       0.97322087567212789       0.96621404034462299       0.96757007751762669       0.95852602598151404       0.86064820081637872       0.98137091961391176       0.97502615989338570       0.96232956618129362     
  0.85851153850041950       0.45147200309737506       0.61690696015207624        1.0161623180726491       0.81902928132034691        1.2240259826965583       0.81107765708649782       0.63469644643192447       0.59419645726743642       0.82158302323905263     
  0.98816560215482330       0.95190781737308527       0.98682563609765384       0.98308604344043837       0.98366011921295404       0.97748044129877598       0.90941010213291662       0.99089095821212825       0.98743979989668396       0.98138365288251883     
  0.84656036277012980       0.54790861229518706       0.87759231167953478       0.75230837446072962       0.64986531993525709       0.49854344989224647       0.70630264516873797       0.83589846146395497       0.45154805891163197       0.72257623158115247     
   1.0000000000000000        1.0000000000000000        1.0000000000000000        1.0000000000000000        1.0000000000000000        1.0000000000000000        1.0000000000000000        1.0000000000000000        1.0000000000000000        1.0000000000000000     
  0.97833800089833056       0.46195456633112403       0.75531237769279225       0.68472006677407260       0.50011779333821416       0.52950710364210452       0.51853257965939692       0.82809045313947205        1.0207008543395828       0.59243801192237822     
  -2.8587169635513443        22.691075354877178       -7.3709228340275992       -1.4536616404477232        1.7235826799082354E-003  -4.4905274086238558        1.5732241533632407        9.2609486996043024        1.9313699292338833        1.4812839181555326     
   5.7311561369612356        3.7092691798309292       -1.6987236333291700        3.3682726011069062       -2.0713138295103728       -7.0819942783651948        1.4349582021836114       0.97036971481987822        4.1896459994632052       0.23593492256626264     
  -4.4614328204391622       -1.4634327862271399       -1.2772403779178014       0.92640472922893546       0.14497533652165195       -1.6724967816224945       0.16428753937116608        7.7489256881887396       0.48304540660589501        5.0994051617964464     
   4.2093732386516329       -3.7260669516679790      -0.36617696572346803       0.24833881411282299        4.0794470771803217       -3.2750003746038897E-002   2.9103067726755514        3.9178670860291200       -1.4208054877948608       -3.7303475463836788     
 -0.86659862849822789       -6.2977723563361963        2.0584860310734383        4.5609120408125099        5.1314826963242481       0.69840575970657104        6.0144514532215831       0.82263783088410491        3.0138596316783359       -1.0102910749694956     
   1.4367408468312846       -9.4686029042660582        1.8873453723443092        6.4543995470826507        4.5395275295556967        3.1093556672445470       -2.1280674826529498      -0.40441389313668780      -0.44929903931426263        6.9135898516120635     
   5.5999400193653832       -13.603224963071291        6.0904352127109371      -0.56045247414745625       0.65566900729443334        7.5844529893248120        1.5033914972648346       -4.2477294530754577        4.9971954765850493       -1.1881907190086964     
   1.8315187445810848       -21.841351204854462       0.45162613600212231      -0.46935727493310681       -1.1312945727637955        2.2970772632872074        1.3206732439994198        2.9128348883547068        2.3844151525020836        2.8430508249915967     
   4.8684649711680891E-004
           1           1           1           1           1           1           1           1           1           1
   6.5220757386691004E-005   5.2746960918592600E-005   3.3827780846166628E-007   1.3256555295080017        2.8373500282833737E-006   2.6575112919996364E-009
   9.3125234960876515E-007   9.6948960841842241E-007   4.2589532171215471E-008   0.0000000000000000        4.2574427636851636E-008   2.4485506974705310E-011
   5.0000000000000001E-003   1.6825966696598376     
