   0.0000000000000000        0.0000000000000000        0.0000000000000000        0.0000000000000000        0.0000000000000000        0.0000000000000000        0.0000000000000000        0.0000000000000000        0.0000000000000000        0.0000000000000000     
   2.5063993082809280E-002   1.8729113462579029E-002   1.6443707137775244E-002   1.7848622186082731E-002   1.6940927505962239E-002  0.19890959971798511        9.5091629745206185E-002   7.4530568884467005E-002   3.5099233849785944E-002   1.5027514505832455E-002
  0.33951464889798805       0.42320853559546906       0.39305630888855286       0.71652079587966211       0.47256161503436217       0.36930638863492438       0.29168240149077507       0.32853322703962229       0.54118743671911562       0.34899980287715321     
   4.8268482145705748E-002   3.7878418759104762E-002   3.2421502868146566E-002   3.4802207504936920E-002   3.3819457956058147E-002  0.34547501127845948       0.16051065693220132       0.13551363113340903        7.1028097283492297E-002   2.9862346944068228E-002
  0.48518097560330192       0.42043030634561046       0.36568225074656246       0.48493983357044834       0.39462024840061305       0.90252424689430821       0.51184078063370375       0.46134185111801362       0.60936775702511514       0.33544572878315665     
   6.8091274483256636E-002   5.6902798431009954E-002   4.6805117269101026E-002   5.2150236380398889E-002   4.9353004776800165E-002  0.37990579197765711       0.19076831510978054       0.17449682167113073        9.9618591510997778E-002   4.3488892379951447E-002
  0.39045415837330372       0.39391204582417760       0.44280478013044644       0.44116300961660648       0.41017157614551614       0.44651802151353709       0.49726864835949125       0.33114177856124904       0.60168960964562679       0.32102529726299767     
   8.7125523477180236E-002   7.5619295693857766E-002   6.0983602467318543E-002   7.0025029904772926E-002   6.4692789868930289E-002  0.41272812924859253       0.21797805189473354       0.20319396581132482       0.12891410469521949        5.7708888288016957E-002
  0.51884116104103006       0.33212605591182071       0.39774755631389647       0.45269677657868257       0.39632062292164300       0.45391253249576585       0.33927866650458721       0.42766784205966568       0.49776871270002859       0.33232577949670655     
  0.10428246294843811        9.2977925516554941E-002   7.4989631510546551E-002   9.0865150183845070E-002   8.0029803432801583E-002  0.44212670808199833       0.23763203263794322       0.22435883785684096       0.15259777159713081        7.3808277554983689E-002
  0.40142380369964969       0.35372631973051849       0.34994119169621257       0.50653232371188828       0.31694597985042872       0.49731710070461971       0.49056977517838657       0.36819666366658627       0.44863249820914175       0.46861536331120313     
  0.12106611333689782       0.11031214569671850        8.8839531996241769E-002  0.11343276249751238        9.6008311237170213E-002  0.46784625944365521       0.25867142320885311       0.24334797819678439       0.17650089440321332        8.9788202423933094E-002
  0.42037135633368544       0.32059500337964997       0.34320739942517053       0.56529752733770200       0.44743945683986980       0.47355886991896323       0.44349339471943056       0.32466454187915078       0.50993662976991638       0.43956269858883895     
  0.13709061495869307       0.12800643337309650       0.10209606373043213       0.13651626005208256       0.11136379213740973       0.48899850710616088       0.27719680270924718       0.26125698732045632       0.19819425619752198       0.10589993581066752     
  0.35451893179253269       0.36945257782009044       0.37694204726440278       0.44345869503304319       0.39540590170442280       0.40626404309767944       0.47232842305509504       0.37413734454176389       0.47994187460642818       0.41723832894609131     
  0.15298803452614176       0.14568803801729618       0.11575769341265936       0.15918659391186363       0.12688880158723437       0.50821191613827688       0.29510069537641648       0.27697028809898100       0.21899936872882383       0.12165717515422975     
  0.35340231204501377       0.34500290641309522       0.37603242821779842       0.41192010623812858       0.32927571006082679       0.52602283547278494       0.37457159500970255       0.47004799295619260       0.44283157932132367       0.36290836039106295     
  0.16920045870170072       0.16332025707938369       0.13005835340355890       0.18108609590581654       0.14264214487602681       0.52570528913857506       0.31064088238219933       0.29123411666798216       0.23664789544341747       0.13662861862503831     
  0.41581551767290909       0.40207504416836626       0.36701127261912464       0.44050242584794486       0.38887283635373981       0.45064999478665480       0.44441635126655482       0.40254597202582043       0.39423733790848370       0.33125800435606051     
  0.18602894621092778       0.18144376368901979       0.14467712805773311       0.20300529629104194       0.15875888591512982       0.54172697640817413       0.32688491961910238       0.30533728023256967       0.25463584438234632       0.15224880753372994     
  0.38169717279207699       0.43081354418242729       0.34871214850357468       0.37293574064627821       0.38581430747839457       0.37886620473696475       0.44607287434159026       0.35174500657051028       0.39176350961969075       0.37138698578816509     
  0.20224317533171740       0.19793674758605703       0.16042277982434555       0.22498536446121484       0.17415985486917235       0.55654816645309346       0.34205721765136499       0.31909358485136663       0.27389023544962121       0.16839726662491628     
  0.38541745098698810       0.44831653928861864       0.40043971282170054       0.50688660090350246       0.37762980799910678       0.34458876075244005       0.45679515786011005       0.49725232369034267       0.45017863867468466       0.32868153773653130     
  0.21835432386467990       0.21401157275095536       0.17607771034755132       0.24666817111122799       0.18957109728007709       0.57188572762807366       0.35686051514574851       0.33259482694635922       0.29326294637151440       0.18376977750924789     
  0.43987369470429588       0.41635117888119161       0.33044143822926614       0.37559691911946397       0.37210705681104866       0.40389786104482156       0.58185055186511536       0.41755643614740601       0.48316621388904440       0.40351234620104787     
  0.23379088789170072       0.22771420999232059       0.19199896346755796       0.26523386472946237       0.20543061976354265       0.58729328827456850       0.37012574084502159       0.34574994956922211       0.31215217700252534       0.19886046039668098     
  0.40454764840832363       0.37107651353906868       0.34773859478116687       0.41080675939204248       0.38010687928660125       0.39807958474998750       0.42353930651190747       0.43926804939835573       0.36734781610084882       0.31497800403260934     
  0.24923031950766117       0.24059788678471844       0.20796445252424109       0.28225600495241537       0.22111165853851575       0.60183569832986950       0.38317634869523154       0.35831350291732456       0.33026450834797366       0.21447307641304811     
  0.37956206611135662       0.34573086237094253       0.37700391519222665       0.35650855650060764       0.38125279974866905       0.46254750345491524       0.47754589484306753       0.38304794108299012       0.39427245225653668       0.37521632877793898     
  0.26565884158880237       0.25430789638441892       0.22333034458279369       0.29875726684786957       0.23659928900053095       0.61558314170545103       0.39592573946735637       0.37027632082822842       0.34815747704124100       0.23081329256412059     
  0.46692203103871355       0.35911672015701140       0.32162436082830675       0.44986856971406064       0.36821793411071152       0.40086546021456748       0.35217299446747546       0.33931632315423849       0.36478627538187036       0.34067851202854460     
  0.28179677562349786       0.26777946171916667       0.23858850416177760       0.31561315343327401       0.25206936087350018       0.62902640765987528       0.40846868781695433       0.38244683139045504       0.36646509859527021       0.24764824251218051     
  0.37199880980021183       0.33391277443950451       0.41342788644019979       0.36447178864556612       0.36601703810902242       0.39824821713867165       0.38032356645009602       0.41603387875870318       0.43415678215375592       0.33925896658621724     
  0.29769011977793025       0.28211383829865755       0.25440355130433767       0.33488432218380448       0.26778372438944786       0.64205003636642810       0.42061408771773534       0.39486371173376478       0.38541524589768422       0.26483385039624946     
  0.35126508776027460       0.36774666450800386       0.39017914407858878       0.35350992946551713       0.46572749793559082       0.41039292718718362       0.43668553301720198       0.40447873512763322       0.36982143284372088       0.43555584504485928     
  0.31299009420277357       0.29700647381514672       0.27016384289805351       0.35341599048452499       0.28375357854806094       0.65469212195898341       0.43228451319706918       0.40675579544401136       0.40338507373118448       0.28142562125139264     
  0.42515656372613986       0.36693009082844497       0.41599315057927011       0.47843304315824148       0.44396112937627596       0.33333990998459179       0.35292182203392763       0.36836847129307804       0.34899404247059890       0.41804152255521387     
  0.32910361008792716       0.31163356063080533       0.28652942371564316       0.37127017589489264       0.29918447580141860       0.66647951108679382       0.44373406590319148       0.41804465484948555       0.42018819503950428       0.29763579140427410     
  0.33394888694294084       0.31899482815541663       0.43331669615777418       0.36393902262014660       0.36374119886634476       0.38772099463579396       0.39266883226217209       0.36535112812143733       0.39615581354119550       0.40577480463484589     
  0.34526656575196607       0.32586061645238518       0.30350664807385130       0.38900951455931798       0.31464176510403408       0.67783702367541920       0.45479708623492504       0.42977463052264853       0.43561621585715243       0.31435238902332546     
  0.39878855680187336       0.46928692946693812       0.38512551554160163       0.41277447265037864       0.37932570635219787       0.36464352005207118       0.50070712463387512       0.31509196301445619       0.47808266883769041       0.35142563494539691     
  0.36108785950632116       0.34046231730373638       0.31859583415926285       0.40715387473888898       0.33098467623800942       0.68880495159759836       0.46546092460747274       0.44166420352372043       0.45029984074765533       0.33139271128892811     
  0.34206915199590893       0.45169378817767064       0.35561902495057418       0.36675364837401125       0.42029698589034148       0.40789670274388146       0.37115990075233268       0.36252279478934335       0.36850412061657573       0.39856091089937895     
  0.37769079558970464       0.35513699428252904       0.33404264242637838       0.42509971831568805       0.34739940769380201       0.70052511497826819       0.47563634166462787       0.45360893327796575       0.46545544467593608       0.34859551165468783     
  0.40411882460435672       0.37640319558172453       0.38633679723047204       0.43418338414234547       0.39056371939562085       0.38998658917123152       0.38874477407351676       0.38020525059810656       0.36282942213773461       0.36633877199766079     
  0.39398561786489689       0.37089202349730077       0.35023233431557604       0.44175016134960116       0.36447490804558513       0.71213924451918664       0.48573137838417774       0.46595211103261264       0.48118192935671128       0.36588436861963597     
  0.45085017977377512       0.42373869194424951       0.33464381139183635       0.42865522470572204       0.40703285752883095       0.36745215428893890       0.31129142889509892       0.32508022948003501       0.34629276709487378       0.42305517386223662     
  0.41008225253583036       0.38657402818484943       0.36654695317840297       0.45794187762078797       0.38109737068604060       0.72373810432397645       0.49573216962694772       0.48006526049634468       0.49701628914308971       0.38189525998324425     
  0.40446501997967355       0.40107963014032610       0.44843650642419658       0.35591373765392492       0.41962921532889824       0.35562983829046435       0.35841602629380070       0.34269900400602960       0.42851151101256230       0.44212101607695425     
  0.42626862804376509       0.40107611414252858       0.38281901740764296       0.47278040373627106       0.39678401961678855       0.73497764390928322       0.50549019387760774       0.49471988769624675       0.51269039964063001       0.39743601239600440     
  0.40979218241124693       0.42615219452073533       0.41719355129044677       0.40066950272058921       0.36534424062337106       0.38856123960187133       0.34870614688734808       0.39077280637188611       0.31250079428765887       0.36208393519236892     
  0.44266274281816692       0.41540598214231339       0.39889268822386170       0.48744884349058415       0.41257259422472387       0.74499075535578163       0.51591566752017348       0.50821838042637790       0.52797957754582425       0.41313892926289442     
  0.35967539590259434       0.40598102496393734       0.36874986108083679       0.35879828801141539       0.45081688541411269       0.40156601110403578       0.36940528970723396       0.36332746237320179       0.40542506498050279       0.40210452643957206     
  0.45969440337932915       0.42877232272986499       0.41507595099582756       0.50146865060227430       0.42839612412904537       0.75466466809896504       0.52645196545416495       0.52155367940590791       0.54304130157442343       0.42907453265974549     
  0.38345328128770234       0.31754639050907535       0.42071824227694204       0.33376075712010295       0.44042446971119675       0.48782952019545056       0.36628002875564308       0.33756038764041274       0.34346056587917889       0.38384000795528722     
  0.47640784070325881       0.44195917496993969       0.43156778437897436       0.51526423430038315       0.44383502264859298       0.76472804206600675       0.53756830287217527       0.53479762634511741       0.55743710090967136       0.44413916652256130     
  0.43736801418848159       0.33323122873230043       0.41416885934513314       0.36416114155433876       0.41251472656287796       0.38541954554122504       0.42790486624912233       0.40322718083825221       0.34006097651177658       0.40276573378009761     
  0.49262248306455841       0.45472063828381148       0.44864532788195155       0.52830633236682090       0.45899792022921915       0.77462802036085732       0.54877806803603946       0.54820950364141241       0.57167963909694985       0.45858872427832781     
  0.33931892966989574       0.36866333077309232       0.38432820404134266       0.37636666987011314       0.37187766578772952       0.37645969428147463       0.40223692918800197       0.41453064323196065       0.42742049118537440       0.40214514701156978     
  0.50889406662448722       0.46712768701271074       0.46514395553268334       0.54150023897260768       0.47416723945881750       0.78373239150578711       0.55988802336484911       0.56119989466665365       0.58576228472715852       0.47238489515058973     
  0.38232464438347979       0.46867542162626913       0.42000131309758720       0.35471829679466760       0.35251036432314004       0.33703394527320962       0.41771870952511297       0.44886838020192837       0.36263534712399048       0.44272492879548542     
  0.52505130553144308       0.47918046099652306       0.48077382654604522       0.55427462949688855       0.49010663543670252       0.79243389830487176       0.57109833450933933       0.57416366547101272       0.59969933352375004       0.48507856885203959     
  0.48679641568485377       0.36856396076202941       0.42749422214332211       0.30165819260385734       0.37681778370418501       0.42236096865249534       0.40321053803818296       0.37413700540021128       0.35621379859564339       0.43612220374195793     
  0.54086445867228583       0.49107156495771342       0.49591920226265829       0.56710119507659640       0.50621376633490089       0.80072521062295299       0.58167306374081273       0.58831042793267807       0.61360739572711798       0.49722434502973534     
  0.34536358354168428       0.33705894982863333       0.36148664581043294       0.35902558908503363       0.37940015515425490       0.32085313767017121       0.41573497218368771       0.35371115854570639       0.32754373227087508       0.53576606871703647     
  0.55618947001307995       0.50306377840943461       0.51100506459596140       0.58008748183413406       0.52118547371331003       0.80859660261704447       0.59242477358281098       0.60324007935730017       0.62705630845590787       0.50937095425049406     
  0.38058862516777242       0.40796383667565578       0.39746723433776870       0.41478509267148256       0.39401114153011696       0.32796795736364742       0.36771683115364318       0.39058214220548915       0.39569053308713470       0.70463585389984851     
  0.57128259102367784       0.51579229088289014       0.52640090531365391       0.59300724337894339       0.53623379472445687       0.81639468330806786       0.60335027742927594       0.61831982517741158       0.64023705506999740       0.52205147053990253     
  0.35777151669972684       0.37523625626186691       0.40550144345668937       0.38412202403898993       0.46247740654997971       0.38474163381769649       0.42374073978515020       0.43927023042146335       0.37391561024099185       0.45718404955885639     
  0.58690868111283478       0.52950543887357993       0.54096951174711749       0.60609459786509456       0.55130869284825412       0.82419255487164345       0.61438918029739886       0.63365051863115884       0.65325909183734998       0.53605948231894418     
  0.41634260698742526       0.39128436985465004       0.40625639035684341       0.38000765046265150       0.35106837825050463       0.40726419910970446       0.40911576874236044       0.35314080990282926       0.34454228023265743       0.42238624858617874     
  0.60233357202001236       0.54303823970151199       0.55591744182919300       0.61899106943561144       0.56742420882483635       0.83213271896138707       0.62517997371081169       0.64719339552874033       0.66635517668114108       0.54993220536844079     
  0.40143472378961509       0.42296087083722061       0.33838437943765465       0.36050776266050505       0.52577636033690733       0.33770462757863096       0.36960739518635416       0.43114555833033136       0.41640384707464473       0.43164403958725134     
  0.61751219325751350       0.55717310884674909       0.57031624493560795       0.63199656613748090       0.58470830770317539       0.84016276992568573       0.63580548059308650       0.65909919260190342       0.67953961779722316       0.56514807931165645     
  0.37237632855915193       0.42570606971774516       0.35727372709526922       0.34091907027256479       0.50716522190316327       0.38224703422323042       0.38781235117111740       0.37366018425361724       0.32382371844817115       0.43893998195718470     
  0.63273882956719796       0.57152376839699914       0.58530421310254055       0.64506301123114651       0.60124687594370696       0.84782101730018322       0.64554546254240364       0.67100801992676862       0.69309516779942060       0.58113679995953249     
  0.34770219473617964       0.36600929336946258       0.41485024231830808       0.37110041965414708       0.37702152155200824       0.38578348834109161       0.38917042853632527       0.39716640177558266       0.44340117024745213       0.37131622115615248     
  0.64784930096552251       0.58541987738527312       0.60088813328563495       0.65743280393747683       0.61725361860439032       0.85511332653271066       0.65522750994010037       0.68341864728894686       0.70680864951358335       0.59828630967893404     
  0.38351269291748075       0.36627039059528915       0.34132932701612279       0.38029518512979910       0.43654953481832826       0.37330391654109152       0.39543711984788010       0.38339339008798312       0.39132557243126576       0.41993357962271738     
  0.66294106253616591       0.59936704175024791       0.61707842905061094       0.66983523386433697       0.63305409646049982       0.86236507371714721       0.66464897082907137       0.69717797351858635       0.71994063132739483       0.61572327612535893     
  0.50284750401596412       0.40070038418142595       0.40128781452855816       0.40625830778453365       0.38227080521618673       0.38839383258803567       0.34212384213484343       0.44278243488400104       0.35310311414346157       0.37338574132038305     
  0.67785931656623011       0.61487958071950410       0.63319795702086634       0.68138969220208878       0.64885150678486603       0.86955758428509489       0.67398998312836833       0.71107077046873512       0.73287058979543152       0.63178731770072472     
  0.37765561703480344       0.47608802111686183       0.47504979864465091       0.31207878983656190       0.40690402322742325       0.39074585158353786       0.35728690703515886       0.37126816458755751       0.38900270546795779       0.43239821540381107     
  0.69296794005618356       0.63051718345616403       0.64953916719527538       0.69307059725171172       0.66481049807188064       0.87628178752435382       0.68353757266620307       0.72474880840594091       0.74582285748812638       0.64839108613712237     
  0.36428056827156025       0.47588305638559936       0.43933688588964409       0.30338532245276190       0.38936823560581135       0.37511524091818549       0.34893943196915511       0.39832251588147194       0.34741014731007575       0.35723047021683546     
  0.70885487927344271       0.64515406940349740       0.66624026337515696       0.70492641908166731       0.68042339535828678       0.88269674777339058       0.69315022224203260       0.73762483210480068       0.75859543138377328       0.66297473506986537     
  0.37597159307187161       0.30815522336875650       0.43963186323735981       0.35042800534902430       0.37381364700457365       0.31657943490887641       0.40823966477005175       0.38995700533611749       0.31879322909332097       0.35220776179384006     
  0.72474092316835481       0.65959907233067050       0.68313891058683629       0.71684439150720969       0.69608116733653336       0.88921593415621925       0.70268702059772814       0.75052426425909580       0.77149862776123823       0.67787811288416788     
  0.36744410036742359       0.48609606317128917       0.43564869326423322       0.35151081238240428       0.47370257357881473       0.33657421229647516       0.44400589702918053       0.33956570012570170       0.30869464626091564       0.34321483157326038     
  0.73945610161650088       0.67415130791045974       0.69979219170286067       0.72859186542963061       0.71137994289030837       0.89571452275512531       0.71199528464116724       0.76352024251505035       0.78467856532432234       0.69414670493611930     
  0.32078116650992305       0.37248925629162571       0.45895331685360818       0.32645510178194953       0.36813682913765183       0.38778519354106855       0.35129130995004748       0.36306078741843872       0.32925857870839337       0.33958307743660443     
  0.75389321317231639       0.68858639454017756       0.71596724498628794       0.74032452705477636       0.72721650175805552       0.90189194089574076       0.72117856763123656       0.77705580148252851       0.79846732043757618       0.71023980101173667     
  0.36825826602798478       0.36881702888672691       0.41186098071048971       0.34231279668592407       0.41496202619198319       0.34062792416858501       0.42075252886383346       0.40252676008202787       0.37878914652984358       0.37230219635115858     
  0.76717171594374567       0.70255877839578929       0.72945507143852462       0.75198099914148553       0.74302174467056370       0.90787458119944031       0.73043819920012398       0.79113766828366661       0.81198680670141965       0.72662127452737579     
  0.36795097537775456       0.46286931577997492       0.41638193969598947       0.35305596886990703       0.38377752242713425       0.38240306015017694       0.35785018937303242       0.38415277562317290       0.41584572393877994       0.37824858926548016     
  0.78049963904068387       0.71656055527156037       0.74295833571318204       0.76382204617751959       0.75924779776495332       0.91387542189058657       0.73987259043752740       0.80501595696869299       0.82519749017449917       0.74358962761273462     
  0.40341632148427436       0.42273212317091102       0.36362805184726449       0.36785734145060867       0.39457384036212034       0.38705754514096236       0.37733842911387405       0.36878797159385696       0.37513915492151201       0.43994890292154165     
  0.79391452449454281       0.73185628753844445       0.75657457978491049       0.77615973101176883       0.77509346055348760       0.91988857999424523       0.74941720602360451       0.81822392330314753       0.83787585672930198       0.76192444239032364     
  0.38454447356249793       0.45437561185677078       0.38983944763006745       0.40298381493944452       0.36275538353931291       0.31720646920807483       0.37281602980231160       0.44976072692326774       0.35197070156913646       0.38185636531806139     
  0.80723660778573969       0.74728343575870193       0.77199009473410485       0.78828128301957778       0.79122677009409403       0.92539867801579623       0.75853089218500536       0.83075857734781500       0.85033792184759205       0.77987717145617208     
  0.34993581550718578       0.38416849679766252       0.35076681943178162       0.41295203893260146       0.37149543850945338       0.34364025846771712       0.40732370262297962       0.41706906879278260       0.32997551832823924       0.45166338271172907     
  0.82087055703192691       0.76221072324530159       0.78808899153230538       0.79997939292438647       0.80784969468511603       0.93036295790556600       0.76762071250536601       0.84251297507636103       0.86268771342676320       0.79752907780436511     
  0.39049649991018676       0.32491379545977589       0.35074299545811377       0.34703528696788644       0.40997775082511717       0.32070307408277532       0.35054602098066978       0.35815052512132894       0.34251725061634558       0.37703866203308778     
  0.83593241645291660       0.77734309174334881       0.80415654178276053       0.81212730788045118       0.82454868677498716       0.93515346030737889       0.77669902845765582       0.85415152278991924       0.87498931523602819       0.81477916351777047     
  0.40479742251064027       0.49447964733159411       0.37151840632035105       0.37445711051320885       0.35579008117786814       0.38000583391411263       0.39284561068487855       0.42897798437944051       0.41047717245887588       0.36926967407769740     
  0.85054339107743659       0.79338826504519111       0.82090634117509687       0.82426965568970889       0.84133570959422310       0.93964809158654883       0.78636939839094211       0.86552840316001023       0.88718251025465500       0.83149101999421271     
  0.42836441793414315       0.38425073616684091       0.51711943601068378       0.35555050671536093       0.39640158794191005       0.35546561662441462       0.34060108517225174       0.36736679159581459       0.33374399311869002       0.38833180448537952     
  0.86494424320214691       0.80884279182416219       0.83833755623047390       0.83609216643349704       0.85746009534305045       0.94418916588685675       0.79628786884316716       0.87735619198227710       0.89930860748858543       0.84796029390790184     
  0.35307777638904941       0.35864246296552049       0.55524579748550840       0.32044846260025672       0.38419761907892847       0.33501527638627576       0.35718410220363078       0.39834620128059961       0.33201719678632280       0.42605450278036577     
  0.87964021573241302       0.82450125978894739       0.85509486433255621       0.84829776892223563       0.87318949973296800       0.94901007397508630       0.80622216696919602       0.89044895890640330       0.91093339134213080       0.86324075913185416     
  0.31400880904225842       0.40042980601657702       0.40817420568327628       0.39990286452548784       0.53244564055816512       0.33801215860764755       0.44524551871974871       0.41069582085925393       0.32779166163678269       0.40428518134837649     
  0.89442380827347789       0.84037602560349822       0.87161649647923434       0.86015782690795028       0.88879915216891281       0.95435382244479405       0.81613380818590708       0.90335395808351715       0.92235335044113975       0.87750088659353653     
  0.34355931903886949       0.35745860877840008       0.43812235314899328       0.37803383919975964       0.32514828300190479       0.32787345151549463       0.35620860936870152       0.44882010443098047       0.34241928694473445       0.45689389929532170     
  0.90819677766341922       0.85716467627397508       0.88855727063260337       0.87439977250647571       0.90429341678125164       0.95982208958168103       0.82726247361706151       0.91463339160731438       0.93355348335073940       0.89149782041593439     
  0.40305345170203938       0.35540623473997951       0.43374637407173888       0.40451057494412185       0.37030830065162346       0.40267008341050808       0.44735099880550772       0.43508432759965765       0.33497667275583770       0.30178739239193614     
  0.92184831202207818       0.87442046630485404       0.90556961487800258       0.88856401802456164       0.91932703235920521       0.96532999453859070       0.83819984809684966       0.92590443208077466       0.94480886841620382       0.90577232336089852     
  0.45400043108875787       0.44814692036574721       0.35120305975026284       0.41638320240006038       0.36679933481078464       0.43830418256245590       0.32047300160631237       0.52153562594727210       0.31966657053062947       0.36259715639469703     
  0.93607409198492220       0.89314996645031042       0.92219327396884654       0.90271116521365402       0.93391644803336693       0.97039879763406967       0.85121906242823830       0.93767142410406401       0.95648586663051438       0.92184989265587303     
  0.45671006495995226       0.42798232746539661       0.48471529796849083       0.38491070129281846       0.39102436081440145       0.36969019037052919       0.42893762933965052       0.41774832847922394       0.37875129476586294       0.38769097943947584     
  0.95012863654066182       0.91285497954700578       0.93862364419883437       0.91707120858436453       0.94708666047552770       0.97546380007557409       0.86427197945571088       0.94975197814865286       0.96777636294646607       0.93823780807265300     
  0.40439626798474732       0.43748226151555442       0.36277963900747995       0.37440538340393981       0.35920433166733312       0.38223509459171484       0.32129819899071504       0.49339825107382806       0.33812369564626876       0.39848409612506291     
  0.96326558070002477       0.93326692698568769       0.95388618796527902       0.93442284898287109       0.95821095505032772       0.98099003116566086       0.88402814684117548       0.96245981595484276       0.97787079386278319       0.95327560174282200     
  0.36387023998784490       0.43104031835216350       0.36953129104823224       0.41774724548081033       0.31441422402482344       0.46973106676563753       0.44998839478591202       0.43882334402812589       0.34449403940191770       0.40844456833485088     
  0.97609324335861747       0.95434359654870393       0.96875126242255805       0.95288782718629583       0.97015317786386901       0.98659023170983162       0.90412889512369854       0.97533907616304727       0.98689344099850640       0.96843370293057107     
  0.41814618497181039       0.46317630114801384       0.37634437443881785       0.47148822863392459       0.31499088536139869       0.52087548208505474       0.34150506365847211       0.50888159685810685       0.37466925347212765       0.42142704020849364     
  0.98815660965700669       0.97678358078179128       0.98443324040307190       0.97566268389887190       0.98451831777945353       0.99329844414714696       0.94569130313920724       0.98754182085607844       0.99358931166948661       0.98452347960848552     
  0.37470871582922577       0.44873139965927916       0.36176132693269419       0.53157381721967523       0.39267315639017286       0.57532187164131587       0.42222893041627962       0.48713197212243869       0.37669908546630126       0.38546788252754577     
   1.0000000000000000        1.0000000000000000        1.0000000000000000        1.0000000000000000        1.0000000000000000        1.0000000000000000        1.0000000000000000        1.0000000000000000        1.0000000000000000        1.0000000000000000     
  0.70668898463088781       0.40845120430597048       0.40632569582162409       0.42144753690135683       0.44230524154836492       0.36465597075574757       0.28427101262906945       0.29387210431556138        1.7281135689633367       0.43773027315662583     
  -6.2640244609632889       -5.8096470824335675       -6.2091413573693730        14.419648056219081       -6.6579460287074363        0.0000000000000000       -5.7229896059163510       -6.1230295214733355       -5.7795297760861279       -4.0483182537633109     
  -6.3320764820880751       -4.8870898050645817       -4.7759807764123430        4.5972467846266563       -5.4304929165035567        2.0478383233680977       -5.1274801314372063       -5.7919694203895951       -6.6461761429594866       -5.8801073768718197     
  -6.4975929238579644       -1.9374620259036279       -7.2927251028619375       -1.5540103232494733       -5.6683458606608887       -6.4125364557256308       -5.8597462843167376       -6.2592469043116017       -5.6104636240643728       -6.2379332217875580     
  -4.9570324407257536       -5.6090055757222590       -5.9528243722865035       -4.2261781939227339       -4.7958686087884965       -1.8701838879162811       -5.1578716898438257       -6.8663607830336293       -5.1626319844086863       -8.4932954182192262     
  -5.9888942063156652       -5.3803343851772505       -4.9431565921662575       -7.7495899457008708       -7.1005165286831291       -5.1381102876758273       -6.0556340461219484       -5.2443678117398518       -6.3379040459113369       -4.9693088010568145     
  -7.7157656444298555       -8.9202491789577412       -4.5969386836212482       -10.324935040005872       -6.7955892577585546       -5.7783525803569145       -6.7323049159056643       -5.8933707217459981       -5.6480338142458271       -5.7171919108188911     
  -6.1911323880023339       -7.7806389502780009       -7.0849588420767882       -14.722825874396898       -5.4193942916247408       -6.0384035899827202       -6.7799803601977713       -6.6599685355551754       -6.0867929924930895       -5.6185117761099077     
  -5.2621094303364355       -9.7118427739275202       -7.6657007939608208       -19.267098644599685       -6.6721004810659732       -7.4563101800955414       -5.4948985953478013       -5.8908816760739775       -7.0437779736076296       -7.1390498173996715     
   8.6584797357328021E-006
           1           1           1           1           1           1           1           1           1           1
   3.5765139622018128E-006   2.4323222692454881E-006   3.4184986257025854E-009  -6.4111130885978005        1.5504324723072242E-007   3.7410173497204265E-010
   4.8606592716223117E-008   4.7695947063172570E-008   1.0154593434124928E-008  0.15864444807699687        1.0146802154126159E-008   1.4356968532509659E-011
   9.7964750171158060E-003  -4.3057332716270320     
