   0.0000000000000000        0.0000000000000000        0.0000000000000000        0.0000000000000000        0.0000000000000000        0.0000000000000000        0.0000000000000000        0.0000000000000000        0.0000000000000000        0.0000000000000000     
   2.5240938728062063E-002   2.3986904001501802E-002   1.5438677192547811E-002   2.7299842249143027E-002   1.6701041534139018E-002  0.14961740374668087       0.13190978367050102        6.9654042909975858E-002   3.5042873568302095E-002   1.3500166566342283E-002
  0.30606370093208890       0.37975166099847879       0.32669832822833683       0.43825325499127260       0.35856181126395537       0.26512447798206901       0.26896647392196826       0.30199136174967128       0.34197190277493605       0.41428814915096840     
   4.9723660113133408E-002   4.8487919611280961E-002   3.0722789540299361E-002   5.0336922502456652E-002   3.3136239771815436E-002  0.28739990570209434       0.20927321545253660       0.12724508758589412        6.6564245506272227E-002   2.7696040195194199E-002
  0.40661836651630562       0.33747121534008589       0.32438248480448245       0.39848770241671094       0.35896358875215006       0.42564464541092539       0.31901868365033020       0.31724140641465992       0.42719682579499973       0.38050657239737889     
   6.9208298075493876E-002   6.6817838597188484E-002   4.7531487044337455E-002   6.7758265218343425E-002   4.9453725866673563E-002  0.32435565946609207       0.24262828359181154       0.16857489639303253        9.1801179514790984E-002   4.3346021765808207E-002
  0.35450014232299709       0.34261267403530349       0.36433031723552994       0.41774595866128900       0.32210074744199091       0.50136880753336288       0.28215004444232061       0.37439267388625236       0.49384524405287544       0.38616113064429491     
   8.9480644708707147E-002   8.5123807671156071E-002   6.3850066768618638E-002   8.4395723113442511E-002   6.6025750576937187E-002  0.36504106073336318       0.26781021760155288       0.20069404582658179       0.11697715716222981        5.9239551786421971E-002
  0.42965744502585518       0.45311013444342796       0.38800099505204150       0.40024391131633835       0.39334646545990559       0.44553709028361177       0.37099793315033008       0.36546298740715494       0.40928459707985593       0.36243716968866130     
  0.10838097238351302       0.10008167342267794        7.7899420822525656E-002   9.9629216781338334E-002   8.2598637690005930E-002  0.38634280056083087       0.29020159885450370       0.22607014426155780       0.14116092142398073        7.4692842113436381E-002
  0.41385078399695702       0.34332723680963939       0.35156170857387936       0.36834218681563319       0.36469680008259259       0.27217576392149279       0.31514091928728283       0.40140823779725604       0.38897595569945825       0.32323371542070151     
  0.12719606918503590       0.11520831547749406        9.1761194556412864E-002  0.11529314383116089        9.9027550793057473E-002  0.41031230889927989       0.30746136493399207       0.24863331667266317       0.16438566777175875        9.0680331179117127E-002
  0.34353214004643146       0.42570043631625354       0.35976111084875623       0.36501274178906506       0.33623266936595347       0.35960168013824018       0.31975823437921796       0.34408936396502110       0.39598218990413953       0.33482816318312508     
  0.14525601531090976       0.13141812249607054       0.10467985288937731       0.13003405205460650       0.11352140367251252       0.43071485788744596       0.32322717612132956       0.26861332659313114       0.18598292066066774       0.10704430191276190     
  0.35093274766020410       0.36255992660986919       0.31933874454332223       0.37189689680482457       0.33650105594195256       0.34016277632796882       0.38441424854610656       0.37185951129613137       0.40762794245203871       0.35547260966740246     
  0.16171478760809552       0.14794166072606602       0.11847533998166926       0.14441595101233007       0.12869760738920291       0.44864867797658337       0.33789418169143964       0.28601169061886250       0.20650119656207946       0.12315768450085748     
  0.40594973272190421       0.40347528727133292       0.29496067241248553       0.38178892941677256       0.34577190133154806       0.37802652181748547       0.35877997448792515       0.37103584801939843       0.41377330837093046       0.32907954497341640     
  0.17654665219373811       0.16335591311401357       0.13398385107213542       0.15725636765241247       0.14555962351836485       0.46518175286452945       0.35265494098322653       0.30152252746930008       0.22601929451788752       0.13938896644315721     
  0.34063360610053206       0.28343821326030988       0.33515970952770829       0.32491883895141555       0.34217263295426148       0.34218312700120584       0.34109293455360690       0.37924977002809751       0.35661370485772037       0.31641013074780977     
  0.19085385385366974       0.17824165423072613       0.14988552335800820       0.16999198040692123       0.16160578980153142       0.48203502995139597       0.36508924158235589       0.31651220499077359       0.24497123250883879       0.15603202581331729     
  0.31424900600276612       0.35138804721389838       0.36034843546261480       0.33934348141574422       0.31075351614288821       0.40643393604540767       0.31258545722581577       0.34899422217054088       0.39287189915875298       0.31245870959907052     
  0.20667164882271155       0.19342774205646482       0.16566975708776152       0.18205125913926420       0.17643576050561491       0.49904336321330472       0.37710550000951198       0.33089903541804228       0.26324280343697321       0.17283575930967846     
  0.36121814611016001       0.41039450715084635       0.31855091398126978       0.31454661326603395       0.28168618245138682       0.35124942006407966       0.36759802131441821       0.32959893455776806       0.33397419834841890       0.36941118295110070     
  0.22450268255752076       0.20891812955775613       0.18153166421742423       0.19522743981786186       0.19042169674101869       0.51652850584662291       0.38903248461313122       0.34457415717042211       0.28140134922267590       0.18978497696294855     
  0.38307198136107573       0.43887939398559889       0.32370892719802385       0.40960293430129013       0.33057182774354943       0.33962099543507818       0.37277980685217310       0.33815925540775998       0.32571442687735880       0.43237986114414528     
  0.24077551976009531       0.22533135732489262       0.19806435988992588       0.20850973915201548       0.20192870626450393       0.53260585470965438       0.40044377165036021       0.35739509997481878       0.30197489289656182       0.20452241905032839     
  0.31268955888994415       0.31433053560461205       0.32268672669376969       0.37216245693206396       0.30024616202144616       0.33201230560126710       0.32449896518842980       0.40003760765925528       0.38707228716954245       0.30926766806366568     
  0.25553387628506263       0.24208398333627429       0.21499002132222783       0.22200865784678114       0.21492747958235434       0.54868239221842585       0.41085935818870128       0.36997302572290602       0.32296461596273895       0.21910944573858601     
  0.33619649590399725       0.39710692337251891       0.34188210773673733       0.39589414847933824       0.32241576688925855       0.35837798930093245       0.35247224082935497       0.39008556567471186       0.38908938964681189       0.29687337844815959     
  0.27024880970335063       0.25851850782771696       0.23088092991153600       0.23536173887401782       0.22930108795407114       0.56332508504126400       0.42108790427753201       0.38244296268197725       0.34257325976108616       0.23477384513828981     
  0.32249096135460675       0.36637968021586020       0.35368674746107459       0.33443759762925851       0.32286401245170299       0.32412965183079667       0.33543919546871309       0.37911637352341254       0.36062356891403652       0.35156054968500944     
  0.28446086351821431       0.27455564493374907       0.24701656627422572       0.24729394869901983       0.24437517707545248       0.57752409313516850       0.43065123980573794       0.39539390710454858       0.36116039791263116       0.25057373462921867     
  0.39945755740219435       0.39795166219703698       0.33607228507889991       0.33841470632751769       0.34542769194814471       0.37506525052764689       0.33952474201475979       0.33552044961098770       0.35869271079182014       0.34629069124041501     
  0.29912785400662001       0.28920293760063587       0.26361650748911608       0.25966040780404476       0.25959366151316643       0.58861331816225881       0.44040868724722004       0.40859168663894097       0.37756959418491415       0.26648270843623528     
  0.31564785679155377       0.39067274329157797       0.34539314415178973       0.27756191427858468       0.34087971840382714       0.33513003531087082       0.38735387792798931       0.38101263798102047       0.34515760198668388       0.34829796516516870     
  0.31458804108528177       0.30308477027381614       0.28019228742326496       0.27198748317383059       0.27376369295147340       0.59961794089250009       0.44942449029532239       0.42099140934882617       0.39464673138412343       0.28219468461153030     
  0.33274259461294275       0.32132796642782874       0.35590118088271633       0.28828100852030109       0.34176320962174106       0.36290013994969350       0.30638397644194010       0.37145697427301905       0.28983534050101945       0.36952226287356477     
  0.32990671760606166       0.31698773022704241       0.29601057317837620       0.28521381367672843       0.28769013490125350       0.61124574471953763       0.45836209160997254       0.43268801536053891       0.41288490055313393       0.29541044601638750     
  0.31681804263306595       0.43585644780424793       0.33233761838993853       0.33465593989636527       0.35108724848930750       0.33224613326755836       0.37251036737074156       0.32248341417939330       0.36592794246092192       0.29914210543216940     
  0.34520901024289141       0.33102136688736633       0.31073117847815002       0.29901313934689694       0.30198891107824238       0.62320329361259952       0.46720927778019683       0.44386111374217202       0.43119741741948031       0.30880088044642984     
  0.37106734455863677       0.37928895302632332       0.26989582009280411       0.33237439355009085       0.37506210115153227       0.36279152295907596       0.47830205994966724       0.32792627016515147       0.32718412595797108       0.34279959963857692     
  0.36095935038874960       0.34509919952398521       0.32570519497242639       0.31286575992750149       0.31648125324598897       0.63627285567591929       0.47574969640445625       0.45477246394176002       0.44999626141068177       0.32528306464965789     
  0.33221680755488658       0.29565599954210026       0.33609464481137719       0.34858800183515315       0.30847141470842127       0.39995899225444870       0.34758934813102504       0.34013902686625108       0.32984090284046008       0.34111681662827747     
  0.37669467149706481       0.35819484788214490       0.34048061560603837       0.32670686115969810       0.33178274938206215       0.64928077807534101       0.48394366813559653       0.46614520722688213       0.46804526280658842       0.34181405381257068     
  0.34360923891473777       0.32804765764084226       0.32711276418716051       0.28532517341157720       0.34985401106980868       0.33155014359426405       0.31736552863385520       0.30047455550996521       0.31769582045594380       0.35515775666650040     
  0.39181913086210957       0.37115052215190947       0.35431410874395713       0.34011815517374344       0.34697466526211823       0.66187979497907912       0.49161564521491624       0.47765183625528751       0.48529212626156554       0.35907023478754230     
  0.28177216794001059       0.32008544600773225       0.30921566871182321       0.32373160350044067       0.30343395929389938       0.32549437234883200       0.36911672880245744       0.31800290260491371       0.38853647003060710       0.32692283018085871     
  0.40687475744361906       0.38400686450703503       0.36887391877516801       0.35323026692412374       0.36240629298766458       0.67436613633193665       0.49935875945258457       0.48905105626300366       0.50254931312649509       0.37562076071760203     
  0.37666116154726276       0.31316181200065463       0.34075652881771884       0.27301809442239094       0.33790968914154018       0.34482518270025792       0.29762853801917527       0.32530651409658723       0.33616403203857753       0.36734166231010490     
  0.42207235978359164       0.39842774762103605       0.38225229864515164       0.36660744425558101       0.37690774446087422       0.68596370793154526       0.50672555294225841       0.50039275848248777       0.51966802094412623       0.39159956825534548     
  0.32548731589881730       0.38869896882141675       0.33935783006301956       0.31477071514139376       0.43204290086046365       0.32016617658437113       0.36258792521486150       0.29264611210992614       0.37620518055771562       0.36338666470564068     
  0.43785601141084235       0.41167355165906905       0.39539558617670839       0.38029128273208079       0.39193259721204660       0.69744129770679575       0.51506396688423761       0.51231803886360783       0.53639380421939720       0.40763566679893470     
  0.29713737964909687       0.39910067173395680       0.29293629338818200       0.32282941310317603       0.32740070084440764       0.33968166587027676       0.40913762747021032       0.31145667585681291       0.35300049623474034       0.29331136327286844     
  0.45347422303356466       0.42498243791085061       0.40950873039138364       0.39448833968221375       0.40734602734854414       0.70790889759958409       0.52342837310568058       0.52389621151916343       0.55310654343627974       0.42299054168001560     
  0.33857212643794421       0.31869278343324514       0.35919475944022500       0.31183822895286945       0.30416674633001728       0.34553735360249688       0.33171048880252590       0.31782674144653539       0.32014034889400089       0.29893658346273744     
  0.46839315887703320       0.43759314708462577       0.42399801556846795       0.40846068719458867       0.42446037435041484       0.71811091453390452       0.53183080598757360       0.53732842064080188       0.56945254120569455       0.43669151911502058     
  0.33067236509176257       0.27367412052228429       0.31981169991000569       0.34039192557207820       0.40857313558320746       0.36474364259659892       0.29261611453295433       0.35653780088238890       0.33888487776460480       0.35001547652324777     
  0.48311838489275810       0.45032053202870703       0.43877774432809091       0.42146535997626172       0.44046093001078168       0.72759601645004790       0.53960949219586007       0.55062339396447613       0.58467981956298476       0.44892634413475213     
  0.28553845469181111       0.36047683003603531       0.32108046817537078       0.32747290260065742       0.42032199506975348       0.31001353311040142       0.37947357052673564       0.31308522480191597       0.34515533591036157       0.28698970961126086     
  0.49789832432582004       0.46332220053968792       0.45424920088702375       0.43397858562846164       0.45484511192262661       0.73733439526715883       0.54731010141040670       0.56474115597142505       0.59934142431931026       0.46110820267488717     
  0.27164818615677405       0.37918536245343343       0.33760764362772527       0.34777470832661866       0.33989409663298892       0.43317262441787818       0.38252369734560915       0.36111908382019009       0.30475810081571614       0.34124739096113138     
  0.51406208380468832       0.47654633148329817       0.47090898441656442       0.44688524526078544       0.46883782974566485       0.74690218167580791       0.55481314376048485       0.57888071111386596       0.61379822856554334       0.47514088484115086     
  0.33349985730337139       0.33383113093028327       0.30336593270108403       0.28947076929957855       0.35680683751408437       0.32943876110468467       0.34900073019576133       0.40493660891584826       0.27854940498073216       0.35087883611901993     
  0.53015041211631864       0.48958968893858806       0.48741727503602811       0.46032598543683545       0.48376048541468369       0.75558798213524137       0.56249025401304653       0.59279590463118892       0.62825844692768296       0.49019780086880804     
  0.34987881630173412       0.30989369747478651       0.35358350621516044       0.30148232652850104       0.36808838839576941       0.31679703944158821       0.39323998430903301       0.30950984909128948       0.28361026721065402       0.32811951028699005     
  0.54641850204815812       0.50251670952313998       0.50306596874746590       0.47404067960560886       0.49957657739987366       0.76405578905048344       0.57044738852333254       0.60665940616339464       0.64278318229617470       0.50576983440213974     
  0.34063991563418583       0.29307039805275409       0.33826832029354031       0.31091547897903127       0.34147282747977736       0.33554108432296553       0.31453142468766498       0.30858628820913164       0.31046596668291743       0.32102334089511847     
  0.56250594695972977       0.51495543084245743       0.51842221056458815       0.48778516640606295       0.51560659230071848       0.77255260635911738       0.57859700571747597       0.61967090176469497       0.65703493447412964       0.52122032720907885     
  0.31506664381548749       0.32633855230177050       0.35800041055890097       0.36297971577403487       0.35613593699452539       0.29549213886219811       0.34995731906463756       0.39155301244564172       0.29823939216759598       0.30411853258588256     
  0.57912631312843121       0.52761138363221916       0.53397747030429066       0.50158343837542940       0.53150753083483848       0.78095588940312544       0.58603707733367505       0.63254819782995619       0.67081871717759423       0.53628933801362444     
  0.33387920067546628       0.32417561810936868       0.31582384516843987       0.34262359730694980       0.32165726344633905       0.31457151292921814       0.31116783370709328       0.33226467780870417       0.33277896467443535       0.36076977315357550     
  0.59551272462767635       0.53989063875195387       0.54962345479737318       0.51560565857405960       0.54710379450342916       0.78939989420870205       0.59339180912467560       0.64502673994585735       0.68450472381570049       0.55176011463950836     
  0.33494660434168172       0.29412277332505626       0.30223509659220776       0.31480500049387367       0.32297859685420638       0.33860995611891859       0.32078762376602771       0.33232013964457202       0.35597454016131119       0.33057753523723743     
  0.61050130590176566       0.55195336028966913       0.56516765280272296       0.53000112886494144       0.56289151732785603       0.79682210997261227       0.60097088143877908       0.65795781506249695       0.69787868230374550       0.56749009843169507     
  0.31381219984649167       0.32164245321350976       0.38162579930444757       0.34068929648666657       0.33620707266268440       0.31116229862610884       0.34679644075176624       0.31373215580165853       0.35082281628514511       0.29858294942863661     
  0.62561961324674709       0.56422514677426250       0.58071041536681267       0.54438177355300277       0.57928942080924761       0.80399007509251230       0.60854719796197720       0.67112838952322951       0.71094974489380236       0.58288502455536662     
  0.33319050526091298       0.32124608528740989       0.41575743089453765       0.29522476323057478       0.35842028135833781       0.28642826472858890       0.36837289499603859       0.30031023926400879       0.29080711853550195       0.29734218267237078     
  0.63970126843712261       0.57671946464497770       0.59699018199006082       0.56002859650811287       0.59619018754309649       0.81123653007304575       0.61655242565189605       0.68422287797929815       0.72374669886585796       0.59784307434410933     
  0.38168548650435963       0.29179426290111365       0.35293235812062634       0.35913196947164611       0.38354667214718635       0.31768100147708828       0.33849825558624264       0.35873804756013061       0.28929702632401916       0.30308010744131353     
  0.65405718478362618       0.58995544406853584       0.61351610952811353       0.57590382186588507       0.61355390049650249       0.81837169378983277       0.62473327488201413       0.69719841619143375       0.73656225297435218       0.61261322183370270     
  0.33478035527429451       0.28066463046415774       0.36028289474852782       0.35904739907322225       0.39750919312842242       0.35032232386746093       0.37616041127129118       0.31516505312001120       0.31839134399920827       0.33995140266952795     
  0.66871887155460918       0.60328166033428732       0.62928267966641860       0.59138770422212839       0.63105569477729262       0.82589687438629189       0.63306266461103122       0.70990288881169816       0.74939405311878493       0.62985491315456288     
  0.34070984430025664       0.31694402658357929       0.32722074452052780       0.32066397182815060       0.35511854942418403       0.32164912488646852       0.30447412067943608       0.35933820309651693       0.33400370900185056       0.32775578397212340     
  0.68226882776178444       0.61755865282802080       0.64529674990694963       0.60665853688619276       0.64829556580969994       0.83374548586388231       0.64152222169294393       0.72267871819774987       0.76202364184231497       0.64672465580516048     
  0.31544077593672237       0.36022121667161694       0.35454192956683389       0.29090247656161572       0.34000168672682174       0.34457328880868088       0.37432954214723257       0.34447469261461500       0.30687117177648776       0.34325949655789018     
  0.69634919893007907       0.63223134601638842       0.66174609255170336       0.62210453331886284       0.66536652355734316       0.84173308576849948       0.64951837295256232       0.73540841172273796       0.77425176168568210       0.66364589451673661     
  0.29859035923731603       0.28682246338134415       0.45966877506431775       0.33798325268766305       0.33684393780556343       0.29263934360265881       0.35275797448534418       0.34190244357889221       0.29933044096032274       0.34180115479750450     
  0.71071376241681228       0.64718054740777564       0.67853516389748370       0.63782171740079707       0.68159545502936414       0.84975283702108861       0.65752229551480479       0.74896249600289810       0.78640315008375528       0.68022599380326398     
  0.35844828737759304       0.34212064188125046       0.34641841192506451       0.28274565441898930       0.40624935829386294       0.33134702828470924       0.31931186994496641       0.40225127893997425       0.33103841203986462       0.34814115100199405     
  0.72519430335004664       0.66195489072857572       0.69485372736950779       0.65435687991686431       0.69775997271636636       0.85719433697025149       0.66536676293966845       0.76333102462537972       0.79845747412773460       0.69788292555475229     
  0.36348075693708543       0.33512085798979507       0.29359684345802056       0.36441693393749874       0.32637247294598820       0.35146035237271001       0.34362717679003629       0.37586391764502797       0.28843222734231921       0.36051144376000982     
  0.74029969446933219       0.67696022817573942       0.71083442604075875       0.67185731209609856       0.71414157204563233       0.86462033356670753       0.67331250692236055       0.77740981783887608       0.81074451081387400       0.71506830043341219     
  0.33372240663373343       0.33004116598841565       0.36713610404927038       0.34110220557739779       0.31582450303024484       0.32683956539309428       0.33955177462068331       0.30440329602095162       0.28244446917470162       0.38836344904449588     
  0.75464255484324627       0.69211825043568542       0.72618370019679179       0.68984659173608365       0.72992440543504211       0.87189052608086082       0.68178430134265644       0.79131456074749740       0.82327421830519154       0.73242149735747963     
  0.36542055319160205       0.34373133317630766       0.29655263908704155       0.34344716033564798       0.30618090167800638       0.36703752787607447       0.33672507401407420       0.40334277001332225       0.32897495648044989       0.36538433440913487     
  0.76968456335639268       0.70739853294815569       0.74157442554641473       0.70825393897020472       0.74610579298114676       0.87911305868435896       0.68932658040496508       0.80515223294468563       0.83617016473540429       0.74966787487527331     
  0.39098302315183620       0.31054139316136831       0.44114170604254216       0.34941812019165941       0.36248640637802082       0.31013789345867426       0.29692725035315221       0.35216211165746586       0.34733086673859370       0.33308523760904929     
  0.78481413954310053       0.72284046021641202       0.75681120148331360       0.72697268411325089       0.76250540632352026       0.88625536139210481       0.69760093649883115       0.81880291758698731       0.84837719395197209       0.76651481022210688     
  0.38086542449067157       0.32420073887092454       0.34507258178208750       0.28513947203301682       0.37495110731675302       0.36832663633823909       0.34023843218758137       0.33553940510544600       0.30650368023659647       0.29298581371320132     
  0.80015921458175088       0.73888218520611226       0.77091931454972107       0.74609813186435459       0.77861670864677757       0.89327683962233617       0.70564216778520250       0.83222363746922734       0.86001578719991534       0.78322810787363550     
  0.34854770864969642       0.37243420061798388       0.31561664964349362       0.32522387777979822       0.29523129293616013       0.29083545014890416       0.35595508559915284       0.45655940705094467       0.30375778436627893       0.39840029939330268     
  0.81603843504915152       0.75531059542824086       0.78570407719519986       0.76566894223175375       0.79371677314425104       0.90039063264357821       0.71395139405387686       0.84541335163487430       0.87166361612851884       0.79982673121890424     
  0.34423624447752438       0.34902971563542651       0.33399702176716528       0.36971808464159406       0.38167143472844672       0.43063574772286423       0.35198460015086708       0.37434458197489129       0.29586743489245637       0.35082416475445943     
  0.83167876109039052       0.77179870411083240       0.80054788520333831       0.78576947996587465       0.80809893416191281       0.90739843721973923       0.72252830232809073       0.85808226752048056       0.88381641589990556       0.81614435119706596     
  0.33444646354732782       0.31256356701641125       0.32204773000796322       0.30571184385022282       0.35010519863487122       0.32018966453311370       0.31422430305205845       0.32931572242452511       0.28579728054891851       0.35761005998090778     
  0.84825294665639728       0.78754170974281534       0.81690090195892506       0.80621502462002548       0.82220094152287115       0.91442216897191131       0.73184700654158485       0.87028136485644658       0.89635451485670314       0.83313405302535959     
  0.36589763066062414       0.30197317488693781       0.37698875977406521       0.33237085564691987       0.29193288480194424       0.28609542690070389       0.34765795547135286       0.34575677505826158       0.31989011334984319       0.39038981726657074     
  0.86434516747296730       0.80236893605529414       0.83298014507693463       0.82676784809223736       0.83591574697573456       0.92146149067045546       0.74125829446836800       0.88287147012526979       0.90762829740183648       0.84904800230264177     
  0.32574029871298499       0.34817052189517889       0.32333260018141141       0.37106271038633404       0.38301718974006344       0.36418662674544017       0.31389824441428232       0.38805841159155507       0.32444002419042978       0.33764873529667960     
  0.87914629947048140       0.81800624711617276       0.84931605617518513       0.84812466347321291       0.85136519929453369       0.92848187015904271       0.75111448644319345       0.89528924076596628       0.91753924612986670       0.86485331923066366     
  0.32993668481141003       0.29380372090080625       0.32867102322133640       0.40094775734086768       0.31213908592445194       0.30385728184537569       0.36526750930542784       0.32506823664449802       0.30364734514455571       0.34758593338739396     
  0.89393455396576205       0.83425459018395687       0.86581881613306522       0.86843904919144510       0.86661470627877846       0.93547426342878115       0.76183896531748330       0.90723368100729884       0.92739921715467732       0.88064728611371657     
  0.35082108942029150       0.36624129992829135       0.41982741575536714       0.35175666936126609       0.32931645472608234       0.38329538092441562       0.35056421681012073       0.31274874817652643       0.30569843754815040       0.31439698724922560     
  0.90752818253287049       0.85205317174115369       0.88211449033324341       0.88697514807998401       0.88330553361935304       0.94271308513886021       0.77342512715349820       0.91894934854766275       0.93646936037200468       0.89761934289432121     
  0.43970568904464580       0.29083425297547433       0.39145517586129158       0.40040619828082774       0.36593051521987985       0.48529747491133995       0.41459628431340229       0.28933828891572899       0.31935117903307564       0.36678492382900585     
  0.92116297307571848       0.87031642284158306       0.89944218608397120       0.90550565416630213       0.90018595779004185       0.94986475625473199       0.78651202581942992       0.93064500720536436       0.94748535573596937       0.91417315760751339     
  0.32792933125947599       0.33745444451799955       0.41268817601327862       0.31372398544725116       0.34933873100394758       0.32846259059701538       0.37352356387489255       0.28415337976996929       0.28671153887046436       0.37090363858050895     
  0.93511675232241920       0.88930306493949041       0.91466091532489624       0.92335867790626813       0.91667894852989229       0.95668289736258016       0.80117017034047300       0.94154686106218932       0.95854227773212808       0.93026786111620818     
  0.38547984417912307       0.41144525811885335       0.28447127209543210       0.33845825743139274       0.30206404657723035       0.37047319791569688       0.36307732276138188       0.30451382908068991       0.33283614878540396       0.41920396364464607     
  0.94946000277350906       0.90854571528766892       0.93041250726178693       0.94169838819230656       0.93254845901913508       0.96349094348695485       0.81842731841730865       0.95254562699760381       0.96918600644193309       0.94655020980739313     
  0.29758262493043369       0.33287422510360976       0.32967365309885166       0.37347209063851522       0.31360613229610351       0.33029919412104475       0.34831535942700581       0.31355956056857132       0.32289679000620802       0.39633407292172618     
  0.96258258724470791       0.93078346840913073       0.94734887227145104       0.95660484440119986       0.94944862344026915       0.97200839246443971       0.83863376038871751       0.96371003546168210       0.97867454542912724       0.96040139160528037     
  0.31299841448875521       0.35452759049602361       0.45410719046653253       0.34105132777880698       0.36273825708368407       0.40628220350959005       0.31428120076980587       0.33568997710641052       0.33584862942249377       0.37289732911325213     
  0.97528659497014880       0.95316508354774898       0.96453940403684557       0.97159921173368924       0.96614752542490201       0.98041319508974423       0.86328553388643048       0.97492872877646297       0.98727005885231911       0.97359528914250715     
  0.34068415528892465       0.34102429976935900       0.35077837869660566       0.40669137438426611       0.43074435121123056       0.28800265564862970       0.36094967115496973       0.31163445591741834       0.31669442522613545       0.33490142625296632     
  0.98781705082147075       0.97644788979801123       0.98221486600416863       0.98611398150377072       0.98320892020789152       0.99013478693813262       0.91840402289902823       0.98756475522581744       0.99379225386199654       0.98680933688043948     
  0.35545724756523883       0.33682706444943616       0.38848602284890671       0.46978362299500909       0.31737086149905774       0.30620830140296251       0.37267436538551496       0.38069227371666664       0.37775831198139959       0.31551104562818955     
   1.0000000000000000        1.0000000000000000        1.0000000000000000        1.0000000000000000        1.0000000000000000        1.0000000000000000        1.0000000000000000        1.0000000000000000        1.0000000000000000        1.0000000000000000     
  0.40260338205307455       0.43037506624802363       0.34623574399021551       0.43793581568214252       0.30793901225371928       0.32640651990861147       0.26512447798206901       0.35802760545027557        1.4704858840253610       0.35348037732813992     
  -6.6529347559834831       -9.5655641852926152       -6.6612887069360598       -19.683801138248079       -7.4262427968311240        0.0000000000000000       -5.3608418401221574       -5.9507181541214917       -6.5673634162507950       -6.1170659501626981     
  -2.6686447925382488       -12.328626524692263       -6.9401043460452163       -16.283072767182613       -4.5732217713284298       -4.8494863302768563       -6.9667715383172713       -6.5607253263968559       -5.8328032100587484       -6.9671981175727247     
  -7.1682665232339025       -7.7358678774651031       -6.0402787162490901       -10.004527953687081       -5.8701599076883326       -2.4634674882139023       -2.9061566307050000       -6.7426084961069384       -6.5376484678597491       -1.7950242305788839     
  -6.2886951592788813       -5.7143405241276248       -5.4148166010509344       -8.1908134069303120       -2.2794019627452813       -4.7382620625468643       -4.4292392709772592       -3.6877178515943547       -7.1594399011840713       -6.9121002492687440     
  -5.7202690987048088       -5.9904189399128560       -1.0758717070603578       -3.4933417929460933       -3.6514940348848905       -4.0528128690087524       -7.4585363211464255       -7.2298439625574700       -6.9404218388011882       -5.7530280178131799     
  -7.1211835869520899       -2.3976231627589413       -6.8368915429384902       -1.5495724559608566       -8.2958685541817445       -5.5293276071574304       -6.0604474427411335       -6.4592941987908379       -5.4593413597508134       -5.3005263807736203     
  -6.3216274177833442       -6.7610156253593345E-002  -6.2687461380656657        4.1751803842478195       -5.1545469659268974       -6.0172865061858358       -6.4832629649150384       -5.0084957911445969       -4.3198600204739517       -5.8749731967298002     
  -3.7823696688741033       -4.7841239603239369       -5.7173693463520703        14.932398836652787       -7.5832187065054608       -6.9822184340522453       -2.1302597867887267       -4.8844749083763315       -4.9494656155522501       -5.9459495093818262     
   1.2551174687093373E-006
           1           1           1           1           1           1           1           1           1           1
   1.7300838571077762E-006   1.1896217910939283E-006   1.0640079639859562E-009  -5.6765519793114763        6.1315120129738622E-008   8.9746676866129078E-011
   2.6081339142007994E-008   3.1490678099240971E-008   7.2683381369703705E-009  0.49116232718266178        7.2638320841756709E-009   8.8778640841218940E-012
   5.8479308414260862E-003  -5.1988317905807842     
