   0.0000000000000000        0.0000000000000000        0.0000000000000000        0.0000000000000000        0.0000000000000000        0.0000000000000000        0.0000000000000000        0.0000000000000000        0.0000000000000000        0.0000000000000000     
   6.2551424833944978E-004   2.0223710183246246E-003   1.8131895545048442E-002   4.1929597945737425E-002   2.7607636289676302E-002  0.43149979327644900       0.14846155469755606       0.10901140927045014        1.5924346987222573E-002   1.6132218372329303E-002
  0.45531008026505060       0.52376079842298240       0.39581402791105369       0.44372702557016558       0.46859186477352255       0.38418080670990779       0.27647790290683083       0.29782717986629637       0.44263058133915323       0.44830064697012906     
   1.2743462565338196E-003   3.9926417340553112E-003   3.5713870034366435E-002   8.1235391450606542E-002   5.0637752393291525E-002  0.57805810633335375       0.22564270051293661       0.16979901769434755        3.2115669077381004E-002   3.3219137942566437E-002
  0.62154199355292006       0.57007738292897125       0.39368512136967532       0.56628791822607849       0.43154064843241807       0.67727534020518931       0.48870418646825498       0.34566658324205041       0.41822854509366514       0.39298470851382422     
   1.9523092978411124E-003   5.6225748943030569E-003   5.1089985494518583E-002  0.10762680434457925        7.4030400169930038E-002  0.62852677472947216       0.25251331933344662       0.20205072197128859        4.7310402437156146E-002   4.9374061559203736E-002
  0.60411963794211165       0.42455751001011838       0.35691630508301680       0.44880749363216216       0.39884432330117336       0.41911167067784660       0.32458641764660595       0.38046362050257204       0.42418845884505552       0.35753184489128503     
   2.6645900958587694E-003   7.2264326643181141E-003   6.6102335817784089E-002  0.12768223543922202        9.6266535847158094E-002  0.66665109080353313       0.27639258831126301       0.22349312107804759        6.1854214208297502E-002   6.5332262715761411E-002
  0.50939235435453190       0.49817532149916771       0.30910572462093783       0.38203206068253220       0.35225095457957728       0.41453383738456256       0.35779831067258905       0.44480017974990665       0.46868356456182680       0.45405090492679617     
   3.4085321594699573E-003   8.8117568650628482E-003   8.1509484942986182E-002  0.14733541763317975       0.11938244977291412       0.69630102850756159       0.29517729717831587       0.23887037705198605        7.8724282162073125E-002   8.1698947997457957E-002
  0.69415516088363061       0.39182727336375356       0.38886720603153502       0.39116233208708184       0.36134938559440294       0.37856059708171585       0.34147069807598934       0.34560422404918961       0.50147444892876103       0.48788664304510815     
   4.1586138208094762E-003   1.0515783146543535E-002   9.7297259002720141E-002  0.16530278571702137       0.14442635665198048       0.72088312089448114       0.31222524067184254       0.25283155797765938        9.5074111823113899E-002   9.7998032792920159E-002
  0.43503105673764458       0.38934065580597582       0.34982612111490891       0.46074988250191429       0.37011295078819828       0.35530295577542237       0.42150658241652228       0.48961597186242795       0.46208053066731308       0.58032540476813899     
   4.9630404135411477E-003   1.2239151848800700E-002  0.11393405795450587       0.18353326619073146       0.16764325459590038       0.74163356348887721       0.32676059112544725       0.26419275092111555       0.11062586122002112       0.11447982246334630     
  0.42635682780249867       0.41744568195415210       0.41210098067576756       0.35961381695772604       0.37328052133389938       0.40410026774808283       0.35001551470114062       0.33877830687390115       0.44664849795247102       0.45936550066981735     
   5.6812521818174391E-003   1.4031322666165627E-002  0.13019663760646086       0.20301534527051027       0.18870103489778794       0.75998314206769901       0.33950910415457825       0.27515602774519421       0.12507128558568378       0.13127433852790829     
  0.34352507924970427       0.32501246802275552       0.45017529847374349       0.41977680386445188       0.42447225495373703       0.42161574225346593       0.35182206023227092       0.42528402689003797       0.41737182366249653       0.34258493042381821     
   6.6193500812647627E-003   1.5936362671459200E-002  0.14604971193030264       0.22226451919172488       0.20876402818379636       0.77600011232792077       0.35060581615645625       0.28547739882697520       0.13926648171551173       0.14652233713203147     
  0.39403488109406226       0.49334947028206760       0.44991450952380663       0.39162760597234947       0.39339025388053445       0.42760858164801574       0.32822906046808259       0.39775824131897208       0.43146434306453091       0.31605005992958846     
   7.7804951267787595E-003   1.7895472583951192E-002  0.16228028964322838       0.24109118950353894       0.22754344672290461       0.79041409715866195       0.36190225374353396       0.29579663909889253       0.15409681904189249       0.16216326196896730     
  0.42327431049564318       0.41960968578461494       0.31723499028291091       0.35637941361350062       0.39087408804368762       0.36429280408611536       0.36367445234792650       0.32162158326415552       0.40373918903533046       0.40155079165176699     
   9.0473824451246243E-003   1.9868308437403479E-002  0.17812227207659978       0.25961946697387589       0.24512952834715285       0.80323606054675267       0.37412015274427690       0.30675475074232611       0.16850967497618682       0.17593630700577750     
  0.44434159034695425       0.36423462593456435       0.44820104533239491       0.41775556993841995       0.45986825192794606       0.37492248846489140       0.40829496638898549       0.43239312357802473       0.46441726479486833       0.28107871865470180     
   1.0368353365130102E-002   2.1867738877652993E-002  0.19323613751189408       0.27791733550298980       0.26180328057339858       0.81486346451760316       0.38622652263980251       0.31843818897549742       0.18340271257604518       0.18967541864482737     
  0.44342330191530582       0.48591959262687451       0.37279292674922088       0.35530053548107604       0.38228915750939951       0.33266122578080520       0.45437309971209011       0.45905917712261957       0.43059151395090922       0.35154985605333244     
   1.1828702366804542E-002   2.3994876979581140E-002  0.20855184791302597       0.29696905171023974       0.27643066011728995       0.82564790678451827       0.39766574494903717       0.32990469354456181       0.19868602105632738       0.20329954980765327     
  0.33211977389989483       0.34803537481726282       0.34823392135700459       0.37655837337768411       0.47054441289090893       0.31472480891058607       0.40306856688093862       0.35147280126262859       0.35113551863030296       0.34703322096121642     
   1.3493504292031890E-002   2.6291052535839042E-002  0.22379784787999013       0.31438748412176082       0.28956968451161186       0.83539030833312777       0.40865306432702625       0.34089164412676104       0.21348148096929406       0.21742623506062161     
  0.38550420747540437       0.39557844351745974       0.38578141384886350       0.38528258841132035       0.39879380040774787       0.33906075962788118       0.37151555228189226       0.40209444307132003       0.36185799321828244       0.32041314098766172     
   1.5301159044839838E-002   2.8863048804833695E-002  0.23924447747411276       0.33058087635506833       0.30310242356786987       0.84486853516472671       0.41871890636317749       0.35167512310443605       0.22785811068352038       0.23222122458254263     
  0.40434505548067284       0.38573752749454682       0.38454412655209458       0.38373181500740400       0.33423492518865555       0.40636917006040729       0.39040398142601357       0.39750586921406300       0.32446574691791746       0.38788873771710880     
   1.7301111610109405E-002   3.1637134991860168E-002  0.25523303002555425       0.34637607197500075       0.31727938974003278       0.85360415393204592       0.42761960116469705       0.36318338524054611       0.24159788368460164       0.24701699235745067     
  0.46112059173541248       0.46425809393695050       0.42811278294346666       0.33691874206890599       0.42491460406143061       0.32456513415917088       0.36243436801717632       0.34930893147148018       0.40725387445264538       0.38362280073832927     
   1.9463748300169954E-002   3.4287004306116302E-002  0.27129493296901652       0.36222586327421863       0.33033219984923112       0.86193883232228496       0.43617399316187777       0.37462443428984804       0.25635085880614961       0.26050574534172816     
  0.38989247264917626       0.35211733010839724       0.39111774403730970       0.35522375790825755       0.36526509108319033       0.38123874159860527       0.42140716519699944       0.38677381582664550       0.39892951393675796       0.33521188216550091     
   2.1719003360399659E-002   3.6929787178006108E-002  0.28748263383796852       0.37826714057053279       0.34256285560869815       0.86958410088827687       0.44426915121212185       0.38601155452848479       0.27203216039947037       0.27359156336621065     
  0.39181020739895189       0.42371712551797602       0.37211995510391022       0.34168097496168320       0.33000775333793853       0.29955783410005205       0.38948286921120373       0.41082472292301342       0.34223216700724568       0.36759929764682719     
   2.4121853394623444E-002   3.9694064013424665E-002  0.30326837529576400       0.39345943236350323       0.35429817337432107       0.87660110097464972       0.45261857894041013       0.39767591305274130       0.28887883561598171       0.28736569896865322     
  0.32623993758314890       0.34456150352266085       0.37975768561444168       0.40360979562693700       0.35765217800045246       0.31053715597201642       0.33062924100814117       0.33952088376064271       0.39358978508039916       0.33393075146571449     
   2.6612340435871792E-002   4.2667611640167968E-002  0.31828270500651756       0.40753235012260708       0.36605388541739137       0.88296279894891783       0.46157332468169182       0.40953617704212919       0.30646369930938888       0.30259443393615698     
  0.34822905374851010       0.39233424851181037       0.44014797661544575       0.33365142310248708       0.39713836272313185       0.38139953521198922       0.41675979407833541       0.45229672792134534       0.42121387428691598       0.36918838129853071     
   2.9268369113015627E-002   4.5765612784087799E-002  0.33337887594542753       0.42126363053039073       0.37672326663467220       0.88897085882309990       0.47074107155675365       0.42153217718619596       0.32368744883390205       0.32010266706171958     
  0.34762885944089850       0.31777086278298722       0.39074179585547208       0.35661431535256938       0.35672785382226813       0.32441040227517098       0.37309691002309309       0.42050599666412847       0.38620396771453708       0.36240158141710077     
   3.2178213009718994E-002   4.8907299817633615E-002  0.34800222837560807       0.43559543494229186       0.38732684658272476       0.89457362264405094       0.47903519228391239       0.43379030716592809       0.34024666179541879       0.33704127914506737     
  0.27789612008465875       0.31995793465192085       0.35852663739473467       0.29574092862255275       0.33050103079357279       0.34830547626363678       0.36794949551111972       0.38766366730096657       0.45564459518768452       0.35778207910341525     
   3.5388098452861047E-002   5.1797589760065973E-002  0.36176856723170764       0.45109181170009727       0.39744311747295846       0.89984882719854320       0.48718387343265307       0.44594511552474536       0.35647699187459264       0.35264020834991078     
  0.39441977942574719       0.37242721160992664       0.32499346115526967       0.37201988901313854       0.45714459347236386       0.38026658424163212       0.37630023478656660       0.38842703799951733       0.37703460507915976       0.36403224771950804     
   3.8912504176541060E-002   5.4753732736756683E-002  0.37532915808117501       0.46626128467833627       0.40758846362394069       0.90481820508038180       0.49501304145207697       0.45748653998532918       0.37205089627625443       0.36879751261708904     
  0.32886362685859288       0.41897633303456860       0.32513613541967651       0.36301319029198809       0.30729590856179673       0.32622289720196795       0.39099879998731185       0.39343204415299737       0.36284666804826093       0.32262717573514244     
   4.2768627766508256E-002   5.7762470284112570E-002  0.38955718432538594       0.48068046253060348       0.41760550818179154       0.90945725619309381       0.50254657585684681       0.46901874589169468       0.38805614616474821       0.38410386324190399     
  0.37200367360157000       0.32254370708318031       0.35350803681050025       0.36608890907577857       0.39388905701363192       0.32912857977069837       0.36289743096531824       0.47760083176002016       0.38103827540548518       0.36197800513075440     
   4.6968188829480749E-002   6.1153598745585416E-002  0.40487056338984317       0.49477916025866325       0.42784264588325172       0.91392152529571336       0.51040746522694136       0.48064378797748575       0.40408390190770915       0.39910255452297327     
  0.36306915399518924       0.32679273407475845       0.41692105511054750       0.36569046687053941       0.35179480267848523       0.30390192529733306       0.41894047100579707       0.32162952848065179       0.35695384891550846       0.35516702262118377     
   5.1508263603535984E-002   6.4750199217439269E-002  0.42033097521091922       0.50913128026541632       0.43880265340671976       0.91828123553646201       0.51822472186447566       0.49245615677726418       0.42029989022280861       0.41374063271528649     
  0.32630444623797472       0.33749695974923449       0.38423360564306674       0.36705360429556055       0.42318541100979251       0.32425231750288219       0.42469762944994088       0.40903586278543103       0.41184223731599606       0.32803921945471892     
   5.6311741378154950E-002   6.8367112907352617E-002  0.43577119192421249       0.52296925047066611       0.45008090489337377       0.92252088020602629       0.52634229110515407       0.50454433328118087       0.43722524850595240       0.42839652154702446     
  0.37163326502950417       0.35279572997204145       0.30115786538766376       0.41982121504394299       0.36313996783310953       0.34413439526627565       0.33421787957334093       0.44101516605345215       0.43516163871623548       0.32854308245804198     
   6.1372618602601611E-002   7.2148998524485780E-002  0.45217620812097192       0.53588697400741980       0.46132249762553401       0.92657410759335379       0.53368661392469730       0.51694933275303190       0.45458593898976024       0.44249866834459689     
  0.30644038749988722       0.32842188611136980       0.39200038087095124       0.30490457147615624       0.35376475124123902       0.37132532057777057       0.41000078798019002       0.38075585365264786       0.34955924002348093       0.44247312686122403     
   6.6735610504631462E-002   7.5968677367172915E-002  0.46910867506964621       0.54842256347033858       0.47302266301320423       0.93029651012762860       0.54002005960344346       0.53038877741318480       0.47210007600637588       0.45597579502229779     
  0.45312531385388155       0.33210304015065656       0.42998657806811119       0.34666832209181908       0.41697909139125050       0.38336675311928298       0.41943602729955026       0.35380926252513178       0.37061885107186726       0.35450412681504923     
   7.2645574740446348E-002   8.0064485220761691E-002  0.48590861245154454       0.56036694939036313       0.48478658746688846       0.93376106057225838       0.54667210394042254       0.54549115958427941       0.48881436245195253       0.47007600076623601     
  0.35313171866726289       0.38276726676094969       0.34827706363157768       0.33259292671675600       0.41806445491891664       0.35545657916240297       0.35708288383558845       0.46600558884369353       0.36658968939219916       0.34654698809513307     
   7.9284067105598627E-002   8.4601099072724312E-002  0.50262033100146919       0.57215645809292581       0.49655049903480170       0.93706485050075916       0.55408824164079329       0.56057756960247984       0.50496936444483265       0.48519719677303680     
  0.33627505673684122       0.38086053250378404       0.36991076141216761       0.36643642544423172       0.37812897028288855       0.35331192519270754       0.36445130796905673       0.35064342383278158       0.34568332142347763       0.46361358902090777     
   8.6339318484532093E-002   8.9374677324773416E-002  0.51899779719599837       0.58479360900238975       0.50787754166812049       0.94031410669750470       0.56138624916182767       0.57565882275442437       0.52112035400414214       0.50078794696872897     
  0.29082709052349426       0.35173617055774847       0.35698500521371851       0.34124758182206510       0.35850312804273121       0.33870384431183614       0.37498673828460088       0.46123010835208089       0.34817483728966936       0.37420554626182151     
   9.3485804150218857E-002   9.4147442092591127E-002  0.53504117929876416       0.59702956440574673       0.51897591872344995       0.94348194263886109       0.56858769159894551       0.59031369361915331       0.53729284209468187       0.51626519341870769     
  0.39747886055904330       0.42490368479964830       0.40932776023617101       0.37815758868919930       0.39575768306234049       0.36490207529972657       0.35151820077893203       0.46666549667020052       0.36389313817973529       0.45685155769469810     
  0.10113580143470387        9.9077804747565917E-002  0.55071182427945897       0.60937529116046718       0.53055306874711228       0.94642088045457973       0.57539389959550824       0.60388178016238003       0.55348394145147650       0.53158501309247075     
  0.31494340863216219       0.36772295069742877       0.36563583254065979       0.33580903062192080       0.36235694446797212       0.33213831834798047       0.41130918543676043       0.37685160055457340       0.38785874487119343       0.40983813406520964     
  0.10938751134299306       0.10411807513280991       0.56643674496871621       0.62220423552313542       0.54240345938467072       0.94924131315217708       0.58230353027302106       0.61748333894888008       0.56900745071388148       0.54781473842327066     
  0.38543219773687948       0.40405997431809360       0.41409383831128932       0.42322747537682437       0.39424431353024214       0.36536320048063387       0.40742999331840896       0.47549811966546690       0.34121540596317684       0.42005824959317162     
  0.11821906896586534       0.10956231935472459       0.58299033743952389       0.63404888619247524       0.55407374667802556       0.95201078865392796       0.58859734552101239       0.63072781972569447       0.58431148196153948       0.56470827107721810     
  0.33765552143538635       0.35530475865931854       0.38689362059538812       0.44336068919105348       0.38028701686613631       0.33162280907966618       0.34537748264222351       0.44408627863067457       0.36934015838117656       0.35383530477786446     
  0.12769658067615491       0.11546820880179409       0.59938307588940587       0.64550454510121846       0.56562200714454836       0.95467677551741925       0.59544466256504058       0.64424894913765951       0.59995551361100397       0.58123652540759729     
  0.34226642731181850       0.31247754820491253       0.43875674379835761       0.34232243681051511       0.39184732774999842       0.32815117772344315       0.40846730147155924       0.47905565569327008       0.33672085746072361       0.42692487112258776     
  0.13777997469613279       0.12186675247740578       0.61605636821245291       0.65684065306996875       0.57672569562457321       0.95723442914400703       0.60174865110338871       0.65733833771124328       0.61516057462582241       0.59690919645634477     
  0.35139263000878024       0.34440296594838787       0.35959202573813437       0.33571436090690049       0.39254466330697241       0.36172172459258539       0.39833235659825078       0.33804791068021472       0.39280502587915878       0.35610390624624622     
  0.14854611808528370       0.12877474590351023       0.63265644417034306       0.66812980477426254       0.58737163116160207       0.95964792372211805       0.60857880734812930       0.66984761220430555       0.62972751154612572       0.61265383248216210     
  0.37913966027799273       0.41994712839829257       0.41594007879444361       0.37766919049720454       0.39725437854930606       0.32774468346970687       0.36107867378030528       0.32044698088856005       0.34896082739795437       0.38878615982802850     
  0.16020147796628742       0.13629466245883781       0.64907639863582978       0.67860676911611528       0.59819124184476147       0.96192700154682242       0.61556576906893234       0.68296649640091200       0.64338885900234088       0.62910227872258118     
  0.36939622036401654       0.41584301788350897       0.41080498986060887       0.34884381086765787       0.33722324461351150       0.47168679211030684       0.34915005836991669       0.34320579975983728       0.34164290960510180       0.38205474910372522     
  0.17314677026528874       0.14376465651489309       0.66565445594102080       0.68852625659172162       0.60948915690041428       0.96415412059832928       0.62316357248016008       0.69658348049905783       0.65727790774246964       0.64639334208541455     
  0.31437038638329612       0.41607476919915487       0.37033734396187634       0.35468798384822386       0.39471247300146556       0.32633858094734741       0.40103923400864583       0.38704339139385174       0.37381488808471608       0.43477622924587983     
  0.18710250460733807       0.15154256046145534       0.68249704519215271       0.69779531296808361       0.62141890985756720       0.96635652660380877       0.63105343704433492       0.71047866275738469       0.67104001623829290       0.66435818641617217     
  0.34261966549745337       0.34344910321132988       0.42628581342581562       0.35037932569084984       0.38981455476167154       0.39258840782543181       0.40116930393281863       0.35134910185916024       0.32038149778896957       0.35596911994917757     
  0.20252503040230954       0.15986116933438446       0.69923999520760749       0.70700951257660472       0.63367654202367030       0.96851245194540181       0.63854900074273946       0.72472156622837514       0.68495227418522353       0.68228750548297545     
  0.36401005583209906       0.35192611153433778       0.37152341300321950       0.33508724103867127       0.34721870238812125       0.34150410390399383       0.38670782910193874       0.39987669199938897       0.37958806789132354       0.40984173152442238     
  0.21896197591291330       0.16899747235887258       0.71611513899849677       0.71613053928645476       0.64535973722117057       0.97058742430248079       0.64528972037224119       0.73926956379269426       0.69858710688588177       0.69958095500887707     
  0.35445228535980727       0.40068526267228483       0.36390259108887502       0.32841250073682537       0.36392457886012353       0.34991642822868524       0.34224022258470815       0.41289283205464417       0.39122053040530352       0.37212371001909011     
  0.23680014904204943       0.17886942423952823       0.73141013503858121       0.72509657424681562       0.65634211438211221       0.97252470586908146       0.65214307393963244       0.75418165959952943       0.71493856953686497       0.71578522440550729     
  0.35695523357476777       0.44295337239950033       0.36898830132479310       0.37756833887698860       0.27647790290683083       0.36604146044460534       0.31115647022307041       0.33185239687719548       0.34285581496679812       0.41096943580239437     
  0.25590904365443490       0.18994736888931249       0.74839011207524675       0.73413531901274964       0.66742193833596775       0.97427059508227920       0.65913367846854842       0.76927743644725088       0.73280733646778884       0.73075573711167274     
  0.37264475240501904       0.36752433172943755       0.39421208532062402       0.36379309172985813       0.31607670833696133       0.40033151775070430       0.35351250156504743       0.31339585641176876       0.33739155808154275       0.41714493087002841     
  0.27556118942581809       0.20108511668165444       0.76484337455449680       0.74335427733200310       0.67934783503283025       0.97580752539885618       0.66670179431760024       0.78388821874948944       0.75024402179179028       0.74518270730001568     
  0.30962250781676631       0.35140977372076410       0.41086575021389604       0.32758739557374406       0.36364396787287795       0.36443544886367257       0.38836787161534198       0.36752618371069418       0.36209358968428657       0.44168160485969027     
  0.29668382961298062       0.21281760782891404       0.78059416722694852       0.75257316076023162       0.69202527658913526       0.97720267087709378       0.67529732831426581       0.79763741749676320       0.76656242806015140       0.76166627128300424     
  0.35425529041191661       0.32751398104752144       0.39018193492508296       0.37940808675823540       0.35914533213785566       0.37242730911066918       0.41795379227258100       0.36934439725574064       0.40830452518052485       0.37297338333115804     
  0.32061968348083614       0.22513624977512298       0.79491220062678425       0.76169243139461451       0.70533261710452022       0.97855722048592075       0.68505426733284425       0.81091100155490825       0.78117068401235945       0.77859456144412020     
  0.33225057272757408       0.31834778917647638       0.39056702600623144       0.44008319679573782       0.43393624719587620       0.37211716912405085       0.36296579977328186       0.35225713417823001       0.34383457486582270       0.31990240319575075     
  0.34706169508105300       0.23843284789305177       0.80741289859096721       0.77059388576093191       0.71952999128429962       0.97992739308301313       0.69507474093703914       0.82445131053764309       0.79383913026567465       0.79524859788354307     
  0.38812170035246163       0.40402299581943324       0.33941861566747827       0.38276027293710196       0.31252974845198472       0.32603269941207558       0.35104887348695835       0.37145713535418523       0.32878877662081463       0.33409651696423809     
  0.37574514802993297       0.25301359163071824       0.81960462406425316       0.77974090414358577       0.73429370363685786       0.98142015315108311       0.70477681987787277       0.83895047149824609       0.80733911545984693       0.81315726655682752     
  0.37767363035466245       0.35074242714682646       0.37349683467808742       0.34783321298642100       0.35602477271896571       0.41347290586185637       0.49648499012899000       0.39487538374488618       0.28662580081300099       0.45838764100609564     
  0.40458531406425319       0.26921062074770574       0.83260017081902871       0.78867396511800336       0.75037825911687617       0.98300619602028172       0.71456417672550632       0.85450338242510171       0.82132160730714543       0.83034978892159750     
  0.32049110309269135       0.37695409404082797       0.37724440522207736       0.36932200696776946       0.43000293633347686       0.43689192196578830       0.39363285071809512       0.34887435897386126       0.40879920257213742       0.31682053012742922     
  0.43462471741340852       0.28699548721156537       0.84711886940982506       0.79814169345511199       0.76817459192894155       0.98465003827609332       0.72371308697049852       0.87055372327426250       0.83630595939550734       0.84423473984284081     
  0.36708012564302817       0.37899199597179345       0.31220816886282493       0.34769070678522351       0.41340350990800723       0.44258757954629430       0.40285170866655190       0.41056096753787669       0.35413220904168996       0.32093388150032964     
  0.46636056413675725       0.30758205762734120       0.86284289210547682       0.80814349137882047       0.78718971512334845       0.98637506735904334       0.73285420257390144       0.88231630479678669       0.85253015255772235       0.85929945639642280     
  0.35095083601528426       0.40068773800921381       0.40748251857283407       0.48118720473642124       0.41587131714152215       0.47916084030602712       0.36276610454187802       0.35510430617536998       0.32601249580557645       0.34085757916994075     
  0.50075658074049822       0.33139518952395747       0.87856582866435518       0.81777416600910113       0.80669350182307753       0.98802502318218588       0.74389579164813102       0.89571930673570432       0.86831281060223875       0.87380085914037908     
  0.39099879998731185       0.43784688901744251       0.37245999781827333       0.40525845215135597       0.37995224475957101       0.56119992548345254       0.45894057380738235       0.40143345326984986       0.34528210327373371       0.34250044788049722     
  0.53868667140903093       0.35855631017256173       0.89177985551547045       0.82782040166336901       0.82715989101825693       0.98937114294350936       0.75606066585352250       0.90923609585171161       0.88443760208018507       0.88838680691842276     
  0.45680539804155451       0.35459912781386194       0.39455558139052549       0.42731937571321044       0.44189956894653898       0.42710196337910805       0.42303650158609463       0.30895577505062466       0.42264542169326985       0.36301537512902959     
  0.58106566086400913       0.38864629857677435       0.90417826639722576       0.83897150159284328       0.84989213498465155       0.99071988284405821       0.76896307255434426       0.92279766525913209       0.90064021289606955       0.90525210367561704     
  0.35915170917918304       0.34941028946469738       0.34359318962822571       0.41989228061512590       0.36401617842685441       0.41674040110783356       0.42434201554924178       0.35279278681076687       0.33994508643288768       0.33766885439473820     
  0.62783547585704635       0.42286751193531891       0.91773886534871074       0.85177456448724365       0.87397737355411842       0.99196637391225462       0.78397003722288583       0.93757856907787318       0.91744240693673196       0.92150768610234157     
  0.41596342415089754       0.35939622147802031       0.33928342867052869       0.43447400890946619       0.33603965798111984       0.39230959834577778       0.38221742130289904       0.38153398640762054       0.34857826197192732       0.38241041349317639     
  0.67951081426534610       0.46395723728081800       0.93239398236053861       0.86465043466771141       0.89765667903839486       0.99327281152864066       0.79874299445019692       0.95157505645123830       0.93392979510024043       0.93766510974024841     
  0.39063242157321237       0.38991907767864314       0.37291143167006996       0.35581155202869857       0.39600179760661663       0.47002584655579271       0.35879443974799308       0.41284945902884845       0.42452790811068725       0.37466444025091944     
  0.73710579566625201       0.51742413875870574       0.94942103367844299       0.87932103772755488       0.92305592844680873       0.99467597535159857       0.82002839870045630       0.96495014713873895       0.95067652912926603       0.95109947292611341     
  0.38631493119575111       0.36724219992851931       0.35033402458086266       0.41673275482644229       0.37212274902195769       0.59673780505936536       0.34186704320317812       0.31034143346277909       0.36903856127837120       0.38795441979908418     
  0.80018103919282491       0.59413800980999554       0.96642700429070794       0.89563708337463932       0.94677027923591206       0.99618488550274420       0.84406737423587475       0.97698239810623155       0.96733806476765261       0.96532011493687353     
  0.46132355052172686       0.35577215241552407       0.36023987366997107       0.44191850958675721       0.40478991471022391       0.48632645690440746       0.40095939749416787       0.32090853813530562       0.42560778911386105       0.48286345668180919     
  0.88371903265820373       0.73278978328467681       0.98328514961947011       0.94196930367724985       0.97346006514958572       0.99791858650769405       0.89814643687443929       0.98875680664991894       0.98398237267982336       0.98256824704268408     
  0.35859985147776058       0.32472818873292109       0.48916371274552917       0.77629336748364652       0.40774209295756414       0.51921034128511390       0.44816624506267061       0.30930368825022841       0.39034869260506561       0.48757951077244388     
   1.0000000000000000        1.0000000000000000        1.0000000000000000        1.0000000000000000        1.0000000000000000        1.0000000000000000        1.0000000000000000        1.0000000000000000        1.0000000000000000        1.0000000000000000     
  0.37526663640595681       0.41058720789557307       0.43942621334964632       0.30631397287982015       0.37612779001348823       0.37575377561901541       0.33363841328136867       0.34095229255429865       0.34820170752979474       0.46213358561355972     
  -19.361481368648356       -21.170067573655519       -11.731996722162897       -16.186987682293143       -12.352394348179116       -4.7414834475186032        70.095770277247681       -12.348475255857544       -8.6803567003729221       -7.5931497883976133     
  -14.495319814324178       -7.1501460797020346       -12.635870048374777       -12.633227319340426       -9.9999656360522966       -4.5287170553196798       -14.344725534543640       -13.614606057995069       -12.031292193449589       -12.033560300254273     
  -9.8889311433586542       -5.5511830778470541       -8.9174116354216597       -13.896747532745763       -11.155905109680551       -5.5707202336684079       -11.777932123608753       -12.197619039584529       -10.779399213251947       -14.571923397561171     
  -7.5881105844487537       -3.9239524594603532       -9.4484575901064876       -11.207339481109921       -11.905047048570244       -4.1706334631519599       -9.2024402156518565       -9.3182194609113207       -12.769220151705197       -12.625926414596686     
  -3.2651092243575577       0.62321464179269181       -10.080193263243553       -10.355228312668862       -11.266763070984753       -8.1267314537397404       -13.430498680202700       -8.6430229645352696       -12.892685529116394       -13.727590873279054     
  -3.4556226943506334       0.90034426413614854       -12.655055974026007       -12.654145450360518       -16.194284494107702       -5.7898469405555906       -13.317836431122249       -13.565577026533360       -10.413882936417151       -10.484290046784006     
   1.3103200634894550       -2.5218456850075524       -13.166045863484483       -9.9625658727662412       -12.124878591866109       -9.9276881768256562       -10.498022207971667       -13.413975055257096       -13.611422381879629       -10.278573311497887     
   13.777215846578869       -2.1904630024095164       -11.897635893045141       -8.7359145286342130       -8.0304713521542634       -16.633768111307599       -12.897181956977226       -11.474548105890557       -8.6095626918239709       -11.407107414840226     
   1.6583999386195342E-006
           1           1           1           1           1           1           1           1           1           1
   2.6159223685706898E-006   1.4005618265637885E-006   4.6910494914677814E-009  -13.461704287702783        9.7537783616028405E-008   1.5701859179380293E-010
   4.4226807054499222E-008   3.2634405723588238E-008   1.3926434618989891E-008  0.62883665888148943        1.3919692422225586E-008   2.2813367704354649E-011
   5.0000000000000001E-003  -12.360137296450660     
