   0.0000000000000000        0.0000000000000000        0.0000000000000000        0.0000000000000000        0.0000000000000000        0.0000000000000000        0.0000000000000000        0.0000000000000000        0.0000000000000000        0.0000000000000000     
   1.8580882760013268E-002   2.8828596004492127E-002   1.5520566178708348E-002   2.2206527498718962E-002   1.7625345636745601E-002  0.23148477417023278       0.12921506542813546        8.1886476949529260E-002   3.6699177876175923E-002   1.2082211242443094E-002
  0.33541197093834552       0.31275107178029438       0.34208597268155855       0.33708196264935292       0.31651521844137170       0.33982377660599239       0.25798523130432172       0.28198995401048571       0.37080453493326920       0.59412719342816400     
   3.5797479965995832E-002   5.7327217309782103E-002   3.0612705645672908E-002   4.3814359967167017E-002   3.5324679656139807E-002  0.33295641770013723       0.20902737539231558       0.14930850072180446        7.3646817631438877E-002   2.4119671676665407E-002
  0.30771438271592882       0.32358445931329610       0.28895658367202465       0.36627466726985508       0.32563313276847505       0.45475099875272396       0.37142941755299058       0.27650172463825939       0.39255188184814738       0.43727197463698603     
   5.1711199341044158E-002   8.5296152511180001E-002   4.8161227489312605E-002   6.1175346625816140E-002   5.2643379821703105E-002  0.38576074977344954       0.24326964797624043       0.19171604956086186       0.10353604015977298        3.8344000416751831E-002
  0.34802694615099627       0.35840131190838881       0.30808710955780838       0.37638395439987077       0.37297663214790333       0.43435007864242020       0.35169799374794569       0.29895799542790535       0.42516928020840300       0.39204120521044222     
   6.7268972887014902E-002  0.11174619341172268        6.5402739638518934E-002   7.8955892752961818E-002   7.0011644265969591E-002  0.41924941055158116       0.27019334842290188       0.22562249531948164       0.13197237179361140        5.2962805054080950E-002
  0.27265072426716741       0.29959305990309804       0.35954980112482099       0.40494713568450474       0.41762681778643312       0.37014257057873184       0.38611762071289790       0.30949294299400709       0.39902758467375710       0.36234395111153866     
   8.4537085341288135E-002  0.13493532917805479        8.2358369212631996E-002   9.6163631024593160E-002   8.7603851378199135E-002  0.44425667850223438       0.28926166485848365       0.24946046011856107       0.15842067418520830        6.8703759625276792E-002
  0.29654412009958681       0.29782254915558032       0.33026334482798891       0.34847843650209281       0.30970703540910360       0.31335796207782601       0.33617584912825760       0.31287837589416523       0.36574405418488110       0.33184129001040841     
  0.10125298579539523       0.15829101910095622        9.9256254459012497E-002  0.11369640634843219       0.10546002580940765       0.46619138001831589       0.30703587180228942       0.27006409789649677       0.18473223596142802        8.4308068437034686E-002
  0.32867087359562280       0.34420286209314488       0.35920565154860074       0.44157512549639560       0.37760230393177652       0.31823265614777296       0.31642844270973997       0.34673836741149122       0.47471845579084854       0.35108522661671820     
  0.11794414842410822       0.17950712451675749       0.11559744377027087       0.13011064819280269       0.12130884078915097       0.48572898022128574       0.32176174306818406       0.28710027969915225       0.20834984370321533       0.10012723947685619     
  0.31950347562236525       0.36892188355663857       0.30438333073001572       0.27502023926466063       0.35361302952739199       0.31054613612609239       0.36717806272787484       0.30791417772309559       0.36663998368967260       0.32569858090408432     
  0.13494281341511588       0.20146420644857543       0.13213433392275667       0.14651880105634282       0.13698087009195112       0.50322342323316638       0.33634576402018690       0.30322853971581021       0.23223070489699063       0.11628258826765633     
  0.40114325904739678       0.32567014954896700       0.31871908666757853       0.28870016716885366       0.31490825862919208       0.33527347745653269       0.34855786351257745       0.32806205657623355       0.31978701776012519       0.34377226191552823     
  0.15140518334312023       0.22154054548363319       0.14733158354643533       0.16136846103856883       0.15307600495470122       0.52008104813089406       0.34867002746106313       0.31778562785983727       0.25510828376720379       0.13262885082768128     
  0.34513595009985371       0.31231039548146866       0.33715002583840770       0.29599371529120816       0.30452414143935408       0.35735976485258997       0.38146147464778779       0.33348428723804208       0.36395033189854165       0.30523397687741788     
  0.16767696161805312       0.24183064020512796       0.16275354007279025       0.17645609755405903       0.16836809245070805       0.53282169255839817       0.36076151595294831       0.33232325318865219       0.27779883311090392       0.14887497606972822     
  0.29854696183500995       0.32568963767832443       0.34490163079397090       0.31120967054689502       0.32124085901908334       0.32765989626932313       0.30896290532906268       0.33961210226211969       0.39515956231658661       0.31930437538656570     
  0.18443973156831153       0.26018509003945856       0.17305261832950192       0.19221848598742658       0.18471365058695449       0.54128027629747388       0.37202578977539008       0.34642300346008137       0.29855111867711315       0.16582545288283962     
  0.35422077587744177       0.36759267489276504       0.30852709514667442       0.31976470804662926       0.32498794712869139       0.29150270067505446       0.33255067131574528       0.33489021329857360       0.34539993448809969       0.28836096836029379     
  0.20107485096654007       0.27787701647131058       0.18189172340087134       0.20805254600975509       0.20134100875141786       0.54885350053603177       0.38303012154099125       0.36038019197757359       0.31859803088412542       0.18313708756368777     
  0.35473568924486870       0.27819431609676393       0.28212288941918462       0.33478680067562960       0.38374950805140923       0.25798523130432172       0.36376972780894545       0.32859382977574475       0.30457085586121535       0.32294748721336691     
  0.21744605743097567       0.29430210591339317       0.19045085102275913       0.22375813256008495       0.21827113549570987       0.55619929340603813       0.39344844789390709       0.37427929777142765       0.33660228122699720       0.20155020873715795     
  0.34749950209085972       0.27882688442855086       0.27650172463825939       0.30071031609658638       0.38574912044757925       0.25798523130432172       0.31121059381938088       0.35426699658920840       0.32445439981022633       0.28578630882935324     
  0.23400832318432491       0.31049215581270867       0.20109856730370351       0.23955332187412753       0.23525752008674089       0.56650540398254112       0.40373251620104061       0.38826887430246398       0.35457644626558249       0.21974989272263010     
  0.30597560769554094       0.28795738076072980       0.30252862491565274       0.33354843830334835       0.36377389511358987       0.28757326495901597       0.35472623964114480       0.31343316730067694       0.35813828932021008       0.37356966364938560     
  0.24974879697293090       0.32654871242833761       0.21539506032343372       0.25501270826496852       0.25181897070677517       0.57729723106978981       0.41417249770808406       0.40227208986056012       0.37284771139799600       0.23714009331558653     
  0.32606488393584032       0.28884716963750251       0.28837832364227162       0.31802457266030476       0.31516418311139771       0.28260830510818219       0.34415350407995854       0.33772769367443539       0.30534080277473735       0.34183059057251386     
  0.26504025578621815       0.34264138412894718       0.23003724796842345       0.27041079817477476       0.26814679339728392       0.58968937484439099       0.42463893466213121       0.41620298781464077       0.39124549502929390       0.25445600165880661     
  0.32338191220548357       0.34960498136263202       0.28204615875448996       0.30661844210467726       0.27142249492567377       0.32162015996682397       0.29527247616207636       0.33282388980160010       0.35339189050905584       0.28790310151761034     
  0.28095214819959013       0.35833030746065814       0.24622664967501884       0.28549444441132366       0.28425621127696366       0.60168996799684482       0.43417224616186290       0.42990114078730002       0.40895342927237177       0.27177045634440278     
  0.31032655544562571       0.28704441742936576       0.29749364679957174       0.32031727318114017       0.30717745607320929       0.35013732131796138       0.46559899815313804       0.32939394623153695       0.35816862501100871       0.32032676025416273     
  0.29671658186396044       0.37408777623859946       0.26238435688802797       0.30040482025548965       0.30021936575042152       0.61332343172533077       0.44333344559997789       0.44386867681120984       0.42636655449140021       0.28858778465217527     
  0.35185009655869592       0.32078065097228375       0.33249188204381308       0.33777210943750530       0.30484011524741972       0.33951019881689132       0.34396505588401377       0.32226459040145178       0.28847514298846227       0.34935076815715904     
  0.31232571833999911       0.38845448641984603       0.27803239243430128       0.31574407350651940       0.31639066350243011       0.62467002185351383       0.45272835155177815       0.45824888631530508       0.44383021902589681       0.30448868958104208     
  0.30369947234535521       0.33138127674938339       0.32667119806239120       0.32359940011211619       0.33659126580922349       0.31915111664355328       0.31007800561396531       0.30301082866593626       0.44975504519294091       0.29126289974759001     
  0.32816291862346508       0.40263795271737585       0.29360709586747402       0.33129782965825638       0.33267460009195005       0.63582402716044428       0.46201218457619830       0.47243776175073360       0.46101092034864294       0.32018842006456766     
  0.33333997945156080       0.33074529562801858       0.33252745742191703       0.29302327675464124       0.33252129595186297       0.27728045282632635       0.35949334385867754       0.27225053067133731       0.38782128976936797       0.32585972460237950     
  0.34449508195336548       0.41258058157222199       0.31007285807947210       0.34663369630944524       0.34933492575587238       0.64700462175681428       0.47109823787802080       0.48647429147529675       0.47755889024350978       0.33660225287821460     
  0.39343898705277613       0.31761707624581170       0.33586608704986842       0.28828254423280902       0.32145163933658716       0.35622249332092082       0.31262681693790823       0.29814118433238601       0.34797884247414029       0.32135164035102187     
  0.36117339126670522       0.42111758437535329       0.32669393734551755       0.36193087062536999       0.36630995244500314       0.65827535149651017       0.48004594316231108       0.50081809561731583       0.49389872896835951       0.35359291040381507     
  0.30816313481236635       0.32304881893968829       0.34625746428319210       0.31921136688243251       0.38758174048916061       0.30062958599988632       0.48504745311610642       0.30174932697170803       0.32518474746737935       0.32838288499159374     
  0.37749064819706657       0.43186717169852090       0.34349897201331414       0.37697375344786382       0.38320376547248003       0.66916740543039221       0.48838978556906026       0.51554260519777151       0.50965332984981715       0.37076992384272867     
  0.33864327870598704       0.31694026336257097       0.32238315476485546       0.30943959316919367       0.39033639231844436       0.33751397370770914       0.36367357237975112       0.36387935819547623       0.29795381956499539       0.30359134088788076     
  0.39357281025758056       0.44375297748918241       0.36063532440106494       0.39196454839741790       0.40012027097056041       0.67981273885919513       0.49661697372500929       0.53003258376487838       0.52547629208017665       0.38822498653559090     
  0.27915431711706301       0.29740473197355755       0.34521525860188146       0.30130555056920200       0.36092019978651396       0.36658615181196597       0.29583795178793448       0.31927684732071315       0.31496510665310395       0.38140578488723104     
  0.40959467664570287       0.45955322137368820       0.37784324977056977       0.40732567683914456       0.41684037753008929       0.69039136114439348       0.50495364810625432       0.54438035880949964       0.54043125770362532       0.40473181553368698     
  0.34738397786448516       0.32197201567528444       0.34817535548204415       0.31624277694768338       0.30009721681379864       0.41630429252092466       0.32191820405298543       0.33781928771949016       0.30940193041552899       0.33315997298861200     
  0.42577971662291886       0.47448715266271851       0.39489233497200366       0.42284659310372813       0.43323769393325329       0.70107703909149677       0.51336168483262323       0.55838368131019400       0.55550062211259565       0.42047801739285351     
  0.36979936289001619       0.36214945272060695       0.32820696909712926       0.34893207196815035       0.28256646322727652       0.32802575189324890       0.32087361074419152       0.34083159412983305       0.30291782184767230       0.31532298593701147     
  0.44243454117167080       0.48856836009029314       0.41165633708536326       0.43862122632479811       0.44942323594321193       0.71165045982386321       0.52131626913928941       0.57162528296251491       0.56965588786681853       0.43619146614488818     
  0.30535768181252632       0.34073758792889652       0.30739539998000448       0.33205372734786220       0.32766144883626297       0.33112270929521925       0.31196193930191868       0.35525171804070982       0.33003282950977092       0.30766684903056818     
  0.45943438478034149       0.50229166443841233       0.42837874818334098       0.45454074578863812       0.46515710947122485       0.72136500587545538       0.52950735553631012       0.58482697864905997       0.58377797475921045       0.45221564723483937     
  0.40063484307304537       0.31532120327288987       0.28781143588449232       0.30686693301465501       0.34724230347686830       0.47404341701531633       0.28996288587998637       0.30275717817173969       0.33986654437492203       0.28616750128706392     
  0.47616959945969084       0.51594703357312455       0.44452091425059465       0.47105289269491035       0.48121558118372992       0.73119697084591417       0.53479451694063940       0.59826573221238188       0.59779903769278997       0.46878952150044068     
  0.33270055640508167       0.34591302060497181       0.37473641383509432       0.30443718517569229       0.35432723999381133       0.33398526674210616       0.28445747749778733       0.35767762733623293       0.30391276261381833       0.30211910042248219     
  0.49250151348710808       0.52947309591089953       0.46069395170162475       0.48819574859818887       0.49636901131427419       0.73953865991866463       0.53960091733442495       0.61196491138273845       0.61170947279842647       0.48570943633840163     
  0.31830486341404240       0.30468981288769464       0.33255030161990651       0.32298046455664997       0.33288293740326452       0.26888584579735059       0.27282941783785597       0.33420521905128220       0.29424807244335210       0.32655622111162869     
  0.50893727747398776       0.54262460063347195       0.47718235761002442       0.50370732362742621       0.51158840114403858       0.74772633005291056       0.54381153919442693       0.62614452345278138       0.62504902790974537       0.50246040294600069     
  0.37785982564478698       0.30377379369234958       0.31337413571361650       0.30757411459872264       0.27858058710555483       0.29448854595586715       0.27650172463825939       0.27855740592126405       0.32478971847218813       0.30444647613793463     
  0.52537490468652781       0.55538237037700877       0.49378006151382620       0.51814081910109355       0.52704209057893359       0.75523310005245936       0.54885948085598024       0.64047116949565119       0.63818173228365183       0.51885891317789312     
  0.34106963864902312       0.34142073047535504       0.29582551030407533       0.30208492188534153       0.29259828613439970       0.27295713440737135       0.29413697196522032       0.32162490871871841       0.33907223853859103       0.34565741215665696     
  0.54172231841460661       0.56798514572519143       0.50970280328320006       0.52950629667064131       0.54251425166747425       0.76281387433544023       0.55501063131270789       0.65440202920291046       0.65104135479239944       0.53497165713841377     
  0.35910522265812678       0.29613811499607617       0.32125619947172118       0.27664487719216641       0.31495769385144989       0.27834725997935356       0.27325843716486758       0.35606889231143751       0.33732577132406788       0.28937001944219315     
  0.55787738430931055       0.58068536957878136       0.52541188646229875       0.53857974007404352       0.55715404450142370       0.77064152743378922       0.56223074749425972       0.66840378817607127       0.66380862523684292       0.55106971945639982     
  0.28536697055410026       0.30897136992523105       0.31836904559031864       0.29313419632408633       0.36425964780680375       0.30296152516123742       0.34256677738654034       0.36668639700289468       0.27924544702143372       0.32937825499314605     
  0.57428296760698627       0.59324395900944593       0.54065979725881130       0.54888109799882290       0.57159989224037444       0.77854311094139705       0.57004534945824947       0.68163345068712433       0.67620768581411039       0.56708211746906678     
  0.28267238580003212       0.34641607968693050       0.31291698256930789       0.26069062074427318       0.30142497613327002       0.33019009652626191       0.30551127671466471       0.30782592731947117       0.30672304947850704       0.29194749574811191     
  0.59081013531064475       0.60564973058068083       0.55612294133888118       0.55973638902415002       0.58588444211187729       0.78638332913189013       0.57769981344359866       0.69496192324656303       0.68804690885065234       0.58301069812906714     
  0.33874414330058750       0.33100735608851806       0.31493263258535459       0.27878611090265193       0.26757767184126446       0.33243795991899366       0.30455240467566413       0.32075444321122909       0.28391926309763410       0.29027108995911549     
  0.60718360819031580       0.61806879003971249       0.57229289290353447       0.57902514569648811       0.59999237447408982       0.79418323770913335       0.58551544135862010       0.70826759332607037       0.70045111702259255       0.59895781128702019     
  0.32466985347676103       0.30430652013587489       0.32504863287612384       0.29189878986540402       0.30783558025765101       0.28676229712330953       0.26181017741015122       0.31409084900401557       0.31487505106704827       0.34743362758756097     
  0.62404896867991455       0.63082374405540520       0.58842586981729395       0.59709957423643534       0.61465168218894617       0.80185605938048976       0.59341467101976297       0.72159835856626164       0.71296495403075322       0.61481775750290590     
  0.30396148459413780       0.32533141243852065       0.31556312176073570       0.32934030490520744       0.28621677808752066       0.30773026842468204       0.37286209177901980       0.35406686255835484       0.29227280100463876       0.27908323872884772     
  0.64076429253015033       0.64408780393200482       0.60520858902127195       0.61533675433513191       0.62663426879486950       0.80950024856175018       0.60122003061752116       0.73412603945930777       0.72555525034726531       0.63073172491930962     
  0.34331206784585938       0.28616061055980213       0.32474516758674360       0.31385667706086029       0.27031328310284725       0.30346020953650882       0.30823663470755708       0.35152438235751782       0.31583570744576744       0.28185024567470168     
  0.65674544095500320       0.65741296394415583       0.62175204899319336       0.63375944564379549       0.63531753947672276       0.81679969369755112       0.60923102007225771       0.74701728977376980       0.73826858321702382       0.64616571698764314     
  0.32881570668460774       0.36942734856977538       0.34407357946528988       0.32746239690867668       0.31983278582431002       0.39704703135785430       0.32150091825825822       0.31963494441796292       0.28756353455444134       0.33007865476135656     
  0.67304351371001903       0.67032069965618057       0.63803332418713454       0.65183067151255447       0.64377710155782242       0.82398362719287466       0.61729901235875406       0.75932268978906303       0.75087829230212655       0.66180339598715532     
  0.29597315634540811       0.36014012133021045       0.29762939443757658       0.27982344432666129       0.28136361199653981       0.29985394951963784       0.31892371715085222       0.37156649962047733       0.34826716311923833       0.28357525983743986     
  0.68986599660122161       0.68313027753846978       0.65406382878063141       0.67001376228848697       0.65315946156050986       0.83100810120015178       0.62533029405501739       0.77157889521977430       0.76344875107340870       0.67770095872561165     
  0.33431483990142469       0.30447158956564124       0.34274003327656971       0.28536036345129395       0.28279742592490659       0.31435148015577347       0.26922125145263426       0.29158165684873233       0.30376045563671822       0.29634971284169498     
  0.70685147273410798       0.69570816738291319       0.67006882794158429       0.68724791673351504       0.66564869117664704       0.83785460387192079       0.63348101821728253       0.78494883991386655       0.77555272587947943       0.69446618570176344     
  0.29566833973090861       0.32548204732726299       0.33957482021505153       0.34677797239789182       0.32289549357004149       0.34502751159178263       0.28032824412281221       0.39744378147600196       0.31948138989232439       0.31646575293214729     
  0.72294400363087097       0.70823641268878834       0.68645049516209589       0.70462409499548206       0.67978712050150447       0.84493668693846835       0.64183778307460015       0.79774264872815914       0.78771011930526369       0.71150510362331176     
  0.31261020090202324       0.30229026588650454       0.35736319714105119       0.31061233040991304       0.32471120377440765       0.29619139855424742       0.31644062068523005       0.29822408493872488       0.30000769903410340       0.29535911577266705     
  0.73862022699994268       0.72086280389794066       0.70159917821682305       0.72087602386971250       0.69617154584725782       0.85211014464186230       0.65071301112305246       0.80421406138978879       0.79979590261071443       0.72841718426300295     
  0.30901107785404774       0.27060163418748823       0.33257468290127123       0.29972215989614370       0.32640318922464079       0.31120095757784488       0.33545499732749418       0.27650172463825939       0.30990173257288717       0.31740555456688396     
  0.75398299828330906       0.73370583838788617       0.71692445948379524       0.73650772234828432       0.71185567141103767       0.85980109887609346       0.65965858734068317       0.81128907831678987       0.81183764468680641       0.74526598628814944     
  0.29494443469775694       0.29116151097501858       0.30373517031993696       0.27459176627580834       0.33202968796238913       0.35248938114131606       0.35574768684395064       0.28786619231140687       0.32280809954559320       0.28138481621015005     
  0.76943571931198174       0.74674758594808155       0.73173448053103640       0.75288445046467878       0.72713529405657840       0.86749078076087316       0.66857967122904050       0.81847742011748803       0.82415580949992551       0.76193848170731715     
  0.28390896253317055       0.32850089060510629       0.31260240576594733       0.32337013098799261       0.31245770630890901       0.32129286866779921       0.31425218579937148       0.29763297230799035       0.28939351090159027       0.27764643842494369     
  0.78424371779742796       0.75983392513514725       0.74707214366713115       0.76921912671546555       0.74313704800166736       0.87521103145939383       0.67737093064448339       0.82780655261496139       0.83662368783934449       0.77858789133239148     
  0.38821077296152784       0.36442543938584743       0.34950032856053515       0.28143696424510378       0.28079977509890830       0.31802697302316879       0.35435864509100273       0.29651075263825089       0.31755774374883466       0.31339492750736736     
  0.79721393396427798       0.77399099900074431       0.76252584722359240       0.78582532384155801       0.75954951034150342       0.88292582121271390       0.68596750928774541       0.83839334789948761       0.84905414571717963       0.79470548611016634     
  0.31932794744198284       0.32798792958090123       0.31863941533732298       0.31721264377653879       0.31360468344546666       0.30978787251737566       0.30185899927854215       0.33946089889385794       0.33081269517331913       0.29242910605752931     
  0.80476964293797648       0.78795206597980794       0.77797015477369802       0.80266484611747180       0.77546387492613289       0.89024428653046461       0.69451193955376755       0.84996489087888250       0.86149072328354181       0.81061521021336480     
  0.26697189682470418       0.32299221338833040       0.33724402437056250       0.34697773545104815       0.38095572329473554       0.30884188959671088       0.37283123392116596       0.30376003245270261       0.34309007237022893       0.27130305952710643     
  0.81270936384625758       0.80182194240827454       0.79307269262142788       0.81858403574642646       0.79102322825928573       0.89738340201566980       0.70373706710567641       0.86196135628713755       0.87298819845004183       0.82734793895965497     
  0.25798523130432172       0.27996286043958396       0.31610271800705986       0.28796929487957079       0.36005021242071045       0.32506853155151105       0.27856724394728483       0.31743070516422323       0.31874442619535071       0.32189471468229858     
  0.82127875672803208       0.81626231940447802       0.80846822601868162       0.83421446998251048       0.80676660572412962       0.90447602583668996       0.71291247349512288       0.87391043530265922       0.88354354497561705       0.84461379900081168     
  0.28717643570204870       0.35031011427819231       0.34774215132273339       0.33553579440855669       0.39396584487034669       0.37107677268023398       0.30919853898742811       0.31225300533492784       0.26876671181822248       0.31112594656669429     
  0.83548507219693369       0.82988200008987822       0.82400569179237904       0.84989493586367060       0.82257864987954299       0.91139305255024894       0.72330258458633290       0.88557215316618054       0.89227379166057086       0.86200240400067096     
  0.28367633611464099       0.34113057231034583       0.37506388139503927       0.32169720970043592       0.33753267076150778       0.32559731993382174       0.36291879315549530       0.36774133261633229       0.27302799393159427       0.29123527453332737     
  0.84965196486994121       0.84354200193887074       0.83963540991442021       0.86604339762165816       0.83828024519613309       0.91844125093121209       0.73355388354679918       0.89667856206917895       0.89891083741709843       0.87966080335738106     
  0.33002884426175250       0.30522609939218698       0.32707943040975640       0.36921894114186832       0.29255518988100720       0.33326858353294359       0.28157050867570793       0.35017054263552688       0.26158202937870850       0.32985153747325324     
  0.86507718602522543       0.85772262992597237       0.85500920429706362       0.88222566123271573       0.85456552825630072       0.92562448911710526       0.74507634110003573       0.90755727306673184       0.90543153236279017       0.89723930362922966     
  0.28944965147563756       0.34619827215557664       0.31572869112904928       0.36193449958911644       0.30368070494081101       0.34108729694927392       0.49227977404782602       0.38731153641389082       0.28235968213209522       0.32747987935979456     
  0.88090544236585655       0.87151246776073832       0.87042248490920227       0.89782790560028136       0.87101952861578669       0.93278016449395140       0.75630705307480228       0.91793556123550790       0.91259333655240815       0.91456474530523568     
  0.35514779774953437       0.31549154537958951       0.31101395901811851       0.43041881095332163       0.33129142611027151       0.35500391965565470       0.31872172091923245       0.39244619912298262       0.25798523130432172       0.29810791609938631     
  0.89739208623367961       0.88621159838913810       0.88687954474041675       0.91294693960760265       0.88792367096131697       0.93994247188744939       0.76996383943680013       0.92792886605144664       0.92433389085470241       0.93064756824458650     
  0.37570072862553222       0.37036766576742608       0.34965279303450297       0.38292263531280524       0.33666971045329103       0.29100367931812687       0.32341228222468521       0.32033106161841934       0.31654276517975155       0.30514034456014599     
  0.91280296865533883       0.90139837671978684       0.90296539055288205       0.92728459672405961       0.90446131775289862       0.94716057385732522       0.78369047550355597       0.93813259869382681       0.93553219740897786       0.94676884020859275     
  0.30179648244951679       0.38533847263185500       0.40926520011146178       0.34482300891114631       0.35255868464907775       0.30778457964254929       0.32959115046223958       0.33036459510466420       0.32335989588115183       0.39528305226805877     
  0.92708699067904687       0.91686641444611705       0.91923798412035440       0.94062876055456779       0.92088431061136578       0.95456432545089054       0.80014408504881207       0.94798567354256513       0.94635209467812897       0.96000060101435514     
  0.26805413493531344       0.29823148649571146       0.37250254635810259       0.31811727997683770       0.34984173301938787       0.34597343178412709       0.32782944910475209       0.34902023427910289       0.29467961868121051       0.31231522399014972     
  0.94178998636974065       0.93234590956433216       0.93550274413017931       0.95373810211602716       0.93729563336831367       0.96217661759450479       0.81710162411939524       0.95821936277970776       0.95721243242827303       0.97259667367383273     
  0.35387475597909407       0.37848846247817192       0.27941171066399667       0.45819770042751595       0.29323581418732075       0.33768948708360058       0.31584994241628905       0.38454652409314982       0.30780736292521127       0.47069045496439182     
  0.95675583270727349       0.94936408996698662       0.95133978064827107       0.96596191566229939       0.95291611821150379       0.97043157669953128       0.83870884672834023       0.96887217619779975       0.96859506503695048       0.98072535760275192     
  0.38941702620193547       0.35006273628001572       0.38195688720418092       0.38759047920239242       0.31514385600299388       0.32871719827481383       0.30711729573437724       0.32661946662013214       0.28849684283898713       0.37426468794304663     
  0.97127142949210599       0.96644934510294311       0.96705384000939443       0.97803219476212144       0.96863822963742685       0.97869266614368255       0.86406364237331545       0.97926936817561328       0.97978020126041565       0.98739340909047113     
  0.30098025962694508       0.42228854046924547       0.34874311655994017       0.38261375905915307       0.31711910284176992       0.33756320049255611       0.35415921599487316       0.34441530159078476       0.29227034692883097       0.33317843655097951     
  0.98594494582625780       0.98297218402804876       0.98324635375332903       0.98896134695463211       0.98422754940049229       0.98912203036886781       0.91836340863063004       0.98971621415051292       0.99005306769015344       0.99385261992157037     
  0.35030213540491195       0.32842835848592544       0.31375959449322760       0.38435295141665743       0.35120402503265291       0.36086957655198643       0.32889379800120006       0.31305179831368607       0.26839168806233382       0.51004596585899575     
   1.0000000000000000        1.0000000000000000        1.0000000000000000        1.0000000000000000        1.0000000000000000        1.0000000000000000        1.0000000000000000        1.0000000000000000        1.0000000000000000        1.0000000000000000     
  0.50510884303688419       0.42179112713575662       0.33348215768174316       0.40468765034081583       0.31262929845550785       0.29458527076531438       0.25798523130432172       0.30275006404728994       0.51193957020142100       0.30728907017300189     
  -5.3543277823079354       0.47537016062763832       -4.4505829938725983       -22.245789537412765       -2.6103597115319586        0.0000000000000000       -1.9841767746430929       -2.7932814904401542       -2.8532980369196368       -1.2051823523550607     
  -2.3521237450874626      -0.24443241367171728       -3.8359064749307796       -14.783898880813162       -4.6521256539535836       -6.2008895379101290       -6.2867200618915549       -3.9441843035743651       -3.1516549016380484       -4.1606543953395683     
  -4.4308264959351993        1.6028897324380802       -4.8205166858115307       -11.306282267308600       -4.2304722679441999       -4.4727927273987591       -4.5123303142557649       -1.2842527250996929       -4.3569112657973923       -1.7228175142054056     
  -3.9929097042921318      -0.12281847948557123       -2.5774226216601335       -8.1474579216935492       0.18359114338958324       -3.0893513862099415       -3.5925231429469844       -4.0312837657435763       -4.8947022629434187       -5.4197840648858095     
  -3.9366386551393804       -2.6225936809771730       -3.7544742867647543       -3.8777345538987160       -2.2135077009670501       -4.9170116166102718       -2.4680211497322517       -4.4179937999738792       -5.2259447842723032       -4.2777726690898730     
  -5.0107750826015147       -5.6227580363772294       -6.2170675928642840      -0.64893459129442477       -6.0363711794228880       -3.0840629007951277       -3.4137389417361685       -2.3846429627107715       -2.5311842436729881       -4.3406567068834541     
  -3.2281839389685487       -9.2752405165825262       -4.0771106021073669        3.5944793878286103       -4.8832845427579308       -3.3035156104509280       -5.5469554012403135       -3.9793683044224859       -6.1990650563644305       -4.5925052611987631     
  -1.2897303587765776       -12.630751224252133       -1.2436621031544848        18.277834454156761       -5.1370530334417257       -4.2210959311438820       -3.8240323335477999       -4.5487032593858023       -1.4951914258231493       -3.4949962571586748     
   7.1166132371568904E-007
           1           1           1           1           1           1           1           1           1           1
   1.2973496409578493E-006   9.3730861333414170E-007  -2.3755185915296594E-009  -3.5580081574514542        6.0477894201794939E-008   1.8354218012216389E-010
   1.8987830477074013E-008   1.8811960659488547E-008   4.0178073323624412E-009  0.30663566403192516        4.0084942357463684E-009   9.7319884554349199E-012
   1.3929243631462956E-002  -4.1451108854666217     
