   0.0000000000000000        0.0000000000000000        0.0000000000000000        0.0000000000000000        0.0000000000000000        0.0000000000000000        0.0000000000000000        0.0000000000000000        0.0000000000000000        0.0000000000000000     
   2.9678177946450598E-002   7.9174278216962194E-004   1.4250591374778809E-002   1.8635571838295818E-002   1.6329449057823638E-002  0.12812582840191458       0.11099178601792585        9.8430233661326472E-002   3.5189581817911618E-002   1.7816766649508809E-002
  0.54821152150981400        1.7086095305164628       0.44270130664700319       0.62820077737566493       0.63545963567996522       0.39381609871787943       0.39058906252140979       0.63093773282379328       0.67931707808633912       0.57557573226421055     
   5.5413931676135939E-002   1.6012199004263260E-003   2.7184705533069262E-002   3.6364742503403928E-002   3.3246989266072030E-002  0.21281289644553975       0.15916323929771281       0.16849155713316899        6.4911625730040251E-002   3.5755319157045093E-002
  0.68595114080330044        1.8530872775157361       0.68985153369832719       0.63040420490261728       0.70259591873524496        2.3752117142646085       0.72655395710774584       0.64450336345834769        1.3393736602603292       0.77666764239651098     
   7.5871891285159809E-002   2.4373685326202180E-003   3.7681207997547914E-002   5.2924897580174476E-002   5.0083029023303395E-002  0.23770262950183882       0.18201150871515701       0.21668253293367051        8.3379481917559561E-002   5.2320521352142033E-002
  0.59245831724796572        2.3114757083378623       0.71553440849725114       0.53682440205284720       0.83494284345098824        1.2299883299675178       0.55948654359302297       0.73319149557142593        1.0705476820280946       0.69905083675641599     
   9.6357925958291027E-002   3.3484582480440084E-003   4.7919836652300381E-002   6.9277679902992786E-002   6.7392468088375901E-002  0.25140902857709979       0.19997183666550844       0.25095458071326898       0.10177095232866434        6.7471538107794632E-002
  0.87903172732934653        2.6947830328980737       0.87675292550170369       0.59657796017264308       0.59601239882123880       0.75496590043786005       0.46428080721518222       0.56532127837747959       0.94402478732052586       0.51767729766680037     
  0.11364480616245920        4.3092523769094190E-003   5.6755181705294915E-002   8.5505718898618438E-002   8.4025416891654992E-002  0.27127013293361213       0.21551185172771453       0.27755313870836279       0.12063469832505672        8.2153789574757247E-002
  0.71038338289039149        1.9315415025160878       0.57582163556963495       0.47902709412507211       0.62711794284237665       0.91629008143370116       0.65870466339604861       0.56587339663665692       0.83999896570160781       0.59664085951671597     
  0.13098227798722542        5.3496430633686535E-003   6.5131610080167074E-002  0.10141258698950631       0.10066507219037772       0.28771017639524943       0.22999290067522477       0.29975849619195749       0.14064131895833012        9.7639263046342795E-002
  0.66073298188270990        1.6306664360522569       0.70674994794689983       0.71146811744740801       0.55056789563301212       0.75632547212961554       0.60645721482516557       0.48815260013052908       0.79375702846816931       0.66287290668840138     
  0.14703194826782981        6.5495707790781989E-003   7.4036049553487387E-002  0.11752518970285167       0.11890002772991672       0.30139083641664538       0.24328213381539668       0.31881354432011150       0.15984569166943030       0.11417259169359588     
  0.47355471909141472        1.7235064328055758       0.71846956659285766       0.65015195359734657       0.74032977349848728       0.67811063779480474       0.52128962661802103       0.56825151144117070        1.2382818714039063       0.55982818061531747     
  0.16190314380531268        7.8705388893955328E-003   8.2381379522613540E-002  0.13502360548294812       0.13678816564726598       0.31455513835012328       0.25699233854200465       0.33920776781342415       0.17655437873186608       0.13181897212688298     
  0.63947474294643469        1.0557202314799972       0.80865814401539926       0.77561234018497283       0.62881122963659963       0.71402010555519591       0.69321488012630283       0.46367963707991561       0.82685187369355839       0.67598318269172253     
  0.17486809925264910        9.1316647333545813E-003   8.9543107706505060E-002  0.15315018451303605       0.15168686935439601       0.32679722014870494       0.27174581489086380       0.35841402371197661       0.19379628964002790       0.15056458357243369     
  0.45161627868666859        1.4903906725211880       0.86332658935363715       0.80595860419471177       0.50944312281100146       0.62115000274560106       0.79584303415337243       0.51650970555683673       0.75744562655217273       0.60397395731307990     
  0.18712205580987834        1.0613950521343864E-002   9.6336256099162410E-002  0.16897407785029012       0.16603057571308258       0.33716955577930668       0.28541224116878711       0.37702783909790416       0.21241090668817239       0.16879373921132512     
  0.54817646825861521        1.2850088818034242       0.76709660387761724       0.63961789483826959       0.51985110468328732       0.66628971356098421       0.68354515027157636       0.59444494783938384       0.97509996986177527       0.47174190208956135     
  0.19935016072688541        1.2431375454647791E-002  0.10310239799561979       0.18225265439381858       0.18064784693480598       0.34793678226947644       0.29734493874512880       0.39296719209741532       0.23028546498070321       0.18518496116957162     
  0.46925509043254898        1.0617340237145767       0.50325749160791722       0.59994368590628355       0.62023613765484975       0.57208340866863072       0.69524782461090284       0.60997567521101215       0.79661278763678933       0.58764312540985841     
  0.21231917261948924        1.4492852712220314E-002  0.10955035947651193       0.19637647789638427       0.19477824031993668       0.35931146636084521       0.30785323684747273       0.40754931381641341       0.24805524804822968       0.20188450101368266     
  0.53353599050891154       0.81570872295997687       0.65317624889791603       0.55048122858966442       0.52836424668573967       0.69792156144592554       0.77068304122679598       0.59274208451159183       0.95562121518618082       0.61960241671001060     
  0.22760973046501512        1.6926543630762535E-002  0.11515213299975328       0.21165431434807944       0.20966076209088261       0.37080231259588670       0.31903833168535456       0.42192934904413493       0.26465324131707985       0.21803175313686682     
  0.55245641445181637        1.2350834405739790       0.80127749552832861       0.55722432385037779       0.59267772821812670       0.59158890042288104       0.67102345110386308       0.51458137468974441       0.95681855344989264       0.59955022679508518     
  0.24383027022251857        1.9780532439878130E-002  0.12057705333579358       0.22777253746711940       0.22547354845393328       0.38152885352467436       0.33139333919465530       0.43638052809178673       0.27877798271553506       0.23498370364467755     
  0.84353200969714659       0.94601401549362296       0.50353052114859298       0.61554283346400052       0.54349041782639240       0.58873555133058131       0.68578831956877284       0.62713974431357666       0.83373716367298267       0.49132452702975848     
  0.25974445180598299        2.3179315381180236E-002  0.12600871876009731       0.24192144340343358       0.24217605436886164       0.39291753778335903       0.34397496472836403       0.45044677880777184       0.29144330561137416       0.25271417453616385     
  0.64500974397812971       0.68090879792526959       0.51546598259474585       0.79906541002508036       0.71482416398882920       0.78297542373682993       0.76635468569457144       0.59028156828883616       0.67368976543147197       0.64697658196447927     
  0.27679300938785828        2.7240380189957947E-002  0.13127262348899613       0.25676286877068882       0.25966569861704664       0.40482821277271791       0.35592148772068177       0.46339115797363362       0.30310692788583843       0.27135865283691457     
  0.70251005761109697       0.77559099705731005       0.39888500464530868       0.58118592425830184       0.65892814156121693       0.75989761519429166       0.61185183807500088       0.59793146273640152       0.56954155946555374       0.59472808432581714     
  0.29402843113191068        3.1648128798284283E-002  0.13777177501397841       0.27277869711202013       0.27672530812615453       0.41642226095471613       0.36771530273804781       0.47627177843264557       0.31494371444878339       0.29091107198890648     
  0.88085668105896930        1.0616394842764940       0.63304305234238845       0.70694996717269698       0.66395671284679791       0.68085201380460192       0.69561785640881069       0.56191477171398585       0.72326330134598582       0.61225346271829983     
  0.31115899259350865        3.5929197512557701E-002  0.14381665912673194       0.28925333105144840       0.29323102109213839       0.42754995718809485       0.37952368904171963       0.49090094089452946       0.32849087566045360       0.31026266989767765     
  0.51847314018993140       0.58186614546378579       0.59958156744866586       0.64413727149044975       0.45360770864558614       0.57677778492084730       0.65014287068570331       0.60079992155119633       0.65236293034843473       0.64424438372230064     
  0.32840149879932740        4.0504442112635625E-002  0.14955850318588215       0.30587546084055822       0.30978951998964221       0.43813342956600837       0.39194345856060331       0.50514347950873806       0.34530248041254535       0.32893292337286217     
  0.58479333163699365       0.63964683549109902       0.55684303100063404       0.72125631804416157       0.46828622329501618       0.48599969733456277        1.1068889767727073       0.69521045827250605       0.77648010923034227       0.60863860029681316     
  0.34478447659113026        4.5180580722281330E-002  0.15374602477108509       0.32304632570065439       0.32628197531489445       0.44857372661964012       0.40481369834034453       0.51923128279894393       0.36494421733419730       0.34646765244583339     
  0.71747012001726518       0.68023334491805121       0.58331151044949336       0.67035466049787906       0.59625435691395268       0.64129337017833365       0.75009076408144870       0.50956967072126114       0.85755377048792258       0.59774647566557715     
  0.36015726615555438        5.1075167694074212E-002  0.15869512724218832       0.34071657908802261       0.34275786705728850       0.45918016711344023       0.41708314877888170       0.53220677609770095       0.38177251631701326       0.36231066356243125     
  0.58133945056829806       0.58479214913712829       0.43752197578785840       0.77022050879561776       0.80178392227293127       0.59260907550735786       0.66125222482860813       0.69678331167423191       0.77054999373242516       0.53777250482310168     
  0.37366957873842260        5.7521368608506387E-002  0.16493309086249369       0.35890256837806062       0.35990986421944349       0.47045488848562245       0.42875010453462198       0.54487845248479327       0.39591607102458903       0.37662715621093029     
  0.62758158892970606       0.49288053912224089       0.54147545582452705       0.59289258005444767       0.74360957671722083       0.65514644988112647       0.69414284965255701       0.70230183404065005       0.68250091455488682       0.72203397136806147     
  0.38720878165839900        6.4735009940802890E-002  0.17250330674814199       0.37682574139282071       0.37717458375234036       0.48170019523639240       0.43998000720543567       0.55700174842447936       0.41055119644154386       0.38716257423255346     
  0.55533323479586316       0.73965126685571869       0.60025602788074794       0.68947141036122372       0.78896744466359692       0.63341038832390384       0.67674814401636163       0.58400602896653064       0.52560368153355053       0.55228710473673781     
  0.40175580048464915        7.2475375441260412E-002  0.17960499428635709       0.39490260323825077       0.39457980507023693       0.49252426522828291       0.45109918567265517       0.57038350754195255       0.42552997561730854       0.39693520237117802     
  0.58109594572541912       0.58532125883357600       0.52782703929048946       0.75975477266389646       0.73846366009170827       0.62255727572541497       0.63185102112539782       0.69511217153150562       0.68276524179703146       0.51420149932551440     
  0.41863713437148486        8.0961385626990803E-002  0.18664565394199684       0.41257990653298315       0.41292651370012801       0.50308527314259510       0.46285581758795380       0.58427268371116781       0.44008212330956387       0.40717521630683046     
  0.47099090230909546       0.50706238395748360       0.65692745457412771       0.58835836046871892       0.77442639391185164       0.65454835820563340       0.68934248794576303       0.77809759965096315       0.71935045522305563       0.51871158846104337     
  0.43726527761432182        9.0111011660465354E-002  0.19377638456619728       0.43076174278884583       0.43158337166499561       0.51265459021097914       0.47468106872944144       0.59720813373501880       0.45301040727600866       0.41926083977799644     
  0.56777225892966188       0.69945438766504953       0.52545073278774246       0.58601715380431119       0.81756446804314986       0.57022983882390632       0.57477921706579493       0.45912650293327534       0.67340138534208727       0.53121692306888724     
  0.45506450385143998       0.10025714887081881       0.20094368085586597       0.44919520691083320       0.45016723623114574       0.52241706602767146       0.48620739677416036       0.60991115420990560       0.46565339824954166       0.43144861200209339     
  0.62796558456963270       0.51474292937610377       0.60288629275023797       0.67083420658332626       0.74128774708813872       0.55045168541047673       0.76271750159246898       0.75144885638106751       0.69535484390307023       0.54315955166881702     
  0.47214624158204022       0.11161554596208083       0.20839327531141594       0.46704837096954044       0.46830075040936581       0.53374601355580442       0.49765144236785153       0.62256900560273010       0.47844363575077481       0.44191157342398885     
  0.64738524761074789       0.44040626594602195       0.50304382414341664       0.93660077869802894       0.73561756437264769       0.81447404137929302       0.60429232451112458       0.79104299803904443       0.56632166703760944       0.44867077621305596     
  0.48945871142730518       0.12544281610462374       0.21601418826870827       0.48438307669761976       0.48488700392062900       0.54604803695578963       0.50924936835739565       0.63556291489900596       0.49186601933293167       0.45225325695046220     
  0.64624613389176988       0.53295221086882361       0.58453193822695904       0.68305053300742036       0.71179970812853444       0.71511575713952213       0.89735546445562719       0.64111429138719567       0.58922542012016654       0.48370428260034642     
  0.50704275300094170       0.14050301051020422       0.22338436042191398       0.50164372079872366       0.49986178568245954       0.55830280539353350       0.52132083647782346       0.64573475073942432       0.50693532798803043       0.46348814861982218     
  0.66616651868759835       0.53785730888521921       0.72280463131964601       0.59860809577940566       0.49674135766387656       0.53045235171937477       0.71539869933842126       0.69318307431974369       0.44972132254319808       0.59442727228275827     
  0.52491590915773756       0.15590868690562681       0.23080442043790808       0.51739136000766262       0.51401211150060599       0.57025121346416696       0.53251352757189663       0.65329127958502764       0.52183252900617394       0.47552563039787960     
  0.61552949713660399       0.48025663953900666       0.56724321722062643       0.55436333962646989       0.65481541023227141       0.54239066142873404       0.91781714557582850       0.69631265338005144       0.64618890386405048       0.52178557442165452     
  0.54262354216036102       0.17254706699080827       0.23873971368864447       0.53538590167383793       0.52865897069220513       0.58162242686262500       0.54135659774579259       0.66299141531804107       0.53606915883500572       0.48566443270671594     
  0.73802027650076574       0.53454589598617774       0.56137793576950590       0.91082682357962497       0.64607114854772774       0.55694875117269649       0.73443713102549346       0.67386550372954723       0.55355197661791000       0.70245172539951684     
  0.55972649435569066       0.19089422210541693       0.24728086956326670       0.55400497543618255       0.54444799747238182       0.59221298363747332       0.55096762822826995       0.67244708585802460       0.55216926603245764       0.49408172803580075     
  0.75115283560379842       0.48603532671695865       0.59643604005698614       0.80538169815884675       0.65257751223469007       0.52957421745291999       0.77919171417648125       0.60795769648009113       0.66773184346608028        1.5750082226099955     
  0.57653151585000362       0.20963027385092625       0.25533493504284277       0.57275013146454323       0.55929909850480497       0.60295958236518754       0.56151664832772663       0.68319531223490515       0.56836776637687625       0.50187002240856893     
  0.62682041758168949       0.51415941878947791       0.59067319809662855       0.64869434593200004       0.74556070281480924       0.52516417589560394       0.62543328029660250       0.50677782960040518       0.58224088155163867        7.6565743191117637     
  0.59347023047692260       0.22817681878730875       0.26444259366745260       0.58999564064073129       0.57374136514145890       0.61414472288074828       0.57321940672872984       0.69682255331583609       0.58427713467449449       0.51058906356640421     
  0.55611065502111523       0.46539692233318275       0.64650286660293110       0.78540400486763251       0.61310527642465207       0.79167409779969455       0.60208337965778991       0.62351283676535640       0.62056804497529572        1.8336111257136494     
  0.61049095978859413       0.24752640725891459       0.27460970403352897       0.60419354904862121       0.58792598214655456       0.62633493141083818       0.58539503303139340       0.70972059144417776       0.60044540953116687       0.52256380587072582     
  0.54611539781613350       0.47999473902167994       0.72247549817291323       0.67475750803514811       0.51293653094182801       0.80661609329819539       0.57478433256287387       0.74046324750527426       0.65806278213420399       0.89615279436905770     
  0.62704914880121965       0.26802277849168310       0.28542423590614169       0.61786303766980522       0.60211248072485957       0.64010394989970087       0.59484399965121315       0.72167725466668076       0.61613029324677759       0.53403403679973616     
  0.73250342472227692       0.62026615265825868       0.66130651041895661       0.56207904988186608       0.76216813763627977       0.64810871550850346       0.54650514730237532       0.80148907166365302       0.68817087286133782       0.54593679531414707     
  0.64098907673255401       0.29042458576214120       0.29634447231912703       0.62945322210474841       0.61721893164692554       0.65285834053882663       0.60339612224612249       0.73299761666697205       0.63145254321436672       0.54776974823790936     
  0.53147150553620859       0.54279556380556582       0.74375556721794622       0.64521562468776306       0.61995987324360313       0.81164127758599136       0.54783204394589691       0.87775789722851527       0.52105374359747680       0.82612590378576412     
  0.65455681129945920       0.31380645318844475       0.30778856211322853       0.64104278933452374       0.63184075996696965       0.66456884864365762       0.61268631940449569       0.74375020107353318       0.64693588245488143       0.56346522517536679     
  0.60014446555731837       0.55238721043043093       0.71777760660847900       0.47844245193623325       0.57447537947121585       0.55929423424322111       0.76828709269687145       0.59801826131503766       0.59728097716533013       0.67260316254164032     
  0.66945298060665548       0.33713407181423161       0.31988628918960804       0.65322344404217036       0.64792645077308453       0.67642552972692316       0.62298525605211141       0.75414868846849914       0.66107800700318298       0.57990659285570123     
  0.61709899866501461       0.52641528782961300       0.67712107016842371       0.59691267039706697       0.54986671683087629       0.48328125441545905       0.63496137905713568       0.61808787815347532       0.53854395622635820       0.71316687803428258     
  0.68555885196801025       0.36069700601701954       0.33229837349546543       0.66538408648498393       0.66380356078942071       0.68765493711423109       0.63431519332699116       0.76378439601233572       0.67627357571023183       0.59656471520567822     
  0.56625117437214878       0.49891290371026198       0.74101192980682185       0.46621863893865556       0.71408128821645389       0.63504765650154482       0.57399587608527458       0.58880191826426642       0.53217915036102992       0.57260906788892285     
  0.70165438924367241       0.38440166114829888       0.34512554133644241       0.68068924374239437       0.68246824714429544       0.70081683398240857       0.64797653461368021       0.77246130489490683       0.69104535055774241       0.61466726655237081     
  0.84880054225927326       0.37461390090426555       0.68632117141523685       0.66941821313631111       0.77653889681679789       0.58387147041134368       0.70010801427399205       0.57202940286193771       0.53356790957224398       0.71304071039487171     
  0.71763584334813491       0.40851777102820402       0.35875470966839040       0.69516656855084968       0.70031041510337477       0.71414205628556915       0.66124110969382710       0.78128995570549375       0.70637609479487518       0.63189690291865042     
  0.90198098695558637       0.52011841240515999       0.50930481484338141       0.61001059328404117       0.53759225360838103       0.54966891083790170       0.69649353723795926       0.48133746777723463       0.52175014939808106       0.63239983341850126     
  0.73395895322229032       0.43389240092513731       0.37212944689188937       0.70997806769974969       0.71714454796773719       0.72653122662799874       0.67446887978464587       0.79105055025698601       0.72231453574284077       0.64795681877278433     
  0.65116683535363884       0.53553091085953164       0.54142907240186811       0.75626868925033341       0.78477253125661195       0.59185672503565345       0.61602324749621007       0.77935047885752262       0.59092192410341660       0.62257906624013326     
  0.75058226315504528       0.45987404262779885       0.38544442243334592       0.72561443518963142       0.73345466657655678       0.73847835185418553       0.68787968911444619       0.80180530059029342       0.73905502572396442       0.66234856686678434     
  0.59575419954874909       0.42469022590767358       0.77309361148709044       0.73947197591337710       0.58407050118968651       0.60519795327215720       0.94235741598415113       0.72697503936000307       0.63587726114657073       0.48794235300950395     
  0.76718005688341506       0.48578281499164233       0.39914045881775267       0.74289467813787746       0.74732731107145722       0.75071665214936989       0.70080793409901188       0.81184124250738565       0.75602153666112737       0.67813936979782719     
  0.94869364347382690       0.57220238093751330       0.50189788252246625       0.73907066341270145       0.66210852170037193       0.53585662744390894       0.79526150555033703       0.63159495170743429       0.46948482155596438       0.44829674362303495     
  0.78304581692292308       0.51140394533191902       0.41264512229260097       0.75841046088129282       0.76053014268765207       0.76286855647119789       0.71335102316866972       0.82130363370278159       0.77298950846668202       0.69291937820368821     
  0.83778127889310960       0.43699105413029504       0.61143410138704080       0.64791646554743920       0.56687415363510263       0.72751487941841786       0.61903181772529714       0.68511097126180587       0.59735409798506944       0.41784377880437829     
  0.79840409170168636       0.53792475025779252       0.42648634801457441       0.77311468289587637       0.77605415860977101       0.77462282683576089       0.72565492113215768       0.83039938223157106       0.78951162992974122       0.71034739847410910     
  0.53648198139282610       0.48166806297164511       0.68485928709000576       0.82496457821656011       0.88457074985719919       0.57927365181180601       0.75290176148896004       0.58932625710453623       0.48064200995827355       0.50729411422634485     
  0.81485493168019341       0.56446043411469982       0.44003697637926870       0.78642601098314802       0.79150382020922605       0.78665877601780421       0.73771181002299602       0.83959124470696389       0.80566181797182812       0.72865442404503922     
  0.69462622379479300       0.41480784773475893       0.50014867471183355       0.53111568287953248       0.79419746424856918       0.68177908281147437       0.56915981727980847       0.65464809542645874       0.57667265004809809       0.70784993025697152     
  0.83092463220524604       0.59120748725314864       0.45436406400938106       0.79965962756430087       0.80790335355511356       0.79877836617162312       0.74988448784647022       0.84878487586352502       0.82168882285822520       0.74743682356571750     
  0.68884069529628922       0.43500041836961173       0.66305761270091501       0.49767713512987827       0.57781010599759930       0.60846475708161230       0.71996944027299259       0.64560644310488713       0.56496462338047670       0.63694753578732544     
  0.84692936507497762       0.61786150954775321       0.47031828674657139       0.81213992835660553       0.82562984406283835       0.81128508102942476       0.76126433245907721       0.85775487048425325       0.83811057207081352       0.76684570159720966     
  0.65716530173302745       0.39835483227933283       0.68172497862678938       0.43410409370642955       0.58268689848671440       0.50420036477706998       0.61107986860783947       0.65195195631748892       0.62221385924321959       0.72047982715270786     
  0.86307440190068940       0.64472160015110525       0.48772568954355916       0.82472080060951580       0.84159492908380606       0.82432011107559833       0.77136917096575264       0.86640475506988957       0.85445081568361836       0.78621780363955751     
  0.77891472232864711       0.52543050357951293       0.69780330509727295       0.50871488487934280       0.63040515352925375       0.46695693713053033       0.75823301174736812       0.52650287195298406       0.39962882603733180       0.70854372749100125     
  0.87736615868344270       0.67178153408245500       0.50584556257244728       0.83773654897354777       0.85816190343513021       0.83740456220386039       0.78092833195022271       0.87473222806571482       0.86985718987789495       0.80550011641779462     
  0.63117439865663372       0.48502881036829681       0.73741786606817150       0.57261427924628039       0.74284204788034125       0.59485005324004137       0.54423898522751191       0.77493330609828115       0.46856666554326154       0.47509325580312733     
  0.89242004375614314       0.69893121025542737       0.52548151682721256       0.85116450630390539       0.86990891749903154       0.85065903412718180       0.79041320551993710       0.88406398981990963       0.88443851912363036       0.82513443335104519     
  0.66276680652218767       0.43723447714243585       0.61707084315275595       0.52162279073881113       0.62479359260757639       0.58672353294021806       0.46626719500411429       0.68213686742097412       0.48286361056221622       0.64748402621674550     
  0.90625491367996991       0.72613744436506222       0.54734825621720173       0.86499812614135418       0.88104965991678630       0.86402254933430866       0.79999554452821631       0.89486486303335933       0.89852213731635477       0.84455222967063770     
  0.84669400122401395       0.39083335844302081       0.64137231318138688       0.69373008055056029       0.71335692849830401       0.47273391304624146       0.47697086712945835       0.81907695198160901       0.47946803541556293       0.58867047357867108     
  0.91956108404680725       0.75347440798184173       0.57116497160843371       0.88068350869938028       0.89116196166069606       0.87715240873193190       0.81111611656763449       0.90654513642003998       0.91212585916527300       0.86357136520971667     
  0.73480616338370930       0.45992434681926214       0.66382769081845550       0.65227318712656379       0.39018313181739822       0.55984359314426746       0.56740387361820066       0.58246922799160827       0.46826251595959578       0.66412529220046490     
  0.93258281182003067       0.78165672066282554       0.59663160716127694       0.89718964178925598       0.90316982445631622       0.89008876507796886       0.82239174678566407       0.91830779566576726       0.92541053052719180       0.88227307168463687     
  0.70262463715670964       0.51480996756005981       0.62656007755730814       0.83265429810387082       0.63578173366828750       0.59161139576952548       0.64453145758099428       0.75493784536618369       0.39319206209785879       0.56200814423109358     
  0.94540328766743487       0.80910840954415653       0.62548082823630602       0.91324571086950246       0.91724236176115392       0.90314473671423756       0.83328872796622344       0.92928901267573272       0.93844805990710722       0.90023096226780941     
  0.63256854645423355       0.42442494696072552       0.83468252895932260       0.64455413296151776       0.69950759952235142       0.60469769107250682       0.51390409507425316       0.69089953596024090       0.43214482387326358       0.60565231737162872     
  0.95604533815536175       0.83495012506859223       0.65908382426933543       0.92812020831237618       0.93133414067927756       0.91645086455026226       0.84491793790162018       0.94013426436380354       0.95094326200657164       0.91725641844416317     
  0.56505763024289402       0.38352843548783200        1.0520164035293291       0.57609361712115237       0.64030421968532225       0.63468171832454889       0.51323217954194778       0.64551983030276006       0.44226374342573921       0.72934098208590881     
  0.96444070210049937       0.86120381372969945       0.69712073136206820       0.94313052748583448       0.94529099678184403       0.93128600592273336       0.85678404875083047       0.95070927379264603       0.96221750087185332       0.93386421952003229     
  0.53364765349844523       0.42490208986743061       0.81652632052645047       0.68853401138972647       0.75125472644972735       0.65779516464876397       0.51994850603690468       0.78988792625123871       0.41001754274259489       0.55184607767586547     
  0.97172863092808481       0.88913895058010317       0.74084164917067330       0.95819487335254094       0.95936378630783392       0.94637409658041727       0.87339383514036129       0.96165303334314067       0.97307391639850638       0.95129999851061475     
  0.56794606123601632       0.37501372413840350       0.72484782236958700       0.56704441267375505       0.66862605338642989       0.70872005439780195       0.45637101960361026       0.65404643794766981       0.43092807627385116       0.58599104047488004     
  0.97850790944255461       0.91874813303240543       0.79543321340335182       0.97231246732266374       0.97313275775452968       0.96284520129697482       0.89321699815572198       0.97350986434412390       0.98364761002254775       0.96845919400367342     
  0.67608233510126892       0.42308989783070572       0.83344265861211431       0.79779885895466662       0.49421672419484902       0.64096506840707579       0.46417463656234170       0.81171719637920459       0.37317186164318805       0.58773037648657167     
  0.98910632770575402       0.95448230282885960       0.87381959856118185       0.98579424072536759       0.98663464426515080       0.98114434015629015       0.93276277462940849       0.98667858759666438       0.99220607415404227       0.98471103362389278     
  0.71184854616418591       0.41208222191638294       0.87071995131637192       0.51479321037563952       0.52216413449317101       0.81856176452538243       0.80360079033560483       0.81322866231906299       0.39873490565513614       0.57974374382950433     
   1.0000000000000000        1.0000000000000000        1.0000000000000000        1.0000000000000000        1.0000000000000000        1.0000000000000000        1.0000000000000000        1.0000000000000000        1.0000000000000000        1.0000000000000000     
  0.70966674408853003       0.38235330951395724       0.62025821326496755       0.65180731293474103       0.72468243834451029       0.57242122419956276       0.37739267994205594       0.72080944371054112        3.3087298517451416       0.55507663819111319     
  -1.1675401878138676        23.511070729383725        2.3344449031786509       -2.4042164937411097      -0.67849770632205986       0.48863421202079088      -0.91685115813601303       -1.1791947740750206      -0.25911849763048472       -2.4545858172963899     
 -0.28185007396162892        5.6222540006094146        5.8772104790085163E-002   1.1497713504694875        4.4027584423978166       -9.2374060425198810        3.4941841194314192        1.2801063231560510      -0.90068745398933592        1.0239656320942829     
   2.3676138911665068       -2.4255611082054451       -2.5362355407073753        1.6436994013961304      -0.70386508472036946       -3.0593193392752327       0.22456248734722800       0.81013526721232842      -0.55294870452672584        3.7311156847541707     
   5.2756858858424578E-002  -7.9595329355812288      -0.77572345568831091       -1.4733040752216566       -1.3637108204452464       -2.4421181600756547        2.5675928192010216        1.4755432183203780      -0.73046087500173573       0.19020628850889343     
   4.5335571183183855E-002  -8.2643838642175762      -0.87706771449837362        2.3225545111497459       -2.0377333465767995        1.7844800830530623       -1.7470912303664721      -0.35294432989399183       -1.2972666012351797       -4.3965416005781170     
  -1.2414340536766029       -12.975829184010966       -2.7298877117976654       0.10459447880130578        2.6181072490708397      -0.75968651523280450       -2.5273720880658752        8.7034516950159749E-002  -2.9105179246447785       0.82345895206149178     
  0.44392517378599500       -18.860296389726976       -5.1145103480006471        3.7182513414602743       -1.6045338135250296        4.5031714639595357        3.2660646400981603        3.7377885432858644E-002 -0.11323306475806612      -0.97817463171340513     
 -0.41980324315257211       -24.709707624110951       -7.8730368242096462       -2.1679479405692095      -0.36669463849896233        2.6605356480746481E-002  -5.1161136486526981       -1.3740713124305197        1.5083913871968186      -0.93438790229462920     
   1.4314370494420049E-004
           1           1           1           1           1           1           1           1           1           1
   1.7705031039509237E-005   1.4384752843136501E-005   1.1296936688823851E-007 -0.66823408892574510        7.7136853045688726E-007   6.3924934601975448E-010
   3.2083721814293917E-007   3.2193233799402983E-007   1.2994149506964608E-008   6.1998951853177685E-002   1.2990510677855941E-008   6.7246173476058260E-012
   5.0000000000000001E-003   1.5753638256373539     
