   0.0000000000000000        0.0000000000000000        0.0000000000000000        0.0000000000000000        0.0000000000000000        0.0000000000000000        0.0000000000000000        0.0000000000000000        0.0000000000000000        0.0000000000000000     
   9.1788437435774348E-004   5.9973636183128641E-004   1.7214577179566679E-002   1.0273419418701511E-003   1.1586791518060600E-002  0.52709592493743584       0.12689461028313762       0.11146858746085844        2.2390160139003454E-002   1.6040857044133230E-002
  0.84821318395967027       0.95016105134459417       0.60893342835354303       0.71357932808661451       0.48073550381099978       0.44463503187468884       0.46168027083885083       0.41944955588363536       0.85233750439886968       0.44640783792585348     
   1.6774311987058587E-003   1.2384139661778112E-003   3.4378475745109272E-002   2.0219076222350338E-003   2.3324308051402523E-002  0.65580907403025834       0.20036588333960306       0.16767479326969661        3.8716325816441188E-002   3.2497489117473369E-002
  0.68556879153868988       0.98926361283065534       0.40763531986953006       0.52157026356241931       0.50200625387104192       0.60872597985277721       0.49802866519078021       0.46296691416313229       0.70216369931874867       0.51460127385026422     
   2.3168399559057810E-003   1.8948119060701795E-003   5.1066047687008592E-002   2.8683984324732667E-003   3.5421060787229335E-002  0.70638325028941629       0.23639024518321711       0.19114301059987382        5.3284762006971964E-002   4.8130846233558566E-002
  0.82433414338810362       0.59636773132065224       0.45197608142160550       0.67893909136852215       0.45593424509684044       0.57597892472338263       0.57329857984766142       0.42135001879585510       0.67966021775481944       0.45639400362118598     
   2.9594121112317467E-003   2.6240617003947119E-003   6.8943977879787691E-002   3.7186798349408217E-003   5.0588630783195240E-002  0.73965191415182330       0.26330188220512490       0.20632108450853986        6.6780950708727277E-002   6.4866301489673928E-002
  0.57438957329602991       0.51565275444468228       0.49406074152032131       0.54142367578526474       0.52446945185932570       0.52273643955466076       0.52386834297189810       0.41810645137330305       0.58424709964321297       0.48738375339327028     
   3.5926811435868611E-003   3.4468380122190711E-003   8.3837236770843857E-002   4.5574428827902620E-003   6.8117291025255433E-002  0.76485157093653056       0.28424875255319881       0.22243986636042623        7.9909146914753718E-002   8.1749610308172529E-002
  0.48032951194265588       0.60754657433301718       0.55299090403396423       0.49194951972582956       0.55058185123324233       0.45892169804712890       0.49560459072750790       0.45566566919834067       0.45305100668311749       0.46629323583666094     
   4.2472244063580444E-003   4.3326534363210892E-003   9.9242591494567794E-002   5.7685304362977280E-003   8.6869785816927100E-002  0.78477299149362312       0.30318673907166938       0.23927813827065383        9.2557174904096123E-002   9.7602024895729611E-002
  0.56534519306053477       0.53871191330229740       0.44032703377939164       0.65438505057765006       0.50030500021505697       0.51326741721922342       0.51533609190529750       0.61122665286502276       0.55929465020474967       0.44151588853852086     
   4.9310688076441697E-003   5.2588991907170845E-003  0.11600151447871737        7.2272972634947049E-003  0.10597770268481797       0.80157938326454070       0.32047868398210438       0.25418322337206106       0.10510015301559011       0.11170046801141761     
  0.44259716179373443       0.51576121159515254       0.40758878077154809       0.66410924683934114       0.49484515383978583       0.41336668949867811       0.40637697102442705       0.55323846089522855       0.42287638832213253       0.41557678524543767     
   5.7443855395164578E-003   6.2618121662239047E-003  0.13309423200211543        8.9469588620957868E-003  0.12029831737365833       0.81629312472938687       0.33639975301918651       0.26731425892382354       0.11949340384638286       0.12506515188103792     
  0.53667275344728649       0.47689562008192299       0.46103552873854742       0.56068906187234091       0.46708922734508473       0.44050940459734950       0.46511996222983776       0.50257294226112703       0.45663365356702096       0.44611789835852161     
   6.8402098579604109E-003   7.3947963253408033E-003  0.14972261288902866        1.0763201906002792E-002  0.13421362622522770       0.82985945119191384       0.35093571231370957       0.27919752693679717       0.13582418469714094       0.13942059966572845     
  0.61762976127363589       0.51478125930264662       0.44511993643912440       0.66008812366566416       0.50097216792790800       0.38478528025058739       0.42281142642360114       0.56206180569548725       0.54033452944101568       0.39472912752662881     
   8.0988700967626129E-003   8.5824051654960175E-003  0.16467542533648788        1.2829887093154666E-002  0.15047534019341338       0.84209179391408340       0.36299940514543605       0.28911540256951951       0.15069750121273409       0.15451147440715898     
  0.60077805551490981       0.47268816021198784       0.43634626756320316       0.51465466356996070       0.46527717934426938       0.42164229349856741       0.45855562497238073       0.43006119609115750       0.63004834135494003       0.44912487927221617     
   9.4913584404828447E-003   9.7330249824200098E-003  0.17928793921427702        1.5352133877364841E-002  0.16568464408851347       0.85348759372914063       0.37624478854015658       0.29839102612254559       0.16597928322928962       0.17229748473070400     
  0.63648291109044508       0.48315057199428457       0.43511904461149664       0.59132950421062602       0.49070785512825615       0.42839340456042557       0.56691674476650467       0.49866337879587824       0.56989205069235083       0.47395005401572493     
   1.0897660853827384E-002   1.1047691271158403E-002  0.19385425925091138        1.7946505686184177E-002  0.17965645450265769       0.86355520714241230       0.39043323036070327       0.30902562957124752       0.18106176603247079       0.18983208223081166     
  0.59339678889496050       0.46046023518558005       0.40944207081744144       0.58474501205417284       0.44382613111244412       0.46737126069751600       0.45264052886871947       0.49884561312404252       0.48551296040518954       0.48019493074783332     
   1.2316498207938925E-002   1.2363617653311178E-002  0.21085602741585130        2.0655551410648534E-002  0.19415073450203682       0.87212903896371030       0.40339096824556736       0.31950289060174752       0.19631461669965178       0.20734852468428927     
  0.51236470135481882       0.43226669079518504       0.58101503905910512       0.53789255040136907       0.39083863549765629       0.44021242901140983       0.52142763974133233       0.48486627574905594       0.42844300290106813       0.46364035337505277     
   1.3870903552369480E-002   1.3808906512854404E-002  0.22431964531252849        2.3555546092758822E-002  0.20965936213315062       0.87960672882282720       0.41579939845742331       0.32933565520411051       0.21359834530878441       0.22450552833857315     
  0.61783758120846588       0.44630327768343525       0.49016812395940795       0.46350195769779706       0.48898543088927993       0.37338409717012722       0.45950483536359860       0.43308295181851664       0.52907942664222551       0.58074932196692797     
   1.5601180179631425E-002   1.5920572042839930E-002  0.23547421497413532        2.6608266508967124E-002  0.22507939378764652       0.88695130527350696       0.42936110217246298       0.33959671502311173       0.23198529125324116       0.24087469836061237     
  0.53507952381843560       0.50977733607457676       0.42139544436733173       0.47435416691404464       0.50981024450803791       0.42057503490947978       0.43311476440753144       0.44131954312757110       0.50484796870895043       0.52192889530763464     
   1.7426535227276527E-002   1.8352867573548277E-002  0.24869910696113082        2.9712260992819869E-002  0.23985003408741340       0.89424950382785817       0.44377444274897176       0.34850675957875826       0.25072050628742593       0.25624071468382537     
  0.58777197789771363       0.48905839745349772       0.44754790514509801       0.44566743532406433       0.51751764353012331       0.48487082047787700       0.50911448192584863       0.44211347939946827       0.51532906660957101       0.37374993326021827     
   1.9400619292027341E-002   1.9619038035609746E-002  0.26199058018559618        3.2885371987000193E-002  0.25481945237377562       0.90121755662454217       0.45708053765697537       0.35754653181241514       0.26853530155225291       0.26939787541875349     
  0.48544872536505307       0.40474993322164710       0.44618376953688665       0.41048677825971852       0.48922976918502309       0.43069069717605529       0.46412951761091797       0.54925955797584836       0.49330835622473979       0.40297555790534773     
   2.1394998845005755E-002   2.1196122818281246E-002  0.27372717576894440        3.6042908912331015E-002  0.27027144357784827       0.90744225679222656       0.46899740941465434       0.36677193627041921       0.28476889748603140       0.28130113883726054     
  0.44549523027984711       0.35412774230019906       0.42076073788899110       0.43599242135893607       0.48807795859344955       0.37918223920240518       0.50454359211748268       0.44639279789174036       0.47878136735174753       0.36164160896652531     
   2.3634427103811882E-002   2.2680263507082868E-002  0.28761703634440150        3.9388965813144446E-002  0.28574284172150333       0.91319974461157849       0.47898018313394403       0.37712746287551058       0.29951659773218725       0.29514647070202393     
  0.42500579158605378       0.35356388502779240       0.51733708190067529       0.49849781428508483       0.44300737951579883       0.38795542843554631       0.49056733549712156       0.46195790189379521       0.47840375015226072       0.35481727624611370     
   2.6131412102115635E-002   2.3852647898487088E-002  0.30684570256565241        4.3246055931618545E-002  0.30101441208078211       0.91829755315673167       0.48863898074140999       0.38643253965423835       0.31405445115222369       0.31232540183429708     
  0.44805551573720259       0.37239799146955915       0.51878368632018068       0.46302589750620826       0.43834024292955415       0.43251105898458053       0.37974670232811991       0.45191476803996977       0.41586305602556989       0.43758740688250641     
   2.8979438765940106E-002   2.5682905766224170E-002  0.32474736487823863        4.7325979220390432E-002  0.31632294018348661       0.92296671659804508       0.49610316629411438       0.39340398852818598       0.33000522392292009       0.32895974679083534     
  0.38452184891847013       0.38084790392475465       0.48838567794033183       0.51344898914226045       0.47383094151362715       0.39278277892239233       0.37766634229077156       0.41803928495831227       0.48497401569549659       0.43718111528991738     
   3.2123815269554469E-002   2.7660669650033332E-002  0.34071966279505067        5.1529818781317592E-002  0.33077172219706663       0.92739450093289955       0.50400025390648773       0.40125277502643786       0.34561185249985704       0.34649378741417508     
  0.51057031567443056       0.34868802896431106       0.44651214722757138       0.44541572292180998       0.46850334686635114       0.40959709229782221       0.45502994481719100       0.39886705155309282       0.41286930827181439       0.50209941997545782     
   3.5492079837889642E-002   2.9582650235478205E-002  0.35617528334617854        5.5984853216027211E-002  0.34642247987250468       0.93180538703758642       0.50916231584234728       0.40910566448176727       0.36066040697240315       0.36340387102868682     
  0.44978740206350704       0.42126072543722481       0.45033721768560842       0.52059825783142877       0.41358260773316829       0.42279654416818013       0.35758329303203978       0.41032036701730884       0.47878960480793470       0.53188288532042383     
   3.8871960267740514E-002   3.1850803664952437E-002  0.37176551825351661        6.0726310834868555E-002  0.36240946369691418       0.93580544097430185       0.51481376061764461       0.41626524680431437       0.37622389194074601       0.37961335448982142     
  0.45517072390442159       0.38911957878801612       0.44223372345671785       0.44250478813354993       0.42521873440383140       0.35896570057577259       0.35246549863709464       0.40657369159966739       0.44534617767555867       0.42275094087694060     
   4.2220196850913078E-002   3.5976894993746129E-002  0.38766913761029753        6.5782829309302737E-002  0.37717903922248630       0.93933835371796348       0.52056392640809512       0.42713349966940589       0.39385684519336300       0.39568342950451657     
  0.47862792814302457       0.45678817938095334       0.43849795017233550       0.43133521545833836       0.43417495480807117       0.42000549546148142       0.46831731039888652       0.48831463173145917       0.50792285746203902       0.57986116750654981     
   4.5659329936955199E-002   4.0156589320234810E-002  0.40472128277400776        7.1122696296849211E-002  0.39003995758659971       0.94267698692013446       0.52626963103906554       0.43864902805923522       0.41126931642654552       0.41130945376129929     
  0.40708421626869856       0.47166710344231705       0.54754568877452070       0.40794850184042802       0.39981898034578262       0.44632484009832796       0.38451796795770626       0.44250958314988570       0.52869384679449172       0.56489964131231019     
   4.9028179176555574E-002   4.4986438419899050E-002  0.42163710411709848        7.6591597370372438E-002  0.40024306535144710       0.94581831879664191       0.53480891915808570       0.45064269716097677       0.42664241505076905       0.42749431574540020     
  0.42418848943435272       0.46802773425243582       0.53646477420588712       0.44375694690570322       0.37408639789365422       0.35001427436371646       0.44478702001079534       0.53919978713452243       0.39956234888017178       0.45672969882250430     
   5.2594534510585808E-002   5.0234094301915791E-002  0.43853318504938915        8.2324629889076406E-002  0.41157256907441830       0.94912342876441003       0.54667472801573891       0.46336205761087890       0.44174765690471246       0.44290044354051411     
  0.36803116352642551       0.49830770408042557       0.47931868907785341       0.49704549626756805       0.36119424304456021       0.41241095025961033       0.55139819041561788       0.53899567975190477       0.44235343824874701       0.61829240183737766     
   5.6829612721025519E-002   5.5897234021015332E-002  0.45576970202317979        8.8059219244793568E-002  0.42530710725225346       0.95227162144848532       0.55744860402639895       0.47654777081997685       0.45721972244254960       0.45750384301942376     
  0.43358015460745519       0.50539169144943707       0.44316197639461030       0.41445489568857335       0.43375899126732392       0.42267222381089448       0.51465777083685404       0.55500977152905051       0.42564663002746511       0.42421490852773536     
   6.1658199816888630E-002   6.1818862548337683E-002  0.47295998568586500        9.3539544353013385E-002  0.44114487723389734       0.95510285663025007       0.56814835391866547       0.48865546978445190       0.47263021119539006       0.47178080305322945     
  0.53075153965073851       0.46995240369737667       0.48496065745426592       0.44100828101679523       0.41099208905576456       0.44833260042574880       0.41536611239290883       0.52676707137756218       0.45093103023625503       0.54633329124380103     
   6.6833547563634299E-002   6.8039910985994059E-002  0.49111134059972472        9.9612183045987693E-002  0.45703674881538464       0.95774954044170224       0.57912242939378544       0.49952297488038433       0.48690077784850766       0.48575527398494062     
  0.40649742450007703       0.43776235067200825       0.44014163953611857       0.38701583170965409       0.52183112977191859       0.48299804221287412       0.44441049135585875       0.42668575693446947       0.43613071925730179       0.56763700743294254     
   7.2494625637084670E-002   7.4870012377550740E-002  0.50752470163965901       0.10615880786205359       0.47304995965036700       0.96032876251764565       0.59045217432879571       0.50919972821661386       0.49910705266836264       0.49929870759969308     
  0.48636747602196734       0.42190539253691961       0.45792547648205251       0.42411421497444834       0.41425828572131956       0.47827914122906512       0.40760212281009939       0.37135519447404219       0.44510775234360750       0.49776937288505363     
   7.8069113801739795E-002   8.2335597159175281E-002  0.52262125557089079       0.11297603982872062       0.48878888813220012       0.96281097103111590       0.60134568418484302       0.51910370793254912       0.50998557161691627       0.51426506731345023     
  0.48859183987185573       0.39900247744656353       0.43022904422258912       0.46105737226478632       0.46393312960836641       0.51712549089532545       0.53106987535461636       0.50015737255900417       0.40084548542937665       0.60249650392503074     
   8.3730343310079711E-002   9.0354522490180889E-002  0.53557863919077653       0.12015435922414751       0.50405833952336765       0.96531997605501696       0.61257476873940619       0.53049471749075916       0.52389471366573692       0.52787126761895042     
  0.37289678300811629       0.43172077397630954       0.48088084233086542       0.41552107198756055       0.41426145781417456       0.48441248047960145       0.60111830597310645       0.40880218497953258       0.39932769589135808       0.42988161708983880     
   8.9994976035656371E-002   9.9028712987004774E-002  0.54874402950963352       0.12774131942706529       0.51990193913623595       0.96767395107549514       0.62156895890618691       0.54491580825235364       0.54038018484279571       0.54160145786599578     
  0.40620661343569209       0.40907886553516726       0.47366318279083830       0.41454116682167425       0.57572790778581984       0.43910421248550696       0.48066479115081545       0.55354376414452333       0.42607456076021955       0.46006734268791155     
   9.6305945164243054E-002  0.10848147405598971       0.56164107095870841       0.13567501294889009       0.53603238491383620       0.96995966226563834       0.62978124376445765       0.55916411681314304       0.55652599983324191       0.55709615958117775     
  0.43816040439899162       0.52085097634216548       0.49185984988009940       0.44767123938931253       0.48504392798720691       0.41930976352167981       0.40015657878090477       0.45510015515223118       0.46957864806143063       0.51410324380858841     
  0.10339136190178910       0.11849827666804182       0.57643902131161262       0.14434594625344974       0.55149939375919521       0.97229748981705710       0.63777029004941144       0.57420336157002916       0.57357397971807689       0.57287705707388836     
  0.39061439872354536       0.46559476316555448       0.43076993618312565       0.44642721578309180       0.54622038929465300       0.52343927144208124       0.38147926185243797       0.48511273518226999       0.44593549308374353       0.49019287517328430     
  0.11109741206479938       0.12846469998449131       0.59349820409918563       0.15344775400552049       0.56718129498396475       0.97446286299975515       0.64652656132694630       0.58914632643012521       0.59156090422664520       0.58994542678702155     
  0.35082455198704754       0.43481925780748026       0.50464991191003605       0.36674601621923741       0.41733881325160616       0.56417017130679181       0.55201893543826752       0.49887912901763776       0.52359781869328781       0.47288621084314092     
  0.11967894952324806       0.13884827254756657       0.61159605857237254       0.16304717709514341       0.58359480090326965       0.97654542931071575       0.65598082086488185       0.60289216979306459       0.60968348828158936       0.60699381878850478     
  0.35100150410761255       0.42766766913656357       0.48629302861691237       0.42619107838372244       0.42880487913669146       0.47274544161400817       0.53996425912017421       0.42022388987412385       0.45052082667242604       0.46953711320883135     
  0.12920077573372848       0.15077339278444121       0.62653899692550985       0.17304509769962390       0.60004604146481377       0.97825384352666311       0.66567785027704396       0.61513866944134421       0.62734040229519872       0.62431657429819953     
  0.39693200969744646       0.45057220295894762       0.39607922556247666       0.45181625652192986       0.58543815099542607       0.39477891713854291       0.65447121515976447       0.43132186221682184       0.43766132734743401       0.52276353700274092     
  0.13927943932003120       0.16487065403389051       0.64107335239467289       0.18324525748672640       0.61571462022384593       0.97969486718445176       0.67384345888525599       0.62746173989324050       0.64460119739260613       0.64253996279415271     
  0.39751519521423412       0.44622968144900499       0.55166034101338368       0.43130763811895056       0.39673423898286164       0.51253756903426995       0.48069269099253836       0.41877778642626690       0.49384036112790003       0.56606100543949689     
  0.14945345000519689       0.17989426415423823       0.65572024990404276       0.19387407635371867       0.63054114112938886       0.98111122798476846       0.68092355231589785       0.64227110223574713       0.66148925375127376       0.66321397831557538     
  0.42483556297450920       0.46935687321543812       0.41580415599492265       0.41680459683801496       0.33028703298564649       0.42364730899851383       0.48552829093294086       0.44932046861891162       0.37382421946794930       0.59988611797183056     
  0.16002596408880462       0.19522181498150235       0.67131018675595133       0.20482107195919008       0.64568808759591367       0.98243844699586214       0.68948129221273691       0.65670530999841403       0.67783943031821836       0.68376096323270852     
  0.46702600619934254       0.50699392940444854       0.51650148845256516       0.44833217555212473       0.41078388688631351       0.41278226683023517       0.45365634450500170       0.53574137342814176       0.50868905668104702       0.57012355669973636     
  0.17205441549546330       0.21078476739175889       0.68696387863012687       0.21588584405654804       0.66036547351735997       0.98368735085516745       0.69778517536573337       0.66998951409033647       0.69419490518432725       0.70133857982242731     
  0.39511356353579863       0.45597201576899349       0.50122251099060733       0.39484631643402085       0.51726855999971455       0.45364130286145893       0.42599606702572285       0.47764792886619650       0.47191815524111624       0.56135914119322927     
  0.18439521877155016       0.22629319909038856       0.70213623462656283       0.22849321921566929       0.67391016113411539       0.98499670871798883       0.70557003228546866       0.68426674824841116       0.71122476361281284       0.71744072612240739     
  0.46266334748349736       0.41471907666375385       0.54131039724920571       0.56426607599623502       0.45062142051209553       0.44098748418252215       0.45997118462625708       0.43999013202998011       0.45386102556028535       0.47460567906597123     
  0.19805124701545573       0.24304902283379679       0.71672981707574457       0.24337262542495308       0.68732230950827977       0.98636126678006453       0.71364988770431947       0.69777522016066540       0.72878495170814028       0.73398485020105075     
  0.41962733438393751       0.41784266346592785       0.45025950738177373       0.42691548693866821       0.36893593332562208       0.41994044238466216       0.39611830732446451       0.48279616294498062       0.47731897300492010       0.43814282345193223     
  0.21351491424408731       0.26217268068514971       0.73094282078926920       0.25816269592898794       0.70030774403396090       0.98761856645594992       0.72259233575493520       0.71245701247549909       0.74536482955462691       0.75106481593140240     
  0.40703419503847860       0.46216322025868745       0.44731186586944965       0.44955783793554316       0.42199581011320653       0.48568309379048885       0.59001117627569677       0.50319891310078446       0.50990306120673745       0.49281974896787306     
  0.23028229698208402       0.28383007821759615       0.74603292841532765       0.27419163999765106       0.71430346445828696       0.98870604051702993       0.73209506948148051       0.72676737703297345       0.76191480737995498       0.76837582379904168     
  0.49019220186990803       0.44221964197977592       0.36716923570530685       0.49200693531267781       0.44016480502030519       0.43792047533157258       0.46814957585902006       0.39599539058883232       0.38459205759008913       0.49350787222896753     
  0.24757992987188887       0.30691102426437400       0.76028995463890525       0.29209951137106283       0.72986954886144295       0.98964136618122767       0.74207510899997409       0.74194598609196893       0.77814897212862455       0.78541166157837561     
  0.42807917908260018       0.42862259085028392       0.39404359761708985       0.50924317851024925       0.57152233060957447       0.62888751733692094       0.47327624732894791       0.45820052157240754       0.51626696694139340       0.44634739912938542     
  0.26604287741108901       0.33291569295285961       0.77595837770851783       0.31064491761687663       0.74608371676015528       0.99052475199844991       0.75247643542948084       0.75847121604601031       0.79234352291373966       0.80186511397445648     
  0.39465220070339818       0.46474159729445069       0.52283797319796987       0.48793653744383270       0.44727895022909248       0.48339987970689147       0.58048097153215727       0.53126252341351521       0.37368016039197738       0.53021599377218054     
  0.28723864174174907       0.36292400145228443       0.79238605178512955       0.32893896249552640       0.76263232163788752       0.99135136197216678       0.76281615532641545       0.77639187810976973       0.80731153617905127       0.81789490002045184     
  0.38925799184604198       0.46290525080010891       0.59850900079266778       0.45716486638155479       0.46220163047674917       0.59870208054804597       0.48190527351819323       0.49555570098097806       0.45257861340548339       0.47770308716323157     
  0.31027917770068897       0.39497812096496909       0.80875630699235501       0.34737468174717284       0.77907786015477798       0.99212397407138375       0.77235685251585839       0.79511974285865494       0.82292720088598281       0.83360968730548035     
  0.46757676982134572       0.45615783649682462       0.46663263051836751       0.48621072574459057       0.45041557057289422       0.46056684916418039       0.47340675894461304       0.49497723062631438       0.40293022228149461       0.45792751332523818     
  0.33556819332542703       0.42782009948750166       0.82398821107945508       0.36708795273373379       0.79504877347221414       0.99294934430953197       0.78114264851419324       0.81406677942469707       0.83843480666210279       0.84945322855610927     
  0.38572210829874481       0.47178565968039021       0.51225484422263456       0.42360882418931045       0.45293157489792779       0.48877433699500450       0.46226146949891139       0.49658816743681550       0.39762798822252426       0.39710104076989722     
  0.36438764388127837       0.46325125897273317       0.83561629440785090       0.38915354579858474       0.81001554391718478       0.99376077297967147       0.78988251043264202       0.83308188702382846       0.85209008124353058       0.86548427096499803     
  0.53707229677806778       0.41974896354724450       0.47825320224147710       0.40536309112029711       0.45706046820126223       0.72781962079493689       0.61485891873013621       0.44020766748846130       0.46135136452405362       0.51115268762585497     
  0.39676955690340671       0.50206789650565875       0.84828870431837233       0.41313369573573977       0.82511793872987393       0.99454204263526969       0.79888150238394995       0.85194540465597546       0.86581241011173160       0.88142744486341140     
  0.42871191159621624       0.42809503232066454       0.37719975678223489       0.54444126890079603       0.57266201363380687       0.50396102528430486       0.44851721727342664       0.57552648731552170       0.36549640098577862       0.49550323145388336     
  0.43268308046820486       0.54088771115574863       0.86336615688387175       0.44012175925529579       0.84165019482300618       0.99514876473612779       0.80881467294297138       0.87022106533698651       0.88004645923438785       0.89529704022669898     
  0.46022440319217967       0.49276363056113615       0.47221703908825607       0.45330169726409925       0.46750058609362655       0.60498198722449914       0.48080003035561558       0.50669405869544093       0.45340567847048274       0.40335831988030052     
  0.46861788917178698       0.58213836388255458       0.87831582539983810       0.47112779228114465       0.85825205953206607       0.99574142448168701       0.81955160116507419       0.88779951130139956       0.89542115666763455       0.90525422378761466     
  0.43481346661895443       0.47057071150143098       0.53486970082734031       0.43118390003553364       0.48634195064303920       0.53685950589686271       0.43540240801730917       0.47883743553542429       0.44692353924056238       0.36541590364138321     
  0.51019294784986147       0.63134699018349771       0.89400330591199240       0.50721709321267405       0.87554063570052698       0.99617490881550252       0.83087909784103353       0.90474496732929444       0.91056225141235902       0.91536587656924262     
  0.48949166487221962       0.56069474582689116       0.49265206933646505       0.45490125009437760       0.50860471817459008       0.46114741730018471       0.45961533477406674       0.51389614577669973       0.44882917417460300       0.36177543708454174     
  0.56039031309240772       0.68465645375268269       0.91031445385654530       0.54602223558529173       0.89465994999330178       0.99661512202652558       0.84325701825216726       0.92094552759571702       0.92572535893818153       0.92524234660476845     
  0.45370369167049779       0.52010268299109230       0.45906848186087229       0.45214371222193456       0.51893040520336708       0.46449240380167028       0.48692884339117309       0.48180626850213171       0.42910963388333306       0.41760919814991032     
  0.61843013262059177       0.73715303643183094       0.92714459149839779       0.58790234048247325       0.91441471581939571       0.99709319603969537       0.85618054701851021       0.93693645302833128       0.94007106069613289       0.93465981940150134     
  0.46515252866347495       0.62703119569240984       0.46310832937216079       0.40527714081157878       0.61440074066102612       0.48768990794706507       0.47542010727948297       0.48740654200446965       0.51000531601846699       0.41925601246112781     
  0.68828871567692884       0.78938596632227453       0.94486525750274142       0.64105914788439267       0.93463838813071476       0.99757574492751744       0.87254075853787272       0.95264748015906275       0.95443928960154401       0.94928995526480453     
  0.44491237411285411       0.47888843209007242       0.56521617885724296       0.40741788650080529       0.52634630051209552       0.53389550011372711       0.54356975559858856       0.50272926389759653       0.39828366608726806       0.44390360463767725     
  0.77547045821424643       0.84509157819553549       0.96230545647828147       0.70657052175540813       0.95622808622634103       0.99829742590421233       0.89213172925672957       0.96861687482542225       0.96891655893761053       0.96654951874612804     
  0.49405493726226923       0.41065592350520636       0.52231126171276565       0.45045972001950813       0.70535848482416386       0.71040212276085657       0.54541824444050868       0.46623231972911139       0.44381532898078963       0.45530700693929649     
  0.88605220807315110       0.91647056831959928       0.98062807458178547       0.81042906669148285       0.97851194500620264       0.99911832701599246       0.93126340583540401       0.98442524631802952       0.98408547853501604       0.98317101458884870     
  0.50752886668526265       0.53820911831730611       0.49306216080619830       0.43093214351119441       0.52734244106920813       0.79483027462139999       0.46615139236968794       0.42466187513709286       0.41908696773087034       0.44104863049915094     
   1.0000000000000000        1.0000000000000000        1.0000000000000000        1.0000000000000000        1.0000000000000000        1.0000000000000000        1.0000000000000000        1.0000000000000000        1.0000000000000000        1.0000000000000000     
  0.46731184896484662       0.57922251761545540       0.46082442118050876       0.38374621391786534       0.67464392576793364       0.66149600933592823       0.34565566505671452       0.45808123693185243       0.56428920949995331       0.53787193966566527     
  -24.308018992505581       -10.200099665858634       -15.128481840394874       -16.955201182700350       -15.454428818632776       -8.8346638802444897       -13.484314896023868       -14.726920828344968       -11.741432515221335       -8.8007841967929732     
  -9.8092258432697523       -11.437797356325849       -7.1867979314295081       -10.399745085052761       -17.983079020714587       -5.0496040837847600       -10.995196967426079       -9.7580890152571005       -13.163474911626604       -12.085981722721897     
  -7.9964598593724148       -11.365672696154302       -7.5131147627423553       -11.906131617857994       -7.4076782433044803       -12.228421204228887       -9.1033842683270798       -10.115095391846134       -8.9924101270791326       -11.147720455723306     
  -4.7205766953718040       -15.116055598128231       -11.605904414957891       -4.3972840257593386       -7.7751248888318685       -14.931732349247186       -12.704456454598391       -12.366216630481693       -9.7965156781164708       -11.083572131720185     
  -3.9011340231458309       -11.558596217922377       -10.868967805983928       -9.0145902458973648       -7.3155426523461582       -13.459570540510191       -8.8674971332372063       -10.948772608148142       -7.5660651799393754       -8.5457248009627484     
 -0.39751047951998503       -14.396024703850536       -10.084510405660419       -10.461403755666696       -11.861799312131025       -12.202942902106082       -12.307609666492050       -10.690146937157589       -8.0570311185199195       -10.786484270772528     
 -0.70027944343282833       -16.043211755501961       -9.9497178827035899       -7.6963828482757473       -11.053420193825701       -9.0445056019171979       -11.625284768199377       -12.385127426701846       -11.611729652687311       -10.673730793635924     
   4.1113269527838936       -20.954372470555455       -11.978946700690493       -37.384873625887835       -12.704066401339807       -11.484928757044871       -8.7116931036701040       -8.4757942913788575       -11.710738422470657       -11.211439692436345     
   1.3152936017797826E-004
           1           1           1           1           1           1           1           1           1           1
   1.3620825555189041E-005   7.2575613458867457E-006  -1.3668310001039652E-008  -14.037582063180352        4.5505776331153240E-007   7.2160377800271705E-010
   1.1794145727340543E-007   1.3449063750192522E-007   4.6707926428816200E-008  0.30217830259627626        4.6693991157849329E-008   5.1393490312770846E-011
   5.8281882209034091E-003  -11.231995614139173     
