   0.0000000000000000        0.0000000000000000        0.0000000000000000        0.0000000000000000        0.0000000000000000        0.0000000000000000        0.0000000000000000        0.0000000000000000        0.0000000000000000        0.0000000000000000     
   2.1670270940394219E-002   2.9002379316985884E-002   1.5787422846166722E-002   2.4636669635236527E-002   1.6136848222211612E-002  0.19915784327864439        6.7032606848477200E-002   8.1450505441705401E-002   3.6213089220781244E-002   1.0008759556073606E-002
  0.36510919845301842       0.39985381774936707       0.28680955849844125       0.35870527835717925       0.33539455927239342       0.30111362756634363       0.26275564312657712       0.27640323389162741       0.32865005585432439       0.53394656799761542     
   4.2248744165975946E-002   5.7891676301363007E-002   3.1735569563679206E-002   4.8819399998978615E-002   3.2649443688359453E-002  0.33019798058734895       0.11930245049395941       0.14639876896760096        7.0910322085746172E-002   2.0074281837767733E-002
  0.36008450888520233       0.33434247948065537       0.34099435481679952       0.42744091980574805       0.33761333472267435       0.66698523059885273       0.35519265440208808       0.30918451219407789       0.49557307583285692       0.44812291622931044     
   5.8982280512417495E-002   8.3668270898470135E-002   4.7285462813236923E-002   6.7899171268733211E-002   4.8276766981120281E-002  0.37605373017791643       0.14396979145888900       0.18768304590940571       0.10125409915991046        3.2182614188818015E-002
  0.33389606330648719       0.31084231639389553       0.35836148047423411       0.34157087755044246       0.28537943035638019       0.35332128554561287       0.31077688091013705       0.30055037505917248       0.45959469080197302       0.35130031233779607     
   7.5991302333664870E-002  0.10867052403901151        6.2815819702891643E-002   8.7050719147717864E-002   6.3880098058105142E-002  0.41136574964981565       0.16785901670618317       0.21913452468852987       0.12934058487082645        4.4673999806871680E-002
  0.39161901809237193       0.34063433699142048       0.31708927430643774       0.39510409783899630       0.33630700445945222       0.39316341325060361       0.41939271812686330       0.40646407607906848       0.41363948897458408       0.31516730851850366     
   9.2716433124040890E-002  0.13009986564113063        7.8307062226435506E-002  0.10453058234343700        7.9901428314638104E-002  0.43352726870605679       0.18301204805854154       0.24099256318177492       0.15432702265742862        5.9601236633480340E-002
  0.40687907700542641       0.34885460677722535       0.34410750048180599       0.35590891774304173       0.39707026415941205       0.36804853830532630       0.31296205630679907       0.30492825508505433       0.42027433037713852       0.34709182285627971     
  0.10909937121030190       0.15147229332848555        9.3835170188811254E-002  0.12174728816073785        9.6016926424034824E-002  0.45407312179238563       0.19953325886927828       0.26024691637103214       0.17865088195348955        7.4660322557356232E-002
  0.31936756016946355       0.32359178606242955       0.32008798864535087       0.32204981712100006       0.37755724939924595       0.30409068993950605       0.39264691875257224       0.36035570018972174       0.40034662170283652       0.34677755871830146     
  0.12435569057475229       0.17361859204616856       0.10916980812775329       0.13785829106861283       0.11164066405281746       0.47250260593804538       0.21368880080256736       0.27727173425166446       0.20180173940286769        8.9627531025220142E-002
  0.28496557676849088       0.36677080751794822       0.36209887851038108       0.32648516329241511       0.37015049097708608       0.37048532620593094       0.34272812297794814       0.32395711805515509       0.35937209571686507       0.41174857717489821     
  0.13960995896239642       0.19499634400465260       0.12488346174358678       0.15437825069975000       0.12791665952823611       0.49007456539489147       0.22784754231351395       0.29267008313307852       0.22480088754178087       0.10483809377117149     
  0.34890463462070487       0.35205492930819970       0.30492202645373023       0.35496833874824718       0.35409772543517659       0.31252400181154483       0.37384475488501751       0.31448014425618598       0.40292412211083184       0.34371116381220945     
  0.15664736334903559       0.21489615349406069       0.14040413151154568       0.16948150081399327       0.14085485547885607       0.50688787342988695       0.23974454389938410       0.30698502471032291       0.24751402324115029       0.12053167635063738     
  0.31797535186443654       0.32099658015673488       0.33610461702174665       0.32097889963314741       0.32032922343421427       0.31900978955848458       0.32487324688629188       0.32289957578908551       0.36635974560549522       0.30813734317504221     
  0.17340182024016138       0.23397329457434718       0.15609024633932050       0.18457657353086179       0.15297419417472619       0.52304845474436457       0.25161256063145498       0.32050016429145139       0.26940161660444312       0.13640964002451259     
  0.36058673202088465       0.26893883727079049       0.36148679127277400       0.31897136614902050       0.32248824597071013       0.30128333512291294       0.30436244738689472       0.32904825709594537       0.49116465228013501       0.28327252789995377     
  0.18919604271895687       0.25178776582940227       0.17185739621790394       0.19902695886590879       0.16796151454794184       0.53865368829928939       0.26285281098012897       0.33340732945241192       0.29057678188779440       0.15276655310013118     
  0.34849860550620837       0.29956642119229038       0.32462150014524499       0.32306990097449878       0.35238861618102307       0.33262446337543294       0.30339051558274005       0.33272492132565684       0.38382236835347178       0.34563176584666333     
  0.20498276857989634       0.26931100845403227       0.18809336109455574       0.21327977995594916       0.18272695319879345       0.55345978009179653       0.27389625779966426       0.34638708726201545       0.31156278808919885       0.16945949113628508     
  0.33047084515838177       0.32849117249023180       0.36277063344373622       0.31826426585123735       0.33938686127700612       0.37702891407674366       0.33542214757587846       0.32008625339528957       0.33272061194606567       0.32924353103482712     
  0.22022655994327556       0.28505408900832058       0.20389455861333514       0.22731941876897177       0.19956263062019489       0.56806842367138877       0.28437230699380922       0.35923051919131471       0.33166089893577888       0.18667604361931686     
  0.31020072378862301       0.34535286416629529       0.32758243032712869       0.34562017751143193       0.33666933446326869       0.30378615746647536       0.37125020256501862       0.32619101218518426       0.40595462873987781       0.36288271003144912     
  0.23523411379173567       0.30130607154761652       0.21968254274720261       0.24128144498337106       0.21628555134975630       0.58147439961827518       0.29479052401372208       0.37293708438433676       0.35081990735578833       0.20351582797489418     
  0.41341910665350373       0.31500280120840390       0.34653806073289717       0.28030027825572601       0.34179896938879634       0.31965600117663417       0.31600703002792407       0.34388408786826941       0.40275506163110203       0.30870638449487092     
  0.25063844023153825       0.31713737043959012       0.23573214927765127       0.25556782943808543       0.23192837970936334       0.59434990313807334       0.30561289688581705       0.38725138477715521       0.36924481127738507       0.22054365833754344     
  0.33199760539669609       0.34292771975236935       0.33549019612837488       0.28179625724812363       0.34594278145169843       0.35137970464480428       0.31714570765393169       0.34825386200010738       0.30652611940315316       0.30691280625984640     
  0.26609638822095527       0.33308233595732273       0.25170932004352209       0.26989781071995422       0.24751087298251173       0.60700077580578005       0.31592953582161420       0.40112007363100255       0.38681326558872653       0.23785490980177440     
  0.43464810443102236       0.34156366703687246       0.30396652982588235       0.30191833216544539       0.31185027032500690       0.38956119500152847       0.34940186880657209       0.38250910646517888       0.29214155145650650       0.31444168267987549     
  0.28181157914328836       0.34803378617803349       0.26739462598290548       0.28387285006911978       0.26174855216349685       0.61938069138229279       0.32618794005078505       0.41458874171541810       0.40395073944057436       0.25446852654216195     
  0.31212953825170431       0.33876655699080593       0.43009432091449995       0.32880397946935563       0.39527718378900295       0.33136937956698220       0.33319053388567255       0.38236096013701210       0.36280832144831943       0.34150537266224923     
  0.29746251105173677       0.36313133976313799       0.28322621361025541       0.29783050458665711       0.27619588024031888       0.63082302480552443       0.33638731968399754       0.42792393906743698       0.42109890894740432       0.27090519513441563     
  0.36654944158802050       0.34585444530869969       0.31095756103747202       0.33716987426677886       0.29375612060459710       0.29159975392657184       0.32492090951964803       0.32640866916664418       0.37162248166192224       0.33753201784322190     
  0.31317211104760045       0.37794784444165413       0.29915526199036424       0.31219730730517875       0.29036197809837555       0.64206098836551351       0.34660157602835967       0.44126813057307729       0.43808386432821650       0.28819274861469746     
  0.29340450813422164       0.34498215253938708       0.36815044640487543       0.33635940944532589       0.31018490826243095       0.29666360999234487       0.39981471748303155       0.35608047577212992       0.31394373458153479       0.33451339291091875     
  0.32915175850273598       0.39244479413043637       0.31503295582096441       0.32679412909191607       0.30444294550789952       0.65335564918452183       0.35696124001198903       0.45478986074995248       0.45485527190663694       0.30554986746628399     
  0.36410117699981093       0.30353221482712422       0.33756992462535435       0.37830061425431843       0.31573562051313225       0.34762188974982611       0.34150035835953785       0.38322138300400121       0.40394338888833531       0.29235996622792687     
  0.34035851561801561       0.40720796719348157       0.33084325368697082       0.34195735110923042       0.31998113944357431       0.66485978161584147       0.36754402124621516       0.46830989202974449       0.47118123147325264       0.32209109911637607     
  0.31271979269739197       0.40169933691850873       0.35386448826191619       0.30507680225329242       0.35680704660695656       0.38472836701835489       0.35725483198464530       0.40701812747361793       0.37012738396770078       0.29950098934299729     
  0.35275616898385181       0.42241211061579881       0.34642131416461575       0.35713526251141026       0.33522762595758976       0.67602543980328389       0.37801411025267367       0.48187931872032280       0.48720029395664688       0.33835178238411695     
  0.30182697502568712       0.33880466858461400       0.36275447321596249       0.32720345994147848       0.38001506793183137       0.32294700095746298       0.29124078324207514       0.29616528395324998       0.36591819044472468       0.31897220647402780     
  0.36754006766924197       0.43686658188080973       0.36224480135022569       0.37193722788741063       0.35103887674632450       0.68653827455603500       0.38789773549197976       0.49565354315265164       0.50306081817018977       0.35477873587708708     
  0.31472307645267011       0.35096059354629416       0.35648188656072716       0.32046625974761994       0.34949159229608628       0.31509593894145888       0.34292695181614852       0.32461782962848346       0.34647314157226500       0.28744428661286942     
  0.38241790494332084       0.45103846339358733       0.37787710556339849       0.38676033753375605       0.36632028585622795       0.69701136823580156       0.39814027802569679       0.50957939961997289       0.51880423141607201       0.37105167787794241     
  0.35549511866161349       0.32419199048408370       0.38664820737598982       0.30702384407038269       0.33871573902061480       0.36055976599495909       0.29246900073705850       0.34681288359945589       0.36449981251822905       0.33274818128252981     
  0.39817917653369228       0.46449742419472112       0.39441771569148354       0.40060549842719778       0.38191275470701197       0.70758318931687614       0.40538453581962386       0.52349904082609455       0.53439309942903679       0.38724522305200060     
  0.35324257250157126       0.33189427861889104       0.36629949421210040       0.31005492393364897       0.30912776377744522       0.37752132129279270       0.28273825931954988       0.35535515281211860       0.34635975275032016       0.32289938410787422     
  0.41390695423336049       0.47831997099514134       0.41096846783526458       0.41451670510884780       0.39722780319925166       0.71786816722256386       0.41226694920235435       0.53753904277584585       0.54954250232169199       0.40369574305952710     
  0.34361995319451472       0.32637871289281156       0.36090373253608782       0.32007834240653649       0.31113850438258384       0.33169598946876144       0.30261135494590491       0.38326882246760030       0.33896677720946605       0.31990417247080194     
  0.42935344842969131       0.49205190823933026       0.42706295316158382       0.42621227834744524       0.41321896971301558       0.72768909628954126       0.42112442466619854       0.55161765015205844       0.56409076535824776       0.41990707036285313     
  0.37158339553573305       0.32466000523155841       0.32871804838197355       0.29216420212936828       0.38784391957439340       0.39468604596828322       0.32085817231496866       0.32138750006883965       0.34480251507367876       0.34264728620369655     
  0.44490294587615647       0.50560226629891714       0.44287638209881347       0.43719107955128450       0.42856299910283968       0.73634949029018160       0.42961952349043214       0.56567714182901441       0.57839399782393475       0.43577185148759773     
  0.35227507862029661       0.35421668600538725       0.35336556559065918       0.27353726561177705       0.38865072089820235       0.30886188139064658       0.31068579892924925       0.36586944745180533       0.31794728324066834       0.33326164109790263     
  0.46052693542179429       0.51821939062401368       0.45868664506102291       0.45175058500183357       0.44421450687874042       0.74343773235930433       0.43968518875351853       0.57970055657446395       0.59228373132654755       0.45107021363375144     
  0.31971782632840295       0.33114092277564300       0.34891006843885769       0.29125888789491983       0.31344342462874242       0.30894842038190029       0.33340044400323082       0.31839309230942914       0.41861997464102058       0.31524782994997425     
  0.47644744538841111       0.53086681817424786       0.47463982218755324       0.46595084156152949       0.45984110639351539       0.75133997193175306       0.44966872856885270       0.59353227227531125       0.60596794642059770       0.46626716523679157     
  0.30783471246897165       0.30401932262246123       0.38841241938452009       0.31932860397865642       0.35160161978779958       0.32097029278590156       0.34524522283306586       0.28200818975817593       0.29695361037412282       0.32721373392368230     
  0.49270204114399363       0.54319134135758240       0.49011200132881139       0.48113505951577773       0.47551019642173004       0.75946118182564493       0.45964174931240837       0.60736065121210314       0.61920441711147056       0.48195170225777978     
  0.31397940817205389       0.34337172363236834       0.29759713494028239       0.27393274289018982       0.33702033332685871       0.32339084639446508       0.34418675276245575       0.28802024262535614       0.27910263844166511       0.27789915789597303     
  0.50893173244018486       0.55549849894937120       0.50553805382136030       0.49599615852401180       0.49126623783309464       0.76836662164228897       0.46973796464950984       0.62113133135997234       0.63222127147691898       0.49763824250525990     
  0.34766953694096719       0.34766803106831778       0.34801038305088328       0.31045185903404243       0.36544278138417358       0.36956277876309485       0.38073468994593623       0.34210625196858863       0.32036378185913311       0.32789596478239497     
  0.52518837607918711       0.56774397066717308       0.52022815456100002       0.51190714540684734       0.50642350656240320       0.77748729435850161       0.47945245360732158       0.63445483348674681       0.64426638841654160       0.51361881350447458     
  0.35203124173453026       0.38077086418209238       0.35405066664323676       0.33874596071430463       0.35998986573548897       0.33944124213283811       0.35865722933173055       0.35069198991424461       0.35652631226386211       0.31718897956144781     
  0.54148410998497731       0.57994730334584632       0.53498276609275830       0.52783736541136861       0.52170200721660343       0.78630462436945581       0.48918496626007846       0.64769871263215362       0.65586533527175594       0.52965754118101516     
  0.35736204684578915       0.36210316703655027       0.31758123415414713       0.30844142810594327       0.34121102993387653       0.35722563120747802       0.33699029579533746       0.30792817323360089       0.32100909965024765       0.38369158023867439     
  0.55782893392772970       0.59212364193640188       0.55084679911407708       0.54389745175225046       0.53752647225619987       0.79498445404224150       0.49927447738067754       0.66055544959102608       0.66728783092468247       0.54542237581596098     
  0.33970136951716928       0.32953736102156805       0.41196644161408291       0.31775846054507145       0.34098459479732973       0.31739270311633611       0.33725175172823746       0.37194268464315355       0.33609347155617658       0.31459679597609880     
  0.57371963763857003       0.60413183434873130       0.56669647170893156       0.55970036617477881       0.55384958911333348       0.80324540866817151       0.50929772949246999       0.67358128911183257       0.67871733905893472       0.56101978807639752     
  0.36077079945194340       0.32347544119837707       0.37848847129623392       0.33799716867946328       0.34280894384561800       0.29550359746066307       0.36893580706339069       0.28355663482786791       0.31384062479447861       0.27824420130475036     
  0.58883264452171791       0.61646993038454456       0.58252851617462287       0.57563515293887269       0.56934833512787308       0.81134908931321703       0.51948032985421178       0.68638050599933909       0.69118215254664739       0.57602148325867775     
  0.35251555246726751       0.39617652394543834       0.35150795039716448       0.30020375002675714       0.28451677494590077       0.31147487783103628       0.34454656800244260       0.33594218184016916       0.33528840895360834       0.30055247301913096     
  0.60411175727938349       0.62874971429018123       0.59838917091015487       0.59149484913944228       0.58522706750771303       0.81936665931293751       0.52948184191013914       0.69904423449590924       0.70380199502443075       0.59118389168034780     
  0.31103032472398912       0.33725134560140380       0.36787910857872003       0.33824749164257795       0.30378407997200296       0.33700508348667096       0.31970545908898351       0.42907548850054650       0.30993926929079202       0.30388931674879188     
  0.61957315434220273       0.64135720630532544       0.61444454870664444       0.60752208991780066       0.59924884796844702       0.82726109920012847       0.53957531340928722       0.71185918427316164       0.71656929850254691       0.60674441992729755     
  0.35014693103927197       0.30594197952680269       0.31522609052102857       0.31592257380803263       0.32777073697197656       0.28835078598514885       0.33760622490608583       0.36867968959721353       0.33966527937237334       0.35787094323315627     
  0.63518820493020522       0.65401482319354476       0.63057878087451669       0.62363446952929202       0.61340150981229247       0.83492138772860502       0.54958481647380508       0.72454523078843813       0.72948998947251265       0.62195237595629993     
  0.31747061381710268       0.29988225258142837       0.34951224888112514       0.28714527195187284       0.40635504542311601       0.33979334949290169       0.33640753874755647       0.43182290143578844       0.36648481610409595       0.32407861497522883     
  0.65101300770521231       0.66560274828410559       0.64640412379762180       0.63969499096672111       0.62944867812593996       0.84237996341769161       0.55963537781380235       0.73733278334519681       0.74000517376547659       0.63803418624642727     
  0.33579682248932097       0.33337036026007694       0.36025249271405868       0.31987441925987770       0.32764586575794930       0.30746145718030843       0.30427120924351631       0.37326141667202956       0.28600709789989631       0.33740047170216730     
  0.66680255674060296       0.67756220223956898       0.66213627911979145       0.65581712038614803       0.64528072829349570       0.84979633586041525       0.56963584618435115       0.75016123795421108       0.75058245635124643       0.65427946484609090     
  0.29510810570465340       0.36713609792831642       0.29186709974474906       0.34646894843775439       0.35817689668589575       0.38811206489024530       0.35035958182631571       0.30861283644580112       0.30807373982623165       0.35154357593589752     
  0.68257077178814529       0.68651324338449249       0.67820380425554072       0.67174088259115683       0.66146489645726536       0.85708493134459207       0.57974214135989277       0.76274882643261666       0.75942872019026952       0.67038339851851725     
  0.37608563383895272       0.34719326305442938       0.27827721901789643       0.35179518580676755       0.37787139898294642       0.31378127957410812       0.34568821524831994       0.32823464595985696       0.30895812514297238       0.31274178132486774     
  0.69819594693415943       0.69621248527591750       0.69467218445876244       0.68785300994561716       0.67747076015692476       0.86433065601779302       0.58977765727826070       0.77600550069811525       0.76900117683468949       0.68635525574138467     
  0.29625995045577502       0.28161452543472210       0.34928217728277600       0.32676118800464293       0.33190683172590146       0.30637501023469410       0.34314527154679825       0.32282185473149044       0.28314685182078286       0.29072951323615892     
  0.71348991459468092       0.70907311992274813       0.71161276082869696       0.70607708628330001       0.69425740901715483       0.87166410530730620       0.60012253466272381       0.78887701702737600       0.78240630461968363       0.70275685875501936     
  0.35241867734664301       0.33721662975501987       0.39324641487003292       0.31361474063038142       0.30114025684926810       0.39033452744615221       0.32479496420917781       0.32068280601144794       0.31785136951459597       0.31971873971966353     
  0.72880933889995880       0.72152080114497852       0.72898275294674075       0.72401881252834155       0.71091402840327911       0.87891543009235540       0.61043365948061012       0.80166528406018633       0.79543829354168871       0.71945167470827787     
  0.34867939615554694       0.30751307150912621       0.33482707544120854       0.31154655399441628       0.32621381095663188       0.34119674792388294       0.32480424289522186       0.29681252450624152       0.29914190334711072       0.29425829297527523     
  0.74376307518208551       0.73493968840999513       0.74516183990973550       0.74160655972771128       0.72715868658127625       0.88539521539030286       0.62087072633767615       0.81446901635338187       0.80849014487120641       0.73649893218305762     
  0.34663841696554870       0.30585315126917406       0.33346479867886369       0.26768239460665744       0.34022269930309806       0.30557466804772010       0.34714728209654377       0.38156690153790890       0.33127859392075698       0.35434202479392751     
  0.75889476944501011       0.74828293148417990       0.76091246822088343       0.75891264973000083       0.74354828730840306       0.89186778197954120       0.63113529402313151       0.82742167244873932       0.82145058810077010       0.75388815933585940     
  0.32623325881006215       0.33073556011161032       0.33346901273426194       0.31329110124341175       0.33199400539814117       0.35076152442830871       0.29923242704373310       0.32210125058098577       0.29455163594029687       0.45139650509643647     
  0.77419596442313399       0.76217742733048832       0.77515283582669336       0.77672835167262100       0.76031317085700112       0.89824434935016173       0.64187074764865892       0.83955743644924985       0.83378143452818310       0.77099922592396763     
  0.37359044170925931       0.33133654391322703       0.34352668001046549       0.35337913778016800       0.39743890827240597       0.29978883931060718       0.33975290588792412       0.37846777096086770       0.36941374182088427       0.30331926519370989     
  0.78958480889646954       0.77622270822328865       0.78946024981890561       0.79467618081275604       0.77684515609869609       0.90460088495716229       0.65290774029843590       0.85146513444708227       0.84602131216504672       0.78783445199679392     
  0.32243919653077968       0.35140773742549486       0.33427719069854450       0.34986701559534894       0.33345115881967219       0.32923263620797155       0.36138502435653314       0.34473580534312886       0.36014897554948383       0.32127977895631227     
  0.80557330194834242       0.79046815147161797       0.80134138900125262       0.81300966192441460       0.79296221546653378       0.91136679826976008       0.66450858991658279       0.86305799459376398       0.85821112921218001       0.80403025419431473     
  0.33417228787584952       0.33477787937261810       0.29524474367615439       0.38025322541793743       0.30276337274591764       0.35436488616533990       0.43585776413587518       0.35874445826610196       0.33379223330826857       0.31029358681902564     
  0.82086895893433043       0.80453859177720111       0.81224742512872583       0.83093474289609170       0.80957255614987200       0.91799144393111642       0.67635638789624231       0.87454180943389770       0.86997531473902912       0.82020530142820325     
  0.35687200918493978       0.34834843385799236       0.31378316349937940       0.34634558130538740       0.37246401437744908       0.30465229614966577       0.36510916168041768       0.34167496804177894       0.34840607079291247       0.34217405576924376     
  0.83553314987778060       0.81853612394124242       0.82808963110747458       0.84655732832670694       0.82608111893895542       0.92456384610003761       0.68835219409202408       0.88598794167059292       0.88032384874637137       0.83684656713407346     
  0.29071812667740476       0.35849056138481422       0.36901025835640394       0.35502613067739497       0.38564071950723583       0.43838604316996138       0.35524397908066824       0.36458213582745103       0.31164782234478056       0.32695903026792489     
  0.85058788105357552       0.83239862403910259       0.84370783241421621       0.86146788218377512       0.84304537320529305       0.93110545659655020       0.70060330942216120       0.89740650790433396       0.89078545890258543       0.85374727565805009     
  0.33031255560030653       0.33032521872240289       0.33238050018836784       0.36334212678796962       0.34865616711367542       0.37675273725720065       0.44717236499929824       0.35984262475713702       0.26353018618787322       0.31188672007589935     
  0.86600029017409752       0.84620652727413603       0.85955130015297687       0.87756698028176783       0.85911030362173268       0.93754549017636690       0.71345207648229336       0.90843920916846976       0.90233626223536934       0.86994373657236168     
  0.34553870367182160       0.34650079469881856       0.38838735606694075       0.37158049190685832       0.34119441679596302       0.30446042716488836       0.33652756298364833       0.33794491583485803       0.29496789971655463       0.33174025744088848     
  0.88169469329334971       0.86030117563026909       0.87556042376949295       0.89381173187305529       0.87514111412643847       0.94390805515167042       0.72658431959758374       0.91959649462148574       0.91377579555100086       0.88592595506729166     
  0.37236756383147329       0.34995600380884068       0.33762112043575621       0.32301117598819190       0.32349014211013594       0.39655727621148407       0.33675989995318623       0.29643309964760006       0.29424405496848410       0.29354076420059411     
  0.89661799865967318       0.87618473387353635       0.89041775538196977       0.90863357263941391       0.89083777125209507       0.94999624675380911       0.74130782804446882       0.93061598839789950       0.92478742589454699       0.90197501335126962     
  0.27141980025154883       0.33228256885785640       0.31077755892752640       0.37955488820502692       0.35858286489905095       0.36465298445999350       0.38031004175264588       0.30633459858224904       0.29826047180865822       0.35730260074839015     
  0.91193570099275822       0.89182244132939648       0.90533856851748640       0.92291570606814877       0.90649824077820274       0.95604731781252206       0.75667726334217511       0.94173628721567904       0.93587939830682076       0.91781870161855961     
  0.32331888561025512       0.38919677663358682       0.33771731333105759       0.40891689425057542       0.31116385654004458       0.36544661082520041       0.41115525920432244       0.32648189286874613       0.28480907635492858       0.31258871519623599     
  0.92706421674068640       0.90805340710055593       0.92026004559526775       0.93696875976509031       0.92211873556137414       0.96229529374535261       0.77504202920973653       0.95286445395814034       0.94709893062197548       0.93387992563049693     
  0.33889134268414589       0.36122715299011893       0.31732968430223663       0.35498389757968479       0.36400547358833685       0.30450062547702778       0.40579465995352387       0.35869904493307042       0.30297363197122146       0.41969266058307980     
  0.94219369890927629       0.92421307003322339       0.93522108824622008       0.95108065062782465       0.93785873004940712       0.96860153120150216       0.79463866590726007       0.96395802247802942       0.95810948138122276       0.94946376072228666     
  0.33208347812190558       0.39283443706755539       0.32366760385722143       0.41064219632385701       0.35948237743341116       0.33007440169428653       0.28781443080951835       0.45429785513711185       0.32881792875158522       0.38936350528544045     
  0.95711431287040916       0.94281554917045751       0.95146472330551646       0.96334448995314803       0.95239961287015951       0.97526735467665415       0.82081411296290940       0.97392158077791702       0.96907675242678848       0.96227942091974739     
  0.34794155953790301       0.43805390904122610       0.33701040280623346       0.35464495780730598       0.31389178497777087       0.32059995424987431       0.36530185664363318       0.41206025477103375       0.27443364908174539       0.33028044989196736     
  0.97246685998708882       0.96150067132094408       0.96789312731027344       0.97558125518908656       0.96676363373018936       0.98205032516251822       0.85084893705230802       0.98350509167682088       0.98019754829304462       0.97524547381267412     
  0.35613959468375278       0.42060339811121050       0.31965982898305567       0.51913149203024023       0.32980264244870183       0.35282577885041239       0.35113063533354461       0.37542806396815359       0.26593658032611844       0.45795045700536779     
  0.98616177107448888       0.98078196511747373       0.98403302898260581       0.98792696583883299       0.98331774267665251       0.99079551051216697       0.91443922553777024       0.99185737056357448       0.99007591709739851       0.98734629618784475     
  0.32024582472264124       0.38881644536794868       0.29725161925504245       0.66731953525990484       0.34541874609685930       0.39740076961855142       0.43313364921919545       0.30832491818857172       0.30204897679191806       0.50630129396884360     
   1.0000000000000000        1.0000000000000000        1.0000000000000000        1.0000000000000000        1.0000000000000000        1.0000000000000000        1.0000000000000000        1.0000000000000000        1.0000000000000000        1.0000000000000000     
  0.50683078293298012       0.33006527459533930       0.38808925703558439       0.77552740339591475       0.33056475752278797       0.33653911739787579       0.26275564312657712       0.30805948905098340       0.49817983994554149       0.83516107527611028     
  -5.4497994164807357       0.42060815145272784       -5.7559955760750094       -22.918409981858719       -4.8268415990458795        0.0000000000000000       -4.3293110677113020       -3.7112154416262668       -6.4091743775681076       -3.1972974782838977     
  -3.2279658811346232       0.18781867319706039       -2.4237247570444089       -14.916767101290493       -5.3734517686387484        1.4112570291081949       -4.8614399290156971       -4.2709061550589276       -5.4665821345856092       -4.5117256618711687     
  -3.6194602425037514      -0.73132182832075499       -4.0984261104022224       -13.145031673227320        9.9538910827019836E-002  -3.5096072299716110       -4.4399024935575406       -4.4181243461970849       -4.5363060717100518       -4.7041193783882722     
  -2.4846404282291594       -2.0803243647122858       -4.1759321166189878       -8.0671747609693583       -3.3011124175879663       -4.8491846753225438       -2.8047818097501951       -5.4187999382389398       -4.3380140094043114       -2.5130255161728119     
  -5.1355630718052723      -0.90087044362481983       -4.6977641185319738       -4.7442012515546290       -2.1437677642779338       -4.7429616124628389       -3.6988713676759426       -4.2342298749785057       -4.0749700452050988       -2.6723740412747228     
  -4.8617219852386153       -2.6460864257514478      -0.82719658185531719       -1.7287448320543646       -1.9989347222192912       -4.1682931954317324       -1.2174411946935693       -2.6411986002814576       -2.7441329833076273       -4.5318156709868340     
  -2.7152946029163596       -8.0907496004717920       -5.2700369697026233        2.8587976027779436       -3.2335635399837672       -2.3180192485890867       -3.3786198314855151       -3.8685052747234980       -3.2237183337888147       -5.7689310921462233     
 -0.41857278903904865       -12.778398119955547       -1.4694380140611001        21.378169247872606       -8.6004455552227377       -2.6902941836557690       -2.8408322683714782       -2.1484035247282813       -2.2687958985182406       -2.7225894787675647E-002
   2.7599010474455428E-006
           1           1           1           1           1           1           1           1           1           1
   1.5417595084379123E-006   1.0721481978697780E-006  -8.4477141588816513E-009  -4.0164678986150646        8.3078530740062455E-008   4.8679885526600296E-010
   1.0145977674878834E-008   1.0240563443857815E-008   3.5400448110470053E-009  0.16089581325508687        3.5287573702785946E-009   1.4750576896993348E-011
   2.6314741021780195E-002  -4.5163996114489269     
