   0.0000000000000000        0.0000000000000000        0.0000000000000000        0.0000000000000000        0.0000000000000000        0.0000000000000000        0.0000000000000000        0.0000000000000000        0.0000000000000000        0.0000000000000000     
   2.1607641363191898E-003   3.0332066111541955E-003   1.5058115850690629E-002   6.6547004069634572E-003   2.4530450283951476E-002  0.40486044346616212        9.2424426554031977E-002   9.7325180666537017E-002   1.6342907317816121E-002   1.9713840009359891E-002
  0.66929975444270418       0.48410771134876313       0.42488848975739374       0.60347888873680555       0.32578672592651758       0.35610207177906722       0.28908286628787089       0.29956555173705196       0.59422994032833498       0.41840298649241253     
   4.1102403529321369E-003   5.9758967280452036E-003   3.1014186536358151E-002   1.3128999177313479E-002   4.7074316731634216E-002  0.53887068676382655       0.14520870131869160       0.16290114208273318        3.2885751323174603E-002   4.0086928993896292E-002
  0.47579055445776558       0.53616441481704835       0.37293726054236659       0.83325932698539062       0.31567934704383493       0.58410284847783711       0.47412393501015448       0.37942087665235097       0.46179286932971603       0.42656920760162387     
   6.1004682493728240E-003   8.5702615779161793E-003   4.8300048060928490E-002   1.8794972726304239E-002   6.9705049802506747E-002  0.58436734669577439       0.16774217622224732       0.20054376973464125        4.8422572235944684E-002   5.5057178506532606E-002
  0.69520218395808719       0.66366331330802952       0.41589550574852679       0.78576808775794627       0.37992185351039631       0.36680851601020636       0.41425535356704113       0.35272010024613587       0.52962749236322204       0.45861417192731002     
   8.0611002340059620E-003   1.1144550153270245E-002   6.5023165744618361E-002   2.2714961200305039E-002   9.4129361331210970E-002  0.62012388431201615       0.18600864206267056       0.22793561137438190        6.3916555088709720E-002   6.9695103213903417E-002
  0.46649004115885462       0.42786876521805761       0.40025318640637386       0.38172797252239549       0.44018777145719640       0.38853148848396879       0.34623399689475343       0.36558571966525916       0.47110959765225985       0.38761178376621230     
   1.0143377146494034E-002   1.3745725847230859E-002   8.0877495507992961E-002   2.7218108823341254E-002  0.11724049388481009       0.64868523129743316       0.20125071696172900       0.24511736769741416        8.1213767390036579E-002   8.6171942048013705E-002
  0.62201773772131108       0.39760501959927191       0.40615494051115036       0.70857609708433489       0.42878607154311793       0.37416044608042137       0.43800713413525039       0.46055208185651675       0.42316661946716505       0.41225425735918775     
   1.2519756186922101E-002   1.6524479809631419E-002   9.6289747535670656E-002   3.1717979207061958E-002  0.13897287757217716       0.67615269685753610       0.21403422822133664       0.26191857720666351        9.8135913717818102E-002  0.10256703532258928     
  0.50176791340741900       0.49692908301778171       0.43482583063352631       0.48154576814159017       0.38542373360726062       0.35385090779775419       0.35907376603356489       0.51853684019502211       0.39707852098424234       0.42926825995295304     
   1.5109388745604803E-002   1.9336558748280382E-002  0.11079459714471600        3.5912868715448763E-002  0.15625905405441901       0.69920867831242917       0.22534959542247252       0.27453275771592062       0.11433776641070997       0.12177952092248033     
  0.49402750326610756       0.34602301218569576       0.37699778977585013       0.46475998984249334       0.38640036436113490       0.37163654710925936       0.38138177048843153       0.40473984180136757       0.39501758440213158       0.42450837391060275     
   1.7528880084587205E-002   2.2340895334485494E-002  0.12637301172838208        3.9982142673437367E-002  0.17027054904642214       0.71980375507719052       0.23545945842822788       0.28786486622341051       0.12998088102337316       0.14190003368766060     
  0.52195446175336757       0.38648610627935337       0.36086715027066019       0.45950535764004502       0.32904535161228571       0.37674390435319371       0.35822028072723006       0.48603326544726205       0.48625164173467350       0.36440454422059360     
   2.0015516445195353E-002   2.5565623945308282E-002  0.14278854195018822        4.3993041888667546E-002  0.18383698619441186       0.73776212489165149       0.24525674720482943       0.29864159250588196       0.14552469088347061       0.15954563963551308     
  0.47615465420844394       0.45740608541310585       0.36792376879759192       0.43329699298253649       0.34814374135113779       0.29757921932253389       0.37500017651695466       0.35099134340674037       0.44166265327086990       0.40602577886711511     
   2.2588398673555488E-002   2.8975315851745054E-002  0.15865844611087768        4.7880527583359492E-002  0.19765835922387170       0.75422582921458126       0.25443602768986595       0.30961177947296187       0.16158997511574014       0.17548670044384906     
  0.38130108909192023       0.36668104344933844       0.46731017893839710       0.46207075847072449       0.38558197419183377       0.39079288299828990       0.40458023373898677       0.39464858731941593       0.42510000046577617       0.45887128788934417     
   2.5218909024324818E-002   3.2430532105356333E-002  0.17498482957143535        5.2006008663655956E-002  0.21146754444802238       0.76867288480043183       0.26381283744767292       0.32026759711410757       0.17796384446375255       0.19052577140615334     
  0.58398475814510864       0.38847867179196116       0.32436022552950328       0.40760430902180972       0.44092761819592158       0.33955266358541691       0.36939122551636966       0.38572125215703029       0.45791801344922073       0.33650719991431843     
   2.7847935561086765E-002   3.5800363068048506E-002  0.19283471140358507        5.6521366996441107E-002  0.22558535787775122       0.78175476660714827       0.27305954909079488       0.33132461910797190       0.19457199108459045       0.20551920645994418     
  0.37790398565695865       0.37476988117817439       0.41386751805251448       0.41300587754316126       0.45522580469888718       0.41320762096527192       0.44019846511107502       0.45681729293182616       0.47746326850976578       0.33878977650632308     
   3.0502563320826383E-002   3.9426117893148108E-002  0.21048377716988331        6.1102556260758764E-002  0.24012999969707333       0.79402239684451048       0.28206764731601103       0.34238102036534074       0.21109263376376580       0.22282126907978050     
  0.40255611278834397       0.36073370058456578       0.41958353683120841       0.35953377658147484       0.33188615948413408       0.36130561658961413       0.33689660891288092       0.38273914647477375       0.42446295939914480       0.41780366198380248     
   3.3248021243987215E-002   4.3325963023131069E-002  0.22782317214948095        6.5925914126255480E-002  0.25532882901322906       0.80577857122689178       0.29103737012073189       0.35252778132760670       0.22695864034594376       0.24024025023136994     
  0.37806547003836599       0.39415615940005488       0.38886032316581487       0.43288680429950394       0.42810558713211028       0.37914793355475851       0.38088711776266554       0.45180693439541109       0.38432414298298845       0.45754476754398771     
   3.6038333492286766E-002   4.7575870741573142E-002  0.24504508472472383        7.1262147135223150E-002  0.26921618446335838       0.81575307571136557       0.30003825681650531       0.36301435363721712       0.24292597108726338       0.25350009801163181     
  0.40703952980518054       0.41821446898687936       0.39214085750467609       0.33468211561341982       0.36957626244515224       0.36859929586832169       0.35235618730018758       0.38323929216091118       0.37520066089063125       0.31009207672511230     
   3.8911686036314612E-002   5.2048303546375414E-002  0.26168262681942706        7.6775936401711112E-002  0.28191741190637709       0.82447994708645111       0.30795637165231843       0.37382287461776237       0.25973956237225498       0.26737762389007669     
  0.46544346513366647       0.44770722889344505       0.34778148750488197       0.37219477319504862       0.39086091307749143       0.34505401319851603       0.42825081446626012       0.39498593577065760       0.49228032521178289       0.30890795969586743     
   4.2235519887392201E-002   5.6651789902549328E-002  0.27747320651493573        8.2167984146746476E-002  0.29500041054582771       0.83329448247772464       0.31560952262414604       0.38511599184301704       0.27776220598122114       0.28274939443899266     
  0.37628895715916855       0.35550797452933497       0.30728664318560200       0.38217425137378475       0.34664949920983135       0.34325281058403756       0.32164684002324834       0.40959978606450315       0.39411144428659012       0.35415535826183725     
   4.6061107209283081E-002   6.1512434859028839E-002  0.29252372163452761        8.7507456321245125E-002  0.30839639510720451       0.84230849992856338       0.32290084401409475       0.39618010279101906       0.29561395225457310       0.29819869329031901     
  0.36806219440178112       0.41457399207534001       0.35685631266518258       0.32919560210302573       0.39435368758586753       0.37986419600737631       0.35921707952124349       0.41184166756969853       0.45185190328155000       0.34318942195572244     
   4.9976349987964297E-002   6.6372966850003060E-002  0.30745437027555944        9.3098633615204623E-002  0.32216798490918097       0.84990642975598230       0.32964906108436876       0.40771507686844211       0.31251841277959058       0.31420366971995595     
  0.41836108391814536       0.41014374733023812       0.36286366821727356       0.34767687832248462       0.36862722982778978       0.38590238226506096       0.36200688900733924       0.35295824776372398       0.34070273715620830       0.37147766353287176     
   5.4103597549633432E-002   7.1230102353791153E-002  0.32192460354706315        9.9148324942189836E-002  0.33562485608459397       0.85711339291431321       0.33655284663315543       0.42015273137292258       0.32845621660758223       0.33097845258130415     
  0.38041027239849540       0.33742064172961694       0.37744736529297107       0.38083967783382799       0.35273464220258371       0.36703703491847911       0.32808566599367078       0.38443124145220348       0.45852833323987358       0.40317069496537483     
   5.8444161340672429E-002   7.6712601379633205E-002  0.33523633832344235       0.10581936754819175       0.34946913097327531       0.86436062447337081       0.34388416591017978       0.43285481792446151       0.34470689266137317       0.34843670160398338     
  0.36306340555700678       0.33968660639070841       0.34507259284068764       0.40561332691951563       0.37682411522423742       0.35829666424708040       0.36521192407030761       0.38332845453711623       0.39919571959746558       0.46036866396073228     
   6.2757414716703472E-002   8.2465996583203083E-002  0.34899455967890131       0.11254113850143881       0.36328638701059396       0.87129745734539055       0.35109397175679496       0.44378691744454862       0.35946000680281592       0.36624259399282316     
  0.40395336963517392       0.34360386326686893       0.35252095088274538       0.41672447379805266       0.40590918071904974       0.34861497362962801       0.32560266388012138       0.37129374431701534       0.41433171983622680       0.43694378961910724     
   6.7000242728672471E-002   8.8626217639482488E-002  0.36300215951077841       0.11895886516189412       0.37698108696166160       0.87698688145625103       0.35803783767024749       0.45437866438437463       0.37309415103226645       0.38211744604698294     
  0.41787277560947789       0.35773522831554672       0.44450953819627975       0.40698709729133303       0.38633370234733033       0.36386743763940543       0.36368323564233768       0.36061825923047625       0.32886363234249849       0.36397906151112819     
   7.1556122152226731E-002   9.4879900832989278E-002  0.37777457989726226       0.12539740651147246       0.39080542605778795       0.88255440825320808       0.36507595801302900       0.46535741411576459       0.38929946928517295       0.39714142780659234     
  0.32952832229177476       0.34048234606515265       0.39935619508123504       0.39295255652681343       0.43095247037731049       0.32117894238267031       0.39195567106342866       0.35413344087736481       0.33735668758790044       0.37424561447916710     
   7.6194903028847918E-002  0.10233750046471368       0.39298585248276047       0.13237956058928591       0.40383081403556226       0.88800027173264207       0.37191030212533327       0.47761886007165294       0.40642843029715336       0.41104386675432958     
  0.33511463483511100       0.35542157959092535       0.36329516284623198       0.33822637332255329       0.35757790686088214       0.39615455936147903       0.36744665780040331       0.42500129508824774       0.35776373177458903       0.40589627452622662     
   8.1197337410540818E-002  0.11008508126016175       0.40811864808369114       0.14038079707969020       0.41650594691950149       0.89319259432719256       0.37875967010058975       0.49011089290199095       0.42227003379491890       0.42584316364025887     
  0.34328643224648270       0.33705653750453929       0.34435094281284984       0.33903849274182185       0.38213334793381898       0.34440257288714837       0.33335523620596380       0.46796732425139215       0.28536884654829597       0.35760761475273373     
   8.6375250958078020E-002  0.11804241234883127       0.42436411199191248       0.14870512175344974       0.42886865719796691       0.89794685852578893       0.38564529595193303       0.50238388657730160       0.43773349486766028       0.44032567410379975     
  0.36506902195537067       0.36476739649664180       0.32673573001204309       0.33685028820376084       0.34516146688404914       0.31766448244016976       0.44113802428196658       0.41475033750399121       0.38703078499823268       0.35141138984993020     
   9.1558933045713872E-002  0.12633738812237585       0.44042447645361182       0.15698462796655158       0.44136922830984487       0.90276905917894446       0.39234652687950827       0.51481613858597308       0.45434108739659573       0.45381385355823606     
  0.30839905386121835       0.34523972727774560       0.38665227670671398       0.32192687456209090       0.37648308953860282       0.32579750462641321       0.34536992030741381       0.37285338915298338       0.43514314481307348       0.33514847221576738     
   9.7306700173821342E-002  0.13590223695533113       0.45592863492106517       0.16506455113544247       0.45354184620841603       0.90709533898258898       0.40004085531618633       0.52763863099289643       0.47172241687665023       0.46680709884683214     
  0.31906660584540508       0.33345502790928311       0.39807116667373016       0.41781164330606918       0.38841765741222883       0.39236475087675671       0.37356633277904777       0.36019048502644507       0.38518968866093656       0.28875858358913481     
  0.10311227650209343       0.14567134884745647       0.47117017202740330       0.17325948474472333       0.46523343995109756       0.91153106175736809       0.40767889084835257       0.54075751938139149       0.48949472831868701       0.47892480318303832     
  0.32823463669492531       0.34507461133862816       0.37673243013972335       0.32909605509675643       0.39978431773520573       0.33551941316762185       0.45656821473329345       0.37243260832246794       0.35634299426715477       0.39935692166273845     
  0.10964978723763001       0.15644766151040107       0.48625456265180700       0.18144804814405924       0.47702743329101210       0.91589248272590185       0.41436710508096120       0.55359615583127197       0.50689761405500700       0.49092805486612012     
  0.34747015934226616       0.38693454660093984       0.36715006627541275       0.35999912671461992       0.33570904300295268       0.40226360816070778       0.38936383652843859       0.32828711263106669       0.38238013361641443       0.40219132656872608     
  0.11645685148975518       0.16777853409313875       0.50154220515227066       0.18984721685733555       0.49014336234123795       0.92001383830160854       0.42110510879483565       0.56513049156439388       0.52388550071288853       0.50493761920495717     
  0.34991615296179496       0.34899475881557240       0.35674386446654238       0.35715115421163401       0.34945840281661855       0.37151896388515077       0.40130682380701854       0.32799883589719470       0.31614591866490305       0.42055440447705300     
  0.12402509220157916       0.17983007066786225       0.51701657950087165       0.19883484848007046       0.50379336338362435       0.92353309138205131       0.42835473825810050       0.57671821997712092       0.54183500719210242       0.51963180726341929     
  0.37689831914249056       0.39308356506923048       0.37679899996902189       0.43525406277231610       0.30251957568789256       0.35679706420998158       0.40336265602228799       0.43118309634766783       0.36910059254633226       0.33232249341080422     
  0.13191531750163607       0.19242894907850661       0.53142785503855394       0.20808021954348274       0.51683667985202608       0.92693719213474790       0.43602262605478442       0.58852495632396229       0.55703328556744647       0.53448502808070186     
  0.31506419823287052       0.35140316974495356       0.37487755730803896       0.33790795237377930       0.32433264377010701       0.34492520953236794       0.33750900118121041       0.39477020979616945       0.33324319654898082       0.46125939767681112     
  0.14020501972077440       0.20599103408926428       0.54547841769557159       0.21707821411172282       0.52947867526109238       0.93051549720982851       0.44391918532295938       0.60107680400499919       0.57002118576451044       0.54765546844231938     
  0.40713599043430526       0.37075051732092174       0.41038137987833395       0.32419887988384899       0.45921402086006308       0.34574166532364004       0.39484426461319827       0.32150824821508400       0.29125963807017802       0.33768667825990117     
  0.14874204934736698       0.21936108640118854       0.55945150698741453       0.22624104666685482       0.54139373525658807       0.93431648756094177       0.45143763835124673       0.61522821954732010       0.58259599547696039       0.56046452357180621     
  0.40009018308389011       0.32226430364894620       0.34352142449680456       0.33264696316982006       0.34410734853223113       0.34675204026823714       0.34193437068781346       0.43598711524282791       0.35020953880406458       0.36871858863937340     
  0.15778493736822832       0.23337644644079475       0.57452474639081064       0.23537283784702731       0.55296537246066568       0.93798962445823364       0.45891132611404462       0.62943936890483920       0.59593995366106112       0.57333820431981375     
  0.32391438017422991       0.35930790515968813       0.42206424936836728       0.33907744281433805       0.36835397803905179       0.33760044124370059       0.37429896192711787       0.43725819125826160       0.28677212809064784       0.34212417750491725     
  0.16695751693209734       0.24749482019736466       0.59089034966227061       0.24507177197029550       0.56497092105652669       0.94162832401666841       0.46616099006687128       0.64307970227211475       0.61206410469535399       0.58668953981674665     
  0.26770966565428078       0.33722056729768779       0.40679189382086894       0.35684370887645306       0.41214651912864186       0.37956536550027514       0.35106526674888916       0.42327728933006953       0.33837605029859169       0.32511561203280254     
  0.17665611530637670       0.26309556617729318       0.60690599758267560       0.25565608472782098       0.57735999628186030       0.94496061190011504       0.47456033382518648       0.65642922803597969       0.62725584105297461       0.60044059270754624     
  0.32940410911372381       0.32510136577823928       0.36716837453946793       0.30872598703300086       0.38882788616732333       0.42796578761198106       0.38025383018822573       0.40953800445966920       0.43196654389632350       0.38141618962319424     
  0.18680262736036277       0.27923997477236029       0.62216103262441691       0.26686475640272583       0.59023816047431410       0.94797057735452994       0.48376542508791526       0.66904519108342375       0.64179863435917217       0.61516515934523330     
  0.32418683810708132       0.35225070927275293       0.37189705924700855       0.32714656097659417       0.40230903144471275       0.37456644428420804       0.45768463858290437       0.35498350757191771       0.33313493099690461       0.42076581290390092     
  0.19801192111220689       0.29605513656326909       0.63787906196362221       0.27813217226635090       0.60433136505732898       0.95083295347157271       0.49309008934072801       0.68038903874055889       0.65704402589202970       0.63200469629047584     
  0.36953426340077211       0.33339860544983713       0.38914751625021382       0.34456504851046377       0.35009742056531851       0.40883229868485416       0.46913718630725637       0.35774874425422731       0.33953690778095980       0.38026890002442276     
  0.20963455752833815       0.31238367022801478       0.65549083582708956       0.28935345942951574       0.61831507429400567       0.95361988618647309       0.50215762907233930       0.69254744314891603       0.67167847400097569       0.64840617789478372     
  0.32861288810012346       0.39991936098342057       0.41011939181346552       0.28967944727375183       0.42444669100415250       0.39508327600484838       0.43488393044149132       0.27167773854528471       0.32234487940273043       0.39344423273374712     
  0.22214761101507025       0.32908775897053522       0.67328974557055243       0.30087923105716025       0.63269613291373505       0.95642202557741529       0.51078519939378264       0.70488064018343499       0.68615016404748297       0.66460904117122810     
  0.32296877497287524       0.39496395233424242       0.34886703036172717       0.38244075724602028       0.34872207818619722       0.42316905001532978       0.34553728916375276       0.35154286225015202       0.41663816696034900       0.40446225453258650     
  0.23509388634451209       0.34582888211445112       0.68872923213714332       0.31277854510271752       0.64651516711755086       0.95923099407928014       0.51888772333997801       0.71785198475852974       0.70021809884942587       0.68076186824708806     
  0.33712969730873360       0.34679633828037448       0.30989546813227237       0.28145911575503663       0.48107576571641048       0.33674451024627294       0.38361773166809726       0.41369042214876750       0.38817314187247254       0.37126926790448217     
  0.24874620244209802       0.36523374136421621       0.70339095481970759       0.32550915757902060       0.65952662546591112       0.96189790417424093       0.52671923408696986       0.73094464067710663       0.71577039234515416       0.69813464329543851     
  0.33753205424853017       0.40096793768455780       0.36877079856639461       0.44514310554070496       0.36782433145308663       0.31523898807146827       0.40879970814757988       0.34789141890434344       0.33681031365929687       0.33331765732127944     
  0.26303909839062151       0.38613191871424030       0.71792040577163951       0.33847316114079234       0.67332923549836987       0.96432434600678030       0.53535647726429225       0.74456109316662999       0.73100164207540552       0.71481727530349648     
  0.37021544068555745       0.40334539002696068       0.30466725210237894       0.38322196248299023       0.50327412277261174       0.38449071165120946       0.38166238202670361       0.39144943951931549       0.32911924379080554       0.37390417682557742     
  0.27856976746629969       0.40848158408153551       0.73276730173029780       0.35258459136179482       0.68720178212683636       0.96640277735949820       0.54466206423651897       0.75803334059172156       0.74755132858883211       0.73118180086646900     
  0.36426759654570068       0.34596861131491979       0.42842778104783918       0.33481273871074080       0.46636606529762320       0.31330134547542460       0.40409943939345194       0.34153419475026159       0.37209970379651525       0.43024019347933601     
  0.29568313940652258       0.43280952798270228       0.74794098790724373       0.36704291164254677       0.70077509111394265       0.96859940824393098       0.55432924485021884       0.77278147017906906       0.76546625044460725       0.74787415076688146     
  0.31173213536889310       0.36923890162241224       0.40790641545856754       0.31977391214825213       0.44313433190981311       0.46208173236444905       0.34456686019325472       0.42933970262249821       0.36549257679484271       0.36912257950527039     
  0.31453379175094648       0.45923353407476875       0.76332079365057115       0.38260521193866109       0.71454071964024246       0.97063930387899433       0.56479136499969707       0.78748530800683847       0.78191109341110465       0.76278671193441083     
  0.35203706963606074       0.35532243677161512       0.34449829005765203       0.34519696376928288       0.37541819382406444       0.32978966933702419       0.37347174171271214       0.34499380587551109       0.51752885112996727       0.38452302384318082     
  0.33393158408761536       0.48635375113119028       0.77923545367836766       0.39804964086774791       0.72815509459339833       0.97253809686025516       0.57522112020285232       0.80268784685752870       0.79753939205688451       0.77879248300989756     
  0.32229772610239416       0.42759651882258637       0.38033233319261789       0.39963138674247650       0.35291438297082062       0.36131316372682964       0.38057960439887517       0.40208449874728713       0.34670853778937299       0.41707607998618651     
  0.35575117508972665       0.51198730165734541       0.79456696485559608       0.41275536139669400       0.74210642245416314       0.97437809891448679       0.58619804324863112       0.81786178534384779       0.81135679976014974       0.79342687006864299     
  0.35925638138222971       0.32196874120015351       0.44457987514016634       0.37463288518941851       0.39457424385246892       0.30862351665975823       0.45709812888984658       0.31652618187711429       0.31383697730847149       0.37091906871633584     
  0.37858034785538741       0.53943764423681850       0.80933420733223549       0.42908266010538665       0.75566208139341740       0.97627211758886812       0.59711601870444786       0.83261796846411085       0.82535174950068269       0.80920443602826986     
  0.32849825225766632       0.37423380829158703       0.39080880564634762       0.32542734914084159       0.38926560848418201       0.37458921919073890       0.40235432861722747       0.36780261901220018       0.35432724745864308       0.37746765927668863     
  0.40440678028963123       0.56799002768011342       0.82403916846051306       0.44721689677460347       0.76854189709287279       0.97814742488232187       0.60988402872327718       0.84740353548497882       0.84079811944992411       0.82433442646897803     
  0.35915321411673340       0.36665768750122923       0.31687099944909802       0.37161047409261944       0.35027768767291551       0.39560971532075312       0.44446128094276838       0.36937947332008952       0.28646395222006588       0.36165916325029407     
  0.43039654074371475       0.59802730675262195       0.83853211560324248       0.46543453686928138       0.78184895987688952       0.98002137175099768       0.62277041689315982       0.86221419349682049       0.85732189601194919       0.83909546522190392     
  0.33711141632477709       0.42826642201867005       0.32283953378409880       0.33207354545257306       0.36450136908061692       0.43032331385145639       0.41163191448797343       0.41492768945045910       0.32503168872824928       0.35031681234896828     
  0.45835857541543790       0.62686099849114962       0.85382921463422756       0.48478163380968420       0.79590503684370340       0.98196675881104656       0.63602582240372729       0.87651967905923422       0.87230253698811488       0.85402410802178219     
  0.32827078756541245       0.33347151049270185       0.42842082771196843       0.28045209527040332       0.37769255372741656       0.49774427932479148       0.38174274021645843       0.38083381509312747       0.30900390501646091       0.38724149958334131     
  0.49214059210425037       0.66266194203422990       0.86859752274118740       0.50731894866020777       0.81165432399765314       0.98383643810512478       0.65000064637419153       0.88977996442392193       0.88691819020500406       0.87018585530014714     
  0.37060616066498164       0.35789174537114832       0.43157877305752185       0.31912369471464108       0.44797477860780399       0.42895484143217050       0.40469056198758702       0.31212218556013299       0.35804850700566299       0.38452541932568712     
  0.53073262040268931       0.69695137734145274       0.88536699433785415       0.53101023879297582       0.82903672717907018       0.98562286590410308       0.66355139114126538       0.90200757031389867       0.90282684330082774       0.88799364392949987     
  0.38217815864997445       0.39332159011566542       0.40902889471724030       0.35169536293717929       0.38756612781781918       0.51566051363503818       0.39388249147420556       0.35048804093923230       0.36798693178566394       0.39510166434696187     
  0.57128805652580150       0.73441717296837350       0.90072408637122658       0.55983481393548362       0.84868861840235144       0.98717230264854616       0.67731856686311354       0.91440147185413767       0.91830791126607492       0.90536622235704700     
  0.33489623269328095       0.37953584007018676       0.39755076960188690       0.35874718694227903       0.38974691210802537       0.38431183839464972       0.36153947064572367       0.39472719481635049       0.38147925797754267       0.41798993843179916     
  0.61484436550702659       0.77530290082727205       0.91818507489296564       0.59228885727815916       0.86978989612226942       0.98867497770593982       0.69464916337527849       0.92808961276054380       0.93327536828714663       0.92252187241768779     
  0.33939686592927454       0.43510779537688332       0.53118217913678900       0.31383313587506340       0.35599298726067091       0.44382494239266035       0.36523196288858323       0.36008026444706537       0.42684382176498847       0.43689502388822238     
  0.66543430040328055       0.81642626447597955       0.93484470240300266       0.62666305854387760       0.88963684743471116       0.99017457326531189       0.70935076057912139       0.94349787320588929       0.94923627987707904       0.93891060627443279     
  0.40330527703469043       0.42113077914704955       0.39685848923884354       0.41118172836317129       0.36885149390864636       0.50986753678954744       0.34504044207136669       0.44978075652561805       0.38637369304666130       0.33198147050194909     
  0.72486363916915941       0.86099557814382166       0.95016654154837021       0.66356580396362586       0.91315233021750086       0.99190149588399312       0.73611015390527335       0.95888914339605957       0.96364641938650031       0.95326985812594112     
  0.36212138353590745       0.34065547332794349       0.41153142838351930       0.32669792228580063       0.34402571815608146       0.40524363205646141       0.49951885135818952       0.39070587894658471       0.33638118820736651       0.36219894535433456     
  0.79314163336438848       0.90255794275845769       0.96676003901203833       0.71515318652020265       0.93854833604429322       0.99386368238668887       0.76861412472593582       0.97340571292664901       0.97791657977869328       0.96818821417579970     
  0.43503420715724644       0.44050796631264794       0.39131622090797613       0.39112473582076523       0.39397610081400897       0.47842303343378911       0.32965205230605937       0.36537633943445585       0.39565053773287817       0.35925720256141158     
  0.88235014975740178       0.95277613773159386       0.98331573378690562       0.81498329145528914       0.96897446456265246       0.99680111118710357       0.84695550580682732       0.98685531659431369       0.98903989800083925       0.98464573048752857     
  0.40307700716326794       0.51926599918914451       0.38403202628654248       0.46535032390110886       0.38436369670938775       0.75423033464401512       0.48430789995911511       0.41012542435022897       0.33394940449036664       0.48213785919325314     
   1.0000000000000000        1.0000000000000000        1.0000000000000000        1.0000000000000000        1.0000000000000000        1.0000000000000000        1.0000000000000000        1.0000000000000000        1.0000000000000000        1.0000000000000000     
  0.35876815055425137       0.34295782762240540       0.39416167086728798       0.38347141997366835       0.39951048792766619       0.39658190633886986       0.30592138338253061       0.32794037437053092       0.47375694978422106       0.34414936711595739     
  -23.794240740292587       -10.562609415535684       -8.5468460706778266       -13.745853865298352       -10.956964049650107        0.0000000000000000       -11.590290538170528       -10.980319768553144       -8.9294449031189238       -6.4065922056888800     
  -10.869702095326828       -8.5353993015092993       -11.457335101736527       -9.5028260200060206       -15.235960458660106       -1.7596719387048185       -10.315897866776449       -9.6209185508975210       -8.6717854988161704       -8.8359690526456074     
  -7.8371660017087299       -8.2592581192144294       -10.840000910214501       -11.578051010150229       -10.229227941323927       -5.4234126772944453       -11.965729608074396       -9.9222453353443747       -10.597207036442795       -11.235025823565493     
  -3.0201105711821659       -14.282351613408581       -10.909936000053175       -9.1272118532208566       -8.0643826288380751       -2.3331974416784727       -10.288877035289659       -11.003608306128973       -13.466728713234989       -12.134385070975750     
  -2.4494883619411505       -12.049451421537256       -10.115381480400909       -6.2749262051427817       -8.6824453116360409       -5.0106033619456909       -8.6218527239139764       -8.6641016803064801       -11.462769948468313       -12.590061377285041     
  0.46465780844118681       -11.166284762910863       -11.920025748197617       -11.269480375078789       -8.5163527976235986       -8.6057102267093306       -8.6622385576209240       -10.304579339464800       -11.126807174572928       -9.2213089764100928     
  0.97307879067674441       -11.364991497998394       -9.5243146845142856       -22.400799381052519       -14.735033543624828       -9.9308777978638840       -11.979921365005058       -9.8676764759774365       -10.865289543766124       -11.048322934954420     
   20.379886529673868       -11.164741005604599       -8.9042010573634247       -22.637318841225607       -11.346511889267992       -12.942066931212485       -6.7913351164372227       -12.694295823103138       -8.0771961989877656       -9.4344917585180603     
   1.6451628588820244E-006
           1           1           1           1           1           1           1           1           1           1
   1.9658557890285303E-006   9.6428132478159567E-007  -5.8056103315512186E-009  -11.946057226312439        4.4551919564757118E-008   1.5815636898668711E-010
   3.1321671572943652E-008   2.1478831270357755E-008   3.9728260255270917E-009  0.24251032582339230        3.9703254642629666E-009   1.3125280844674809E-011
   9.6662034059411036E-003  -9.7946792609515771     
