   0.0000000000000000        0.0000000000000000        0.0000000000000000        0.0000000000000000        0.0000000000000000        0.0000000000000000        0.0000000000000000        0.0000000000000000        0.0000000000000000        0.0000000000000000     
   2.8602141939049624E-002   2.1121205043153719E-003   3.5070234325581588E-002   1.4496933254190322E-002   1.6864122443976858E-002  0.30369479455476256        7.7979185887918911E-002   7.6973557707739254E-002   1.5376838304841219E-002   1.3357003962907191E-002
  0.60034788841209896        3.3030542295298932       0.53770055340516176       0.55654776844748965       0.71136179597629323       0.79649939737882391       0.42378997690476111       0.48378177179761395       0.97076506429298270        1.4565806087980115     
   5.4454860282437657E-002   4.0877114695551629E-003   6.7809539471589936E-002   2.8952878400838749E-002   3.4153470676140489E-002  0.43316230421397456       0.12889449689398649       0.14315378831161921        3.1431649278173414E-002   2.6987104844712721E-002
  0.76534807100119895        1.7011996178107966       0.70780716322452131       0.43262167544691504       0.63306692343886717        1.4469124505888045       0.60784611811660327       0.72540092926324795        1.0802690715074514       0.85259209203957576     
   7.5220114975153782E-002   5.9929602676197990E-003   9.3416289483330389E-002   4.4518399196372280E-002   5.0089593493766862E-002  0.48448920125692768       0.15227686829426043       0.18049062144371625        4.7834229620596858E-002   4.0359011289047501E-002
  0.55917317718012449        1.1471776908136562       0.62682218096378006       0.66032626648658965       0.54819092059373054       0.82620215399161478       0.56332893850975330       0.60221909687833819       0.73323641394390049       0.59063386391175365     
   9.5387836140900947E-002   7.8373981022109296E-003  0.11739499390950947        5.9998405274697818E-002   6.5764522413061854E-002  0.51894716162935850       0.17099997270052308       0.21238073925788437        6.4153823337657290E-002   5.3982317394121973E-002
  0.70055332610961130        1.1989914422190009       0.67399460247802778       0.48169973447563863       0.59243124328831553       0.72124049449293925       0.62171817983614397       0.66587573677584788       0.91317852489039364       0.57999349479718865     
  0.11288080347004109        9.6330366433016561E-003  0.13702144409545641        7.5980227954323742E-002   8.2940106452020851E-002  0.55100504303305931       0.18584819880290390       0.23308449384215535        8.0492542644711063E-002   6.8944565169584374E-002
  0.78056084489771349       0.77018705815398292       0.63553601983156760       0.59104265706427828       0.56708491092667934       0.76373702674919741       0.46225678074323523       0.56539368599451523       0.93937135607658218       0.69487448630247528     
  0.13140135093071906        1.1562527404230510E-002  0.15627760030524634        9.2165785046548460E-002  0.10049166265862691       0.57529149725362649       0.19777070602380509       0.25212320755749018        9.7421277397192571E-002   8.4057656812273021E-002
  0.56463540765447251       0.78432771633843124       0.57113130934702816       0.46832847006781281       0.73033923691664526       0.70834725238004836       0.54760200572480178       0.62553079641756848       0.83171290610195825       0.57882760009788259     
  0.14725546347512911        1.3516311686899622E-002  0.17372666834990483       0.10739901500083690       0.11721616828786860       0.59884023078805215       0.20815778945334176       0.26642215941110053       0.11490783398336410        9.9212133424072577E-002
  0.62040019559856796       0.66782495415575638       0.54760341790203004       0.52836681165438326       0.66163239052609191       0.56660416894451027       0.44946790463709163       0.58734425155054637       0.93746142392522547       0.67492987375816971     
  0.16328582979895032        1.5781335467150073E-002  0.19128377685805498       0.12349139758012907       0.13423499520267165       0.62008983815665675       0.21965808551514837       0.28078984525590117       0.13213377586871372       0.11491528971954337     
  0.62087770367368522       0.72281224356198137       0.49123365874017916       0.68314127754993481       0.66246365301724086       0.80163940998687744       0.55880400958239052       0.68675716666147579       0.62022475964104207       0.55824228033929202     
  0.17804470730201405        1.8212735975878459E-002  0.20898641102122903       0.14035695547222099       0.14994485344174746       0.64022506110950528       0.23062331754044257       0.29286546313357220       0.14866328696825065       0.12951671118380931     
  0.47686730568570190       0.69767625109496512       0.64999123565058381       0.64110317336797362       0.62249615083823373       0.53600739753442161       0.61126889711752086       0.66861692153821772       0.62184292309631151       0.52104936204966390     
  0.19208783049525585        2.0632446079261034E-002  0.22549525730790476       0.15756130185469747       0.16540672964215375       0.65893024719002435       0.24311380928218335       0.30436330452770860       0.16714877444858500       0.14445928791375104     
  0.58978736928871256       0.55167018988340677       0.64559011926565324       0.61375988207377596       0.51191951093886190       0.61792140404337514       0.54121381928833501       0.59193286809806134       0.76255199642488125       0.55833071959863623     
  0.20497168982226424        2.3010823696247532E-002  0.24136363264707802       0.17637343585732523       0.17965467220696812       0.67557608980859518       0.25496226572594832       0.31553885144218119       0.18632835314477955       0.16111915424529891     
  0.53703863518875095       0.58043680425052091       0.53410217863396869       0.66235634549696543       0.63022169767389158       0.62135589531995650       0.52257821887498679       0.69571561949629757       0.65498171041516384       0.55591389281767589     
  0.21768414183845478        2.5456995975444784E-002  0.25733800528993250       0.19440053398597332       0.19312787530930803       0.69069011126589763       0.26626744912915284       0.32675229600819661       0.20388004273555366       0.17796784802797747     
  0.51723940801304802       0.53518753447424450       0.76041048282177670       0.88056660461178893       0.57329409295071587       0.60320707511475413       0.65540003586525319       0.74230783811266610       0.60431449130948700       0.59107393457867996     
  0.23025265998542652        2.8210258070385543E-002  0.27348101630253574       0.21056387907304214       0.20680625005139158       0.70626694177171379       0.27747740868917742       0.33815557993150402       0.22008257107851262       0.19511768175730831     
  0.52488398551174331       0.53928498244819834       0.74030695464419960       0.62570868364111065       0.47551674546505485       0.73541875455029881       0.66684641875714323       0.54994531139826142       0.69880613190848706       0.50402908155345416     
  0.24572939328100021        3.0961809570104193E-002  0.28801052128985483       0.22668875997653859       0.22082661061425035       0.72175296354427132       0.28803742297072421       0.34995835060650388       0.23697896130150881       0.21147411167263425     
  0.61248951821369924       0.60465974977898995       0.58627483705496941       0.53844346623072381       0.52658985482557108       0.49634361862797743       0.59836254099221142       0.64644439848220592       0.66653002806684991       0.51476298038933788     
  0.26502624575823419        3.4229461862889804E-002  0.30127411824977141       0.24135423099370681       0.23566435591416091       0.73547981538579599       0.29833319851835122       0.36112241828272296       0.25497070817072726       0.22763247982470378     
  0.60416443150712285       0.51914587119828870       0.48295088783301693       0.64698115531021860       0.55690191170236736       0.57030587699229507       0.58424525541136840       0.66983683574087449       0.60557553208828652       0.54133343333352746     
  0.28261038821292811        3.7518302982880336E-002  0.31493625982253615       0.25621010290172164       0.25058311059444566       0.74864184319471327       0.30763161063942701       0.37148659263151762       0.27314105670566829       0.24332284085558917     
  0.54708216027261858       0.54429991606431072       0.56092704841533114       0.60921688643551519       0.52382176845819861       0.62341959708669248       0.51571945582211820       0.52875985746175336       0.79535828366922523       0.67794998031215425     
  0.29696346054469386        4.1005919678411863E-002  0.32894154078459370       0.26979323178348730       0.26610719941760563       0.75976258039657585       0.31679475179936301       0.38155183526404124       0.29117495624688983       0.25995748260867996     
  0.53621067474382633       0.48712432677060802       0.49253455434262328       0.51897184675932040       0.63315149790221548       0.54519501940241277       0.46188002550019674       0.64863415179677852       0.58010178409963431       0.59534699363405685     
  0.31196917687742720        4.4507126835322840E-002  0.34303770926366195       0.28271739438935589       0.28233815916200744       0.77097289324663520       0.32553691270041563       0.39115531245108626       0.30846810318247520       0.27656752853594224     
  0.48091407182125928       0.58254221761325375       0.56843092199491685       0.57695499937813799       0.66242654865033967       0.63078460181572105       0.70825386640983190       0.51484597765816364       0.59963063160595376       0.58449763637644891     
  0.32697232838975027        4.8358676404536845E-002  0.35731432412057984       0.29463498849350112       0.29934847265765441       0.78021390468101659       0.33463448397436990       0.40112634204807868       0.32489484428790899       0.29124830785774464     
  0.55645532369500661       0.51617161637078179       0.53888852806418941       0.47811506066610571       0.59999671078090211       0.55177684405958538       0.53550860128274158       0.49404831329032234       0.56800525089516085       0.59814661465574248     
  0.34280162483976950        5.2273023508670496E-002  0.37118037186160735       0.30843232400836029       0.31704366428585429       0.78953012815223422       0.34349274221886816       0.41154509202944550       0.34147289547496240       0.30695785121194458     
  0.60470267434872316       0.51402197923201898       0.60669147981714078       0.59261072842285756       0.77052064488003102       0.46174149548076288       0.57715596262348356       0.52508755023953657       0.59638688060433909       0.56219601299981181     
  0.35944418533384048        5.6008933130154342E-002  0.38466083242720656       0.32160848397100450       0.33444035970924257       0.79899652678026267       0.35229313709364635       0.42244489035432448       0.35821873117599967       0.32178853139232688     
  0.69970792727767317       0.48187427928261395       0.53965823384391132       0.66216074466171526       0.55653215588076532       0.55053958296964345       0.58923051286750006       0.53068345784118476       0.56947927999143544       0.66266905030358381     
  0.37617491972144190        5.9585201742839773E-002  0.39874334780128790       0.33514331616635562       0.35264287047938569       0.80824624497785269       0.36055942252767614       0.43382765170708754       0.37518725372206863       0.33714915720715838     
  0.60540111280430675       0.47659221184107126       0.57773714513059304       0.59090504070306582       0.59125074753506335       0.46461507111465955       0.61420725062611115       0.57312570599533186       0.52322076885002977       0.55379825515972447     
  0.39378325028941424        6.4123161368673340E-002  0.41330001386581655       0.34951761056541059       0.36816796974442279       0.81620289851290539       0.36858802975137783       0.44538199446155141       0.39300604336701112       0.35397947373777161     
  0.73058333301340828       0.59681105960998748       0.54267557209267359       0.54979796715596085       0.55927068945079994       0.45693974352673988       0.55535957617468001       0.49864462716664015       0.47038830129337228       0.63788197605396024     
  0.41072373338649532        6.9289306905720341E-002  0.42794085790091779       0.36536288009789725       0.38230233634971317       0.82398913598509160       0.37728362178118341       0.45770483938728823       0.41117200693876277       0.37065764195837719     
  0.58632875048401045       0.56290410048970074       0.62148358622764222       0.68221352778123812       0.55686518639135152       0.50008337027764349       0.61058287431654712       0.67217196475807783       0.50100253017216601       0.59431589113392480     
  0.42689959348946055        7.4587158455556371E-002  0.44250174959612448       0.38232994109678853       0.39765794338386656       0.83159720230371892       0.38640070809614274       0.46992392394296872       0.42834803205517036       0.38746717484123261     
  0.61956321886017196       0.48057752531416104       0.66681990798396140       0.61545083559075997       0.60678898673091530       0.48390502227953458       0.55483211589093928       0.52255801926272716       0.61634031975119374       0.50468718523275635     
  0.44385964239289133        8.0000891389437126E-002  0.45718228174855746       0.39778009741323994       0.41326831024095123       0.83945106922708601       0.39581434903741697       0.48122441200642563       0.44612191303572701       0.40401992485708849     
  0.57223969873645197       0.47776409915671847       0.52313660170562160       0.56699199269130462       0.68285472375616518       0.48153312089901623       0.64374365383436127       0.55046222043729054       0.52124437804254109       0.62539502438111338     
  0.46130281661853434        8.5696717640780698E-002  0.47176713452983465       0.41181797342750676       0.42896900144853978       0.84697690101301815       0.40558253845094677       0.49251742018187361       0.46341762276951093       0.42026526408257026     
  0.80973912733491415       0.44807297105436433       0.54053493703211308       0.58674031072876254       0.59649729705411159       0.46020724285363046       0.57174124373697166       0.49129981903210945       0.56667407575580520       0.53312909863845381     
  0.47900947093595742        9.1826360013952710E-002  0.48456818563111981       0.42600539933704273       0.44520885024771195       0.85413664656972355       0.41545057037170136       0.50182135708184006       0.48055665969360795       0.43595765018861055     
  0.69478588906034733       0.51177539004367156       0.60508848459308073       0.50079822592274892       0.53256162137011254       0.49046180461000710       0.83475244647676849       0.51959865805332472       0.54016438730781624       0.50537346590977161     
  0.49623874002733948        9.8036887227800268E-002  0.49685071501614309       0.44043329787768259       0.46106352531753214       0.86068237952458504       0.42528655971094936       0.51113294036263335       0.49653318663751878       0.45083541648392694     
  0.78320425401829497       0.49886949465754066       0.56289417893215909       0.58398343990270629       0.68129798505325712       0.44699012517894332       0.58575816692752491       0.65550973172618721       0.56105940350618677       0.51699326252226130     
  0.51328836744324080       0.10445985982463013       0.50986658891300907       0.45425343805262502       0.47712075600231663       0.86724812395461592       0.43475733798845373       0.52067345330532255       0.51246955105676906       0.46558047553339516     
  0.61623499697482886       0.51562565022237816       0.56779351783713217       0.61674929564885517       0.56853647446927380       0.53098665348457164       0.64332116792567229       0.49993948532361404       0.50566291633494975       0.50664676900878081     
  0.53017979916370672       0.11134476991663071       0.52415114160603538       0.46755370053518436       0.49086770776647143       0.87367934266183667       0.44392058189945921       0.53096750952950866       0.52740709536903907       0.47955423217321447     
  0.50017286717226772       0.42962216179517193       0.62925609603338695       0.51781910726583880       0.56977357238268844       0.65212861035195713       0.87253245664608325       0.55092483189154584       0.59222602273963665       0.57415262929815558     
  0.54640765568554761       0.11904415921133060       0.53898172872910555       0.48119835211280687       0.50423408454029750       0.88011267733100684       0.45326533938693825       0.54136880681147315       0.54177337533651437       0.49276200747625026     
  0.54695722480221387       0.54147055817715961       0.50274139130570028       0.54198113217177435       0.61296074792369692       0.47213016292964599       0.74319116492670434       0.57043911342634779       0.51479291465256272       0.51271091151198767     
  0.56299394004088787       0.12678718664354935       0.55326039272200578       0.49487504758360318       0.51784732606726991       0.88620208691785318       0.46245223890701120       0.55425183982613835       0.55523324216130165       0.50353059799162092     
  0.53445600874301946       0.48924332187797931       0.60410076903151766       0.70311664404873209       0.51457856003640678       0.51245986305050428       0.55675938920792511       0.67957212448815907       0.52603988308545080       0.48729053571362368     
  0.57985472739046340       0.13477731804571089       0.56720175324060085       0.50879527217044107       0.53154663172486250       0.89213941835942756       0.47195276814513787       0.56766284238365894       0.56838124671142898       0.51582893769324056     
  0.63180824728228846       0.42786467962538383       0.54077839443043552       0.51443503241528687       0.60754624470410978       0.47858778537074270       0.57415915318198518       0.50021222207500660       0.51787111991971280       0.61900586315136641     
  0.59707506191056603       0.14292818031460727       0.58058848361468396       0.52316031562909293       0.54555352227675913       0.89710179853068706       0.48217596977128974       0.58045473289944483       0.58158752741766506       0.52920054459419563     
  0.65898490187277081       0.53570534439246598       0.74180656464345907       0.59973484279308631       0.56550533004275161       0.46857132874468793       0.55610333766724518       0.56501481058785108       0.47548732319273013       0.50599448830980898     
  0.61533125638868458       0.15160850558930938       0.59447810418618408       0.53789142185737426       0.55937576844150982       0.90217273351892158       0.49231549456732515       0.59287290819053906       0.59496250191859612       0.54384932117290796     
  0.74104171304227584       0.48600272554215085       0.68366754781936157       0.55924633650054567       0.44618531886451124       0.44167974088359802       0.62962912554152395       0.51140753283781815       0.52915410367434634       0.50799791262577831     
  0.63240873357084371       0.16049109283194418       0.60883005623719766       0.55341178639095934       0.57339434312630622       0.90722477015741410       0.50208007620375039       0.60519913777780621       0.60878196926014860       0.55896940580661125     
  0.72431081955138898       0.45017314005211301       0.66523491782362665       0.56587325956613954       0.66924466039225528       0.43572981057886440       0.70284837567281555       0.70494136786139594       0.43636293593447395       0.48837894029743084     
  0.64867315085016464       0.16986077908198433       0.62353929363419724       0.56889336873555385       0.58729426576322330       0.91234952918634382       0.51183765572015150       0.61761108780292850       0.62293021002195137       0.57481331068964236     
  0.65986674517691124       0.44532474724029547       0.69113318423872927       0.56003717900360439       0.48680684933473056       0.55034555684610198       0.65224476342698068       0.43805100363725591       0.48680684933473056       0.57272250025370430     
  0.66385606845946310       0.17973292832259274       0.63870564051393242       0.58369243307362195       0.60214369781630339       0.91745286458140629       0.52155269389337133       0.63113173468817574       0.63719949129442022       0.59126194045808556     
  0.55982941477923942       0.46154700581682440       0.58062981926836577       0.55822692318691769       0.70716116718610267       0.43380595652988030       0.55032702591058236       0.58075096946073279       0.50052561194691458       0.63200416161903705     
  0.67875372280862967       0.19017048153679347       0.65327372402482742       0.59920190220210590       0.61724556930721708       0.92251013677997662       0.53130051456002225       0.64451014226356163       0.65116789317813595       0.60873864566638336     
  0.55303749309034012       0.49738370229246415       0.54975401824154368       0.55600707276471895       0.68113199238570366       0.56678257466186699       0.56074797948526722       0.54399555612707062       0.48422380530180120       0.63852159839554845     
  0.69450702267807851       0.20115583023039899       0.66730457414699207       0.61602739071996027       0.63327866178817804       0.92711171497800970       0.54160790238554990       0.65869793289093781       0.66550275363753797       0.62652262794449243     
  0.56399895566171587       0.49030458676567862       0.66330679729840136       0.67288379848450930       0.48637299440012327       0.57131300761160464       0.70139989767829436       0.52683500839236386       0.66582061906791445       0.63828184645192487     
  0.71012603945778729       0.21315851402019428       0.68146755318084040       0.63353490943999824       0.64903401686505502       0.93170988479145844       0.55196594507332242       0.67196414736414245       0.67992282709872620       0.64309746567785220     
  0.52515628149610882       0.52231113177962918       0.48565394640517728       0.70219724660796667       0.61541601936286239       0.50216276339326360       0.51761896731032309       0.60362092996258621       0.44275135413282490       0.60719122365852674     
  0.72565330775217729       0.22594681552603466       0.69674312941238115       0.65230492651411154       0.66412767381010085       0.93623043067506817       0.56225670093238023       0.68501120231631984       0.69496082594266440       0.65907146106796055     
  0.64151508581373251       0.55561783348903293       0.62040750273775258       0.69019411336873215       0.55655615879376663       0.51352154507666203       0.61960120973175903       0.54629244481487094       0.57418876903713245       0.50746719506125126     
  0.74153912370434416       0.23917248155565279       0.71293610269660446       0.67040434836813900       0.68002436418666590       0.94068123110392787       0.57211534656695451       0.69763348017943683       0.71036947789784421       0.67497602430663572     
  0.57851118855255745       0.50601714106662021       0.66884284845148900       0.63607134607197302       0.59892387309947981       0.53796319799386561       0.57856607724551101       0.54790309049940933       0.53335559966204182       0.50523907160823556     
  0.75715483268287587       0.25294414612641997       0.72924367055395700       0.68720657722142009       0.69692285692593803       0.94491138254459894       0.58182124329087337       0.71155925769998585       0.72601344437533177       0.69060972889106431     
  0.77531439365385668       0.50101363020608325       0.64817706889374760       0.57600016495940864       0.61080048428059919       0.59062223466999086       0.68488773569348427       0.51513931384981970       0.57600324103458689       0.61879004651467362     
  0.77237112807151531       0.26730019092557350       0.74544353522362250       0.70355661834805827       0.71405486798805673       0.94906360527683220       0.59142246844423341       0.72573819074207291       0.74141396870794984       0.70780849935207846     
  0.55678413886860090       0.50985304505910989       0.51645861922522274       0.67255041395919135       0.60969834177958138       0.46523957356359380       0.53387484145758268       0.67692321952199574       0.51481892832105003       0.59962975869819313     
  0.78806504801277444       0.28409200940810098       0.76089979254245010       0.71830665268095406       0.73135674941097617       0.95309933588118878       0.60263735153155962       0.74202711694818735       0.75657324838247197       0.72357245403334780     
  0.55824427586173098       0.58563917342635452       0.58591038506399429       0.49214990236555572       0.63317845629996405       0.46843527548091296       0.60751401368467461       0.53770801532507251       0.46187737504546061       0.61603989312797558     
  0.80392894478441601       0.30181489261979383       0.77590548265248338       0.73370138774117477       0.74877768943793954       0.95708746915967768       0.61339656198863302       0.75878656301964720       0.77189635671285650       0.73919179788699652     
  0.52695153534349981       0.44707360068547536       0.58545970713224238       0.49668567820204917       0.56546431553254828       0.57499517898973651       0.59078227090266944       0.61209474362668714       0.52259581638219266       0.62321900393948593     
  0.81834678302320640       0.31989139508616155       0.78846575155083387       0.75054549249271230       0.76607680854364768       0.96099887084043067       0.62555503959533876       0.77606056386003397       0.78703870301907064       0.75508971313362760     
  0.47857854442695363       0.54301973376601176       0.49611611439220893       0.64899494010644443       0.53220665765719455       0.54092150542386952       0.63255711342379428       0.52417400029413719       0.48848015053192517       0.54034810822055457     
  0.83214044843080570       0.33915945161230987       0.80183645864198549       0.76747812207083799       0.78311203596913981       0.96471490961709738       0.63787503645660892       0.79309408286659389       0.80179242446001908       0.77144651538311948     
  0.48908211377290478       0.44852407704938219       0.43173068424505001       0.55696801722142497       0.57956402475977986       0.66565914863962250       0.60214244357881253       0.69353671447532717       0.58451422670938535       0.51657796885322671     
  0.84548981176516547       0.36266240889995477       0.81426307329113945       0.78490401944078292       0.79947533919222513       0.96847905514329058       0.65010450212930415       0.80870345978843039       0.81662991100308424       0.78883491734029454     
  0.48887480743813172       0.67363339179221116       0.57141516986716689       0.64757213085960563       0.54118913220948994       0.55241003218500673       0.56400225958204742       0.55499921869499813       0.58571976940192894       0.49556798586883671     
  0.85891937272545460       0.38786200595417136       0.82687488488474581       0.80222766378260546       0.81540029049876794       0.97180229514576466       0.66254441059005864       0.82420465793880116       0.83153477349644578       0.80622115292196583     
  0.46847431922061039       0.53859804547329793       0.52157219971555924       0.66954006056926663       0.61842904933673704       0.54553101079899380       0.70075961474626658       0.48150465065373699       0.48130901379101676       0.56384668567020957     
  0.87263341385661619       0.41529488578968105       0.83908417729731977       0.82049621025351560       0.83166523582463880       0.97513547993942473       0.67549585181130944       0.84167095936029401       0.84646830527037997       0.82288284711502702     
  0.51381142421233217       0.55346997779856000       0.54183921404093172       0.59976998092835765       0.76356588090352817       0.61251426539901976       0.63950862911797302       0.72007423646604285       0.53976542774828262       0.48769352032408386     
  0.88598871615952690       0.44703729931763531       0.85127426146582041       0.83855633046716394       0.84859269787408342       0.97740143582762229       0.68876704520180432       0.85785435310924396       0.86194486267225534       0.83960096236423654     
  0.68940667952905044       0.61124289797380460       0.52331009602090217       0.63092373574379212       0.59357284317479508       0.54286988150653859       0.56500138161486746       0.55632560571993228       0.55043706845895546       0.63325393181005030     
  0.89878658075533224       0.48025384665725224       0.86397907260906504       0.85614908960001990       0.86517275444812525       0.97970130638842590       0.70258799690145846       0.87296308605015993       0.87823621847688582       0.85528986601217627     
  0.55454982971874667       0.57199223152894496       0.55801335366802207       0.61943785646917449       0.64673438768398051       0.53579373720711831       0.63214925656640064       0.66849565413730694       0.78500573109369032       0.60066916241045443     
  0.91154959831607518       0.51744909676857542       0.87736585547946799       0.87382414318145107       0.88105608211607922       0.98202750248179771       0.71695701104839771       0.88798791413188272       0.89446806010219360       0.87129197269282477     
  0.54069518635500013       0.56150662503477922       0.49458280180742814       0.54519193558417345       0.71421643899664999       0.55200293885841178       0.53083433050334472       0.51998395114009388       0.54926010333436315       0.48774469816916544     
  0.92545434825091177       0.55686857138249790       0.89218765197983829       0.88964435437286327       0.89673663121214553       0.98424894090895843       0.73228391464927800       0.90295677437716726       0.90847996884179349       0.88741311502970455     
  0.61173544809915015       0.57661320572340657       0.74687145178977421       0.67135098264584681       0.57912570692443488       0.69457377142996890       0.58230474866435034       0.58446514052032184       0.47558736998931045       0.53688078449968024     
  0.93911387767594390       0.60386151826696854       0.90732564303488217       0.90557512861917111       0.91199930278774488       0.98650876551148248       0.74815184504505527       0.91803187284309928       0.92211095616533745       0.90375614371903290     
  0.50094163408124570       0.59980000715599846       0.64079402140964592       0.52900143593354232       0.58308773301124517       0.60607976822868859       0.67555154613073409       0.83131213621010303       0.47445295043575131       0.63434691508797747     
  0.95097534069923151       0.65251981445399954       0.92317299102469685       0.92207079728387686       0.92716878663151503       0.98873232410749590       0.76478718585858985       0.93138445178788187       0.93491159085744235       0.92107965168029082     
  0.59704848382135567       0.73218950291683449       0.63864379285870021       0.61941150772620457       0.49481487380602457       0.90539232372378786       0.56084112884126847       0.51638450211864251       0.66752276269382393       0.55233664826734097     
  0.96268820598497806       0.71188626345102279       0.93936726186026298       0.93842967313192704       0.94232285388453285       0.99091678279213113       0.78204850765272538       0.94472566618632126       0.94782921884805849       0.93829560936639023     
  0.52643195649415597       0.70721355680073794       0.62339405361262124       0.66474410529207095       0.61098966481603445       0.75536769398058645       0.61008537587961920       0.65981084824307534       0.63685497483002484       0.54510512296124014     
  0.97300730838462979       0.77536816551670373       0.95525306210491034       0.95377504581371542       0.95632362695823858       0.99313669333058141       0.80640664026798448       0.95883155135529430       0.96089676457014406       0.95394149164854691     
  0.48982405309289573       0.60882149678044295       0.79939464925824244       0.55484917168422421       0.52808849902468347       0.78066899483754360       0.58168173708638593       0.81851408627933742       0.49005440948042600       0.58252803249470919     
  0.98316469982917754       0.84636896611795542       0.97016793620611463       0.96919720826549260       0.97008909077143490       0.99545070063822083       0.83746012322346031       0.97281944788486108       0.97404133068066578       0.96935176614862806     
  0.58673351728294565       0.57402385029213487       0.63091093218342642       0.54299346979721574       0.54691782904726183        1.0310218637892663       0.63997905421488344       0.61054216726266730       0.48234976293977683       0.64226169643367226     
  0.99178042120949694       0.92284193825874206       0.98541230803712865       0.98434960249547354       0.98475862660563895       0.99761233492873114       0.90530138134806115       0.98632693457251908       0.98714041343840875       0.98444763122457613     
  0.52844914400667220       0.65917324705588487       0.63016620989001992       0.58956926611271776       0.54669065002135486        1.1627173915156037       0.67840716588860406       0.72729645007165800       0.48849903126077060       0.82733087130438432     
   1.0000000000000000        1.0000000000000000        1.0000000000000000        1.0000000000000000        1.0000000000000000        1.0000000000000000        1.0000000000000000        1.0000000000000000        1.0000000000000000        1.0000000000000000     
  0.89797742385363610        1.2325263131956226       0.67942542291810049       0.73022724236016645       0.59116636269395073       0.99203882041409586       0.39541002993476382       0.91128643750326410        1.0884064864709098        1.5415697144675873     
  -9.4157384959189230       -17.262422202338566       -6.8824645145456556       -9.7712729169707853       -7.1889652352223079       -7.2871632882115867       -8.0954175712278129       -13.251077997683144       -7.3236592356959633       -8.6751770193010103     
  -9.4444206783281519       -9.1230401822161209       -4.8562201405334147       -7.3221658463568042       -7.8277926814259695        0.0000000000000000       -10.740162807539384       -8.1573875427800857       -8.0834657048756053       -10.890288006266632     
  -11.241386508187620       -6.1351135401624379       -7.3729817659493477       -8.5696398783242529       -9.4537961037821816      -0.96150937799540248       -10.733843389101455       -9.1406719557916940       -8.4816769808262436       -8.3360718664974112     
  -11.527076907834601       -5.1865766022849940       -9.0343468958144708       -11.601391938087454       -13.927952751836925       -5.1706368483765246       -7.8264913381723433       -7.0616352011355161       -9.0624825715966590       -9.2179044511233261     
  -5.6328904300241618       -1.9561050640437463       -8.9008864344827181       -10.276452690779930       -9.8053738937627468       -5.6295903121323736       -7.6203639984958613       -7.4848643024506005       -8.6713518323406458       -8.9405825187319046     
  -6.6746295657611245       0.55750264689276885       -9.7867629757274592       -8.0356835911816802       -5.3358431556660859       -5.9889194731447093       -8.1793000526767852       -9.0773362271446967       -11.437778261148710       -7.6650138765691294     
  -8.0703716164476003        3.5323876700166745       -13.140107782743057       -7.0085808392322360       -8.7602916171748806       -10.145881709692564       -9.0393716667033317       -7.4362957393039464       -6.9109818462825858       -8.3921081880461319     
  -8.7861978701301258        12.594339505542383       -10.319555985204204       -7.9244552573483400       -9.1401188543916998       -11.423164848801942       -8.5661710591953106       -10.677683400977923       -8.4260930156359706       -9.0873009384271004     
   6.5483658496530515E-004
           1           1           1           1           1           1           1           1           1           1
   9.4823062245981437E-005   5.0692125313396211E-005  -5.7146663701869566E-007  -9.0447859337962271        3.0338125306141586E-006   1.4921281010717344E-008
   1.8540378943404219E-007   1.2944747620559185E-007   4.7656214186449225E-008   2.6527409058574685E-002   4.7626680557062802E-008   1.5674378245021426E-010
   1.5790467654411122E-002  -9.8126574965813322     
