   0.0000000000000000        0.0000000000000000        0.0000000000000000        0.0000000000000000        0.0000000000000000        0.0000000000000000        0.0000000000000000        0.0000000000000000        0.0000000000000000        0.0000000000000000     
   2.0212955481810659E-002   1.1199456782646288E-002   1.0325991795314925E-002   1.5546925421411617E-002   1.9299670870148219E-002  0.21560634338513973       0.14614688278512694        6.0255625152028827E-002   3.6278395409895033E-002   6.7638191885590329E-003
  0.33800858279473139       0.37182165586282973       0.29337652739170339       0.48705400408483895       0.37717692208834813       0.36352946812826054       0.32694512579177831       0.32456948549137243       0.49777770316919651       0.41761224995980850     
   3.9404538009554922E-002   2.2986814017066023E-002   2.1285900148074587E-002   3.1808435954950059E-002   2.8177665162042773E-002  0.32670155004555573       0.22733387792575999       0.11129505305027473        7.2395828408113094E-002   1.3646554134999453E-002
  0.41652024446364383       0.46460546773404687       0.33496091839478043       0.40099295176476613       0.33786451379217730       0.55811822606873362       0.43164166218300171       0.29521736240764906       0.50208815247931937       0.41579839506703337     
   5.4175978056144367E-002   3.5542324614526388E-002   3.2970545385913090E-002   4.7434409925392128E-002   3.8088732223524477E-002  0.36396040030932325       0.26274095024904881       0.15770913595745015       0.10147510490142787        2.1278343259188100E-002
  0.35711887731730452       0.47180928131204031       0.29931576357399498       0.38411455318042964       0.33572311838662572       0.47407737889423746       0.42178545766126191       0.42870188083714866       0.45085560912516909       0.34661338077246445     
   6.9333683678227689E-002   5.1139758825838467E-002   4.5202695677414723E-002   6.3089144631089805E-002   4.8463043108219465E-002  0.39302911284208336       0.28807868802796149       0.19754308335516474       0.12605027767051219        2.9551324679571521E-002
  0.34391257392643926       0.40372520135229450       0.30450770868243743       0.39878777134379834       0.29560874774842527       0.44026526984312619       0.35667205205574731       0.43289383249475299       0.41462656367927969       0.31196136595349883     
   8.5332239019699080E-002   6.7166685090796804E-002   5.8030442811009192E-002   7.7254865434404782E-002   5.8858944593727702E-002  0.41178095797326397       0.30930139254170680       0.22529285557405496       0.14750456024592992        4.1724564325249222E-002
  0.36973181928524418       0.35891215259685011       0.28775663164341603       0.38408794009299568       0.34734901436005733       0.36810122113056198       0.36141269443196739       0.43112639410941767       0.42886131490136103       0.35489268306011851     
  0.10101245532740379        8.3567662948160301E-002   7.2499616920957827E-002   9.1236627147780996E-002   6.8779660899664280E-002  0.43061924192399925       0.32171957997726114       0.24580830199053549       0.16889024915201981        5.8438756183461310E-002
  0.37169492498208040       0.44217698134653516       0.34082959437270915       0.38968254676432196       0.36924201849471555       0.39095217935440357       0.32547693046218068       0.41466003167488963       0.40752863187659150       0.44774827773168041     
  0.11649827015144701        9.9797320346893703E-002   8.7576071996407379E-002  0.10643388750290939        8.0254668533592144E-002  0.45115555688529946       0.33347227003436219       0.26000037794648673       0.19170549437813506        7.4984441847160743E-002
  0.41400513369262343       0.50104064977275187       0.36883031117040532       0.40602309194496278       0.30426160489615778       0.34707441711504528       0.33895723949381962       0.34726105271330604       0.40572068570497394       0.43449090618051556     
  0.13376532005623459       0.11721158510062593       0.10428794177469589       0.12228696500653646        9.7127340588510802E-002  0.46611282356354583       0.34398071958103965       0.27322438558813966       0.21475074580913070        9.1400881983768750E-002
  0.39735403393014757       0.45655086713689330       0.35943376556597822       0.41028200658479369       0.39304289740432369       0.34725928408090756       0.30124384201185878       0.34475448615633830       0.42366345871429162       0.39652450602782102     
  0.15167680793286414       0.13498971271658863       0.12127463544186866       0.13847927658875991       0.11409666124071019       0.47647510776956070       0.35710351008804125       0.28574823187187626       0.23748458754621585       0.10874300903667475     
  0.41265911958389223       0.40596630120101546       0.46338005584418324       0.38441610654856290       0.36252717945999630       0.37200112928915263       0.34414756662793788       0.33582115062579171       0.37919383119438022       0.32000700933409926     
  0.16984709566568251       0.15087226154771757       0.13703853267587995       0.15503160595978091       0.13262462347539297       0.48566232769856554       0.37098507863797792       0.29835841241137195       0.26060173927528518       0.12777728999574478     
  0.40745725411382611       0.42146576115813605       0.35240809487508379       0.39210361853353393       0.47475768414674380       0.30192520686400254       0.43146272982891293       0.37871524990903943       0.39175203225586358       0.35421337320099339     
  0.18830472230396197       0.16690275068399218       0.15275271016188405       0.17116027182369481       0.14737748564778028       0.49488085338499316       0.38361327130737860       0.31388287866691067       0.28420044833477798       0.14598468735066633     
  0.34421985541231753       0.49896533696961509       0.44247386291751406       0.42777031670380927       0.37017506974295838       0.29182012249132655       0.41215112620011068       0.37045590310022730       0.39108909859367130       0.44933429844219280     
  0.20642544175718683       0.18264441945877663       0.16920272966529448       0.18686642341436885       0.15832272328696761       0.50450679179400726       0.39536260437969878       0.32968928327561936       0.30675144925833592       0.16356658504694938     
  0.43269005063230498       0.38568072346974080       0.33586888219518463       0.37461682753016834       0.31682694556731422       0.32899257110216884       0.34021672046135176       0.43004378445100810       0.43975730711965505       0.35681397143921495     
  0.22406385990208780       0.19851592357964568       0.18521126895483053       0.20186792279584737       0.17028696220239514       0.51621032111496590       0.40679963560693599       0.34489909921114476       0.32841797946335510       0.18066586436239937     
  0.31549863845857473       0.34591880648836276       0.34902798005876756       0.36635211038090626       0.36853347662740482       0.35878510652299594       0.35531206215889660       0.44980355463237731       0.41526589890225563       0.34742604383941617     
  0.24046439591236593       0.21409622372886308       0.20184357983952900       0.21702651802828860       0.18193438986646143       0.53200667288036674       0.41811642949004840       0.35958149267205242       0.35000104768535267       0.19836607334585560     
  0.32908023950433857       0.37227516024159546       0.36506348508771241       0.37064581105702088       0.33364557715955123       0.46835067623003562       0.39847767532832562       0.39832147399017898       0.31533796684232296       0.30970944410178630     
  0.25444362030643514       0.22929744277994632       0.21873378168205160       0.23214858746795586       0.19386052182752234       0.54702540230567409       0.42980984179190151       0.37402006560731660       0.37174133012772748       0.21569127426585458     
  0.36678438419020110       0.40754417344743166       0.38921056496055823       0.39181940832862233       0.34086691457401286       0.36244563080908548       0.39138630055862583       0.37434376828520949       0.33329807054055244       0.41203541254907056     
  0.26800908765389042       0.24413425576333828       0.23529017799446539       0.24704591058274949       0.20686476541256232       0.56066375965160586       0.44124106503049881       0.38865357768818382       0.39373796091083019       0.23475457919515164     
  0.36098762726311046       0.31558893200425675       0.31583708400928739       0.37956752430673657       0.34984530673794278       0.46982369399065593       0.40355387861162989       0.35501835970233619       0.42680176294863842       0.39064987809601215     
  0.28101282158901619       0.25871381920291248       0.25202687169930688       0.26170392956579197       0.22284080871353026       0.57162415484533213       0.45124954865239886       0.40308210113139903       0.41441218677266528       0.25313301209206901     
  0.35045014246981765       0.32598126914358416       0.37718640366876749       0.34540771955087618       0.38471213252099573       0.33840418954643309       0.33518175842308157       0.41657495707121672       0.32816346566368171       0.40507490253984008     
  0.29410750965941262       0.27149820602260782       0.26887140751095856       0.27733296755661396       0.24050503233201259       0.58136816277532366       0.46101025312068450       0.41735362712579815       0.43392231600144110       0.27153654566317642     
  0.38602576918710435       0.38385484559597360       0.38230113759340784       0.40694933113291781       0.37943048366068782       0.31986288057024848       0.43084571685946471       0.37410026035028887       0.39137564888028842       0.35923657195668479     
  0.30954742798359897       0.27965833717419730       0.28603443991624533       0.29059387594223712       0.25820430113658005       0.58669278401002445       0.46961808593074827       0.43076554074257201       0.45209701759873799       0.29013800683424001     
  0.39852645820895943       0.31667560656308402       0.39094596923359642       0.32719749546302646       0.35936158054024353       0.31443366592156474       0.37915900849981227       0.45858447909362238       0.31959520206055969       0.37258858569884962     
  0.32710419303195498       0.28662050709324000       0.30357742579798253       0.30311421706606290       0.27600665171228905       0.59389914850808212       0.47793253337323921       0.44412107988819510       0.46916544139688648       0.30774306502542870     
  0.38791781545797460       0.30876005148855246       0.40944178191085268       0.37534007469340230       0.38566315106538929       0.32928833026216886       0.33350999952908750       0.33991344333524159       0.33047883803503614       0.33694928958994563     
  0.34452251284172708       0.29378318966710076       0.32064316947126087       0.31488966849527672       0.29379042684137363       0.60281383888189444       0.48616859077377084       0.45724817234671938       0.48679828313506807       0.32488290340409959     
  0.40503902651240747       0.30840992146424467       0.34053690659687613       0.32820784586542334       0.40339052763069577       0.33794920953888113       0.38435939183513090       0.36719448843693525       0.38016677873375909       0.38958242394119330     
  0.36169835883056950       0.30097365739705167       0.33764976905592148       0.32899168043196481       0.31127623584277003       0.61266979477305705       0.49453506531921565       0.46799100840317182       0.50457708413294267       0.34139128081563180     
  0.33417564264664062       0.33263756103383080       0.36299698429323035       0.33288457061176463       0.35423893724584909       0.31632159986479186       0.33754992166989745       0.35515921902841163       0.38534350717835553       0.34724529332681342     
  0.37921371377432067       0.30780972278365704       0.35510213145293401       0.34365582744717471       0.32723757864464281       0.62353705982412944       0.50324117718255745       0.47816884600814624       0.52194523738459353       0.35749214782949024     
  0.39330306959815942       0.31741888361784310       0.35062035124709029       0.34649331927067861       0.36241446460765869       0.35598157026990612       0.37578538239488002       0.35003064560857799       0.41314155779520434       0.42024604710420044     
  0.39567182740559997       0.31454677772167011       0.37259602886140436       0.35480500486865324       0.34345078503200460       0.63483416673148862       0.51205002761500296       0.48796115491252789       0.53909448897226542       0.37339302857147438     
  0.35375968012517439       0.31650558945939572       0.38981930749811644       0.31718202495820913       0.34049706110801498       0.36955683798870398       0.35305241949558280       0.29902671428221328       0.35821901861633354       0.38043370899717877     
  0.41128913874320566       0.32454836162372408       0.39000142776892610       0.36729348703629261       0.35915422895545662       0.64606443115039569       0.52074239071443085       0.49814891148908014       0.55580871682623356       0.38607708481749686     
  0.39747670144946201       0.32740423484607245       0.37911998555113380       0.32142934492559327       0.35867690839935629       0.31375053721465246       0.38553757522688614       0.33388201228677100       0.35808907768059661       0.36437205036725995     
  0.42765944014130797       0.33630661758619707       0.40705221759502241       0.37958956655427223       0.37492981532761788       0.65670549302606651       0.52929187052705284       0.50876759869394961       0.57207561337598500       0.39781306272870892     
  0.35748261239471441       0.37743600539926125       0.43065058639316894       0.34684243403855930       0.39650669157328211       0.34490670795372003       0.43898991940153559       0.30757761905998060       0.40725856244987813       0.29675738175663008     
  0.44446672594340875       0.35122368343307608       0.42376219286150663       0.39234155950874189       0.39124732484458852       0.66834417201060525       0.53783741221567849       0.52022106378239841       0.58796700862673634       0.40964778238353239     
  0.33771175323762481       0.38702096995664859       0.41958747124999574       0.32115250596943429       0.31663581779743560       0.42004722849535370       0.43052484832830468       0.34005764702471708       0.38397361370663113       0.33016827433915508     
  0.46093492916585893       0.36676591740915976       0.44034718629095837       0.40868368994182397       0.40807263116394016       0.68088258311650973       0.54641070902690636       0.53246530880566545       0.60384934195070483       0.42147749756873065     
  0.34065694496602000       0.39634562154835662       0.38051228691205086       0.34111503272009924       0.38514790839101176       0.42384988718968614       0.40764200944900641       0.34846672584123933       0.32332851553772896       0.36492570149673481     
  0.47733236587977729       0.38253000174830953       0.45604364807247627       0.42560204226860709       0.42566799680880241       0.69249517986771314       0.55475064417039743       0.54738480600889383       0.62007947899396565       0.43603593791163636     
  0.35335607234624672       0.35137290092595158       0.40439062208721932       0.33624901692542658       0.42207734414097875       0.38150371404551819       0.42827273996073284       0.35615268896848623       0.34294384847735310       0.34793177525969726     
  0.49438629440390924       0.39834080715566178       0.47399241269648323       0.44388587328649576       0.44338462353266617       0.70324445820681070       0.56271489285897824       0.56215811597967891       0.63638427607053361       0.45273573347444601     
  0.40023162394707201       0.40484416420011460       0.40425254655560272       0.36955270674012569       0.44733049092227678       0.36539752982829027       0.37365642090316381       0.35176229673409604       0.32830287821614607       0.34449556731070646     
  0.51105546317809880       0.41432259855471570       0.49212927717276361       0.46206361849089128       0.46067968210743787       0.71410528794717887       0.57051961406448704       0.57675515931248589       0.65265264985300897       0.46866291279441358     
  0.43714552727997424       0.44645729732081801       0.36001103494904674       0.35472350135424008       0.35697047753334726       0.33903573361601508       0.39562017233345348       0.45525284384363862       0.31686358851993807       0.33008919244899843     
  0.52928916204577048       0.43051310263912862       0.50990457090347485       0.48127177608723226       0.47741676292728902       0.72483289987044008       0.57415615134682463       0.59119528947250211       0.66876354359701218       0.48502995491208617     
  0.35276269477883104       0.41564574871208249       0.40285590312607228       0.35542371926483796       0.33360237103544815       0.31927013838465673       0.28775663164341603       0.39675285568004892       0.36520167497728012       0.34148026370702173     
  0.54535736637917631       0.44668171599929268       0.52731283836497211       0.50061929617847045       0.49363776099069989       0.73549883251244430       0.57852820257234072       0.60565720123069999       0.68354640584234971       0.50096699051279503     
  0.38686585102660603       0.44345013133349254       0.41365457730367861       0.35108676607027617       0.37835888026210379       0.32894638257508191       0.30840992146424467       0.37533333537510577       0.29789283540911815       0.35541069488215832     
  0.55480455422971797       0.46317911493945452       0.54438574969765807       0.51954263288738545       0.50986387567238800       0.74598577144928280       0.58291644415570809       0.62045237477379334       0.69856800228295546       0.51784881512000791     
  0.31286370425755561       0.39228975540505318       0.56485221607053626       0.36675086762989884       0.34777783669796797       0.36758830215640698       0.32038782626442636       0.33452704863641486       0.39046419215105377       0.33709303746082059     
  0.56370670884165774       0.47983474011768623       0.56143867709436546       0.53816345456514181       0.52586067363941980       0.75680126318944607       0.58761368399745917       0.63553535012972928       0.71279508277950621       0.53585594120707725     
  0.35426996945074257       0.43800541297663420       0.39795276157623760       0.35455446184397127       0.40129173417301295       0.41553125832522297       0.30886110553259566       0.36426578894847994       0.37167970258677308       0.46953044190923632     
  0.57285143071054878       0.49647994403561996       0.57928602464132251       0.55672606146105807       0.54258245892100831       0.76685649697490810       0.59259145925754986       0.64788069394373593       0.72835123651973732       0.55326414733573015     
  0.30055449220665531       0.32871867097332363       0.40734406902886006       0.34582418977205315       0.38586069527480044       0.38637727387354415       0.38429156949166926       0.37673942972255203       0.38055457576533902       0.32057529611566543     
  0.58025289551133175       0.51291679092638165       0.59846339494317502       0.57557304694466471       0.55998500313461119       0.77638978798540959       0.60023639249004157       0.65553277082243777       0.73788953911180721       0.57134131223112672     
  0.30840992146424467       0.39848670779910378       0.40640428418544833       0.34589328264356412       0.42345096071325394       0.33476201597880090       0.37273313838115191       0.33081301709416872       0.31673928510357297       0.31818891502521368     
  0.58672980519386853       0.52907539119891756       0.61706413154416451       0.59511824897024534       0.57711208524829194       0.78505291348214623       0.60916260781384479       0.66388481103500652       0.74607146338032193       0.58558939776910413     
  0.30840992146424467       0.37925931005244218       0.47336265658681670       0.41294792213788428       0.37555682340015795       0.34784371209026521       0.39756855302166488       0.30840992146424467       0.29182012249132655       0.33912202695821531     
  0.59887061788706886       0.54514083587379658       0.63577459953935400       0.61568482252528045       0.59400860934304234       0.79351531761136951       0.61815409399669974       0.67220351348221485       0.75446064886789121       0.60026494075752157     
  0.31703678920117662       0.34688756155763784       0.39511517445421757       0.45948755397290891       0.31110138779297170       0.36501055405573035       0.36953139140859437       0.32575672280492235       0.33421049177911633       0.36307387278870318     
  0.61320146234235506       0.56097698458237832       0.65353367005481633       0.63702740246939504       0.61100301734921092       0.80200234368207546       0.62730869592748328       0.68021278291554932       0.76287855295661855       0.61805507880716626     
  0.32604337771673941       0.42118482411552677       0.34782795709997039       0.35968725045081140       0.35403020568951959       0.49553207744698047       0.39501783269481239       0.31036461856138919       0.30972181004809818       0.33167240536973580     
  0.62734038833448869       0.57755094691907061       0.67100894395820421       0.65865743379065245       0.62823858509189789       0.81037107175424627       0.63676395853098444       0.68760464674371446       0.77160395891745504       0.63561416601378384     
  0.36710239862327115       0.33002034389123286       0.33801492802852706       0.41288459611678757       0.39327020986421540       0.38803613437240103       0.42374232406368428       0.30987866053247881       0.31454958973915226       0.41095090648493077     
  0.64370625417781302       0.59380974481057647       0.68907778685076404       0.68011016571123106       0.64559063096368285       0.81884642172467847       0.64547027226221898       0.70095426064796051       0.78176349943538448       0.65386809527657030     
  0.35533502084016788       0.34620620038343353       0.38077547120614019       0.35502468932539288       0.35286821397374996       0.37083881358068504       0.35924419219283887       0.34431764497057421       0.31232709783220031       0.37947726399418208     
  0.65973457577250627       0.60959955335624327       0.70700418601197756       0.70132150609947663       0.66399555590775727       0.82760191728532029       0.65425674787723387       0.71511659754224222       0.79760433538235742       0.67115782518092248     
  0.37319820278890603       0.39362612918191403       0.39902678646320244       0.33177147287505071       0.38823941467544854       0.41902247680713373       0.39130087321899881       0.38371316308281722       0.34892767712400063       0.40323337421208733     
  0.67645644407542493       0.62554986154061554       0.72482957549241944       0.72246167498399472       0.68350667573833701       0.83615572582049891       0.66330532995115110       0.72932648883810292       0.81265437315000932       0.68840897720048322     
  0.37362446846278874       0.34882774750173917       0.34448725997335927       0.33714507255186815       0.44500880910916163       0.34650177931478360       0.37650310320597846       0.36767618524608936       0.36780845904081000       0.32310888219137063     
  0.69207438469165550       0.64149798842827188       0.74162378069841595       0.74366123708418208       0.70147027876858692       0.84477963116160171       0.66938530376729899       0.74392489244571858       0.82700396244156160       0.70667133028372942     
  0.39612450327971588       0.38582406083846765       0.47892709533265371       0.37189502168656546       0.38089010334589540       0.33660176969297489       0.34366307191110379       0.35442748082188918       0.35417240549781476       0.34683297102957594     
  0.70710427121584274       0.65751318668381320       0.75774814463588580       0.76514973083377424       0.72017077195638712       0.85331206228093237       0.67578642820776069       0.75809681064598466       0.83724789492016971       0.72602804167050505     
  0.36052381401836986       0.31468461347950916       0.33307778195204651       0.39914555842628108       0.44675213867580027       0.32338192519012166       0.31839133336459646       0.33152284103389118       0.33054556940827973       0.30879818012395516     
  0.72239148247686902       0.67384249327036949       0.77405702476691196       0.78698673222839499       0.73656370929180637       0.86051925874472934       0.68249531678386244       0.77369827516189527       0.84745586988948418       0.74527602519016711     
  0.37911742796898434       0.31074090237996371       0.38149280750506470       0.47806154106203247       0.34215967434362776       0.36302421315292671       0.31896814579061011       0.35553473850117018       0.31244675176712333       0.37154078326399126     
  0.73794866196693798       0.68936252288076805       0.79019281049769852       0.80972112462709400       0.75256973908932145       0.86810066921087115       0.68955640829439380       0.78900709513282696       0.85667004530009461       0.76438357503944154     
  0.42399139673737479       0.33860539017367997       0.39125752989941820       0.37046381129292605       0.37021112588535848       0.32951522521415183       0.30115412133907660       0.40856567080900275       0.30406096123332654       0.41082320499949221     
  0.75182263491884782       0.70398595577361500       0.80684400534975009       0.83303908181109387       0.76463837022061099       0.87588911386467083       0.69740474702634547       0.80462998921434548       0.86640852355623743       0.78224769150004414     
  0.38457641315281260       0.33329410037147372       0.33126058772924272       0.39685432348141109       0.28922178692879918       0.31332064128906528       0.37688013189482605       0.30690082673793245       0.32286562650915523       0.36463963423076418     
  0.76451007237666924       0.71756118904607513       0.82368186008665467       0.85503489866849969       0.77783448562359769       0.88387240545353463       0.70678836933656009       0.81966276893520318       0.87632302482223001       0.80040028283126807     
  0.39531211055743504       0.31572512025042371       0.36990470372490153       0.36795710931742648       0.41005598938740651       0.40783749409810166       0.45284602517436989       0.42610042479582627       0.30840992146424467       0.32355230446344274     
  0.77617596344121320       0.72980707585020899       0.84085157593822768       0.86786588870428938       0.78600095545421622       0.89187372782000152       0.71527958605767061       0.83395591452652240       0.88675735028121583       0.81842102128886807     
  0.34563223158730133       0.28775663164341603       0.34970290637230039       0.34250493392159320       0.33156035388417493       0.35897035523425297       0.38369689560552178       0.38935714892430989       0.30035124218373610       0.47456034281077331     
  0.78882210903234073       0.74228706316357784       0.85741293668860119       0.87878172073664818       0.79714269758412915       0.89953832553448465       0.72330411190785471       0.84795520124347479       0.89791331311253997       0.83720122919838347     
  0.32761220733480434       0.32653726469650979       0.34441084534878869       0.31332030072507372       0.39464174758270165       0.39198426278492943       0.36759627540045275       0.42979453227680164       0.33198975762804195       0.35041186173238970     
  0.80380775875603483       0.75510666367359491       0.87428870647085155       0.88981427042041283       0.80949843398598453       0.90691437906736938       0.73123085460772264       0.86203626782918508       0.90987465786907062       0.85623831147976737     
  0.37123420551995584       0.30397100625424800       0.33720579723977190       0.32586203988687906       0.32628570748449925       0.35661214383660078       0.34250493392159320       0.39526849773023420       0.33992567738750701       0.33561633173122024     
  0.82039077396697235       0.77120999778814459       0.89084549105587385       0.90029576003988110       0.82258445045726347       0.91436244290069113       0.73906722918794976       0.87569860179213954       0.92252591869450673       0.87484622661571332     
  0.36123731478445409       0.34243557664894086       0.35947561347998869       0.30840992146424467       0.31772937630721437       0.34169898642765412       0.32090551529682426       0.43883206346234077       0.33845126470309739       0.35744451794493393     
  0.83761662032574957       0.78838156438595686       0.90726855177909915       0.91104514080730059       0.83890633898831102       0.92178234166737283       0.74707374957841366       0.88856468843191161       0.93448357103460566       0.89279344026433793     
  0.37428821921335670       0.33304868881539601       0.35486588023876864       0.38770773458746521       0.40227398555948568       0.33962801542862420       0.39444670119611036       0.38981314521306260       0.33024000898289901       0.43110109179013828     
  0.85548945346596417       0.80651709717519160       0.92322192443925011       0.92684382239121410       0.85717658880627023       0.92933371157348044       0.75551360691251335       0.90099462224376425       0.94633167720077094       0.90985121148633530     
  0.35050639389757610       0.35158485583865012       0.38356493392911301       0.37015880679696372       0.36841865938517759       0.35786671205369691       0.33996935937129091       0.37564376679912281       0.35425196464770159       0.36051718427886814     
  0.87331639189013655       0.82645458124466686       0.93725156203392490       0.94240494676271025       0.87623761379608611       0.93703943801387612       0.76405745894096511       0.91348921041373166       0.95836775147281272       0.92568833792065930     
  0.42154064801139784       0.34732929108986910       0.46214511398948371       0.40027081319574648       0.41271803303509574       0.47743865376457112       0.37035000738937440       0.31139159942149519       0.40804494094036226       0.39222575281471977     
  0.89129884677754634       0.84961218256041049       0.94870745677063484       0.95437575675119546       0.89548644987230652       0.94491514339110094       0.77872526210152648       0.92607377934252855       0.96870532893018801       0.94021119891135052     
  0.39761081489960193       0.35823127228886303       0.34407501092664738       0.30095621493424796       0.42243781936277436       0.37796622110113065       0.38329173643161196       0.32824073601769538       0.31217433319663079       0.35164803137310191     
  0.90940571760150846       0.87224615335900257       0.96058821568322972       0.96445936569635893       0.91282025115953902       0.95301027663583870       0.79311377979604247       0.93793696554870820       0.97943826316076221       0.95384756952056626     
  0.38090722548133138       0.38074550151030134       0.39754077759029666       0.33112111234909902       0.35667551829587091       0.38647731586599265       0.43464134678819877       0.40159968402544238       0.40632828412276217       0.35696808539791575     
  0.92714071138431797       0.89368215502852877       0.97312477487359117       0.97322257957287117       0.92932519197357089       0.96120324311049132       0.81006163277809273       0.94926703457654327       0.98588218983344900       0.96564853744817303     
  0.39842057653052837       0.33521983344468581       0.33905555418807637       0.33714857988741326       0.41207583023035688       0.46045930411061425       0.34806060123457611       0.49006258618750437       0.34848053144078744       0.38788935570162375     
  0.94429404804110839       0.91870251597577768       0.98437047446315751       0.98137599333253489       0.94666207729179430       0.96970889630558377       0.83048738898285712       0.96197303377385945       0.99136347448593654       0.97604610125959446     
  0.40362269010822888       0.35171362015133723       0.33337074247444426       0.38344510227467749       0.35153867516930914       0.34993117499143950       0.42588351212669556       0.34551343811654961       0.35224236716746676       0.34735050112056953     
  0.96155058663722548       0.94608367902566137       0.99051926826956449       0.98867446511423029       0.96338144969292328       0.97815832251976309       0.85899130196408613       0.97509724227339323       0.99495299411198557       0.98517962729673048     
  0.39560594670648264       0.36514408744891680       0.28837391740824742       0.39697662901595659       0.37105148539254640       0.40205093766800970       0.40071062603078084       0.40461240487958400       0.41491516871418821       0.49531176507718822     
  0.98050297946967291       0.97296341317162904       0.99542715013215377       0.99441984253004767       0.98192345357926902       0.98847217024002110       0.91109667056164545       0.98781592506163751       0.99760462764567814       0.99295258582237600     
  0.40534779406640675       0.45915320769260937       0.29292435823695151       0.40993794232673780       0.38904333485550685       0.44521695059934596       0.42121925109148717       0.36693491103932169       0.41169183528082637       0.42745573533269909     
   1.0000000000000000        1.0000000000000000        1.0000000000000000        1.0000000000000000        1.0000000000000000        1.0000000000000000        1.0000000000000000        1.0000000000000000        1.0000000000000000        1.0000000000000000     
  0.38182919495850048       0.37016729957021788       0.28775663164341603       0.43288131706066724       0.41674673404284229       0.30761609212683355       0.28775663164341603       0.43344261054937483        1.2830000371467567       0.42302390548142632     
  -3.9974767805922378       -16.507203742367672       -6.0668252167407326       -27.907930591326885       -6.3288121238201995       -18.614131688215714       -5.7109085391780985       -6.8315725720698541       -8.5459775841281083       -4.3849173139528128     
  -5.8357604062507367       -9.6187699397249311       -5.4322510339873418       -15.804256796512325       -5.7582868198901762       -12.163211127140080       -5.9965412155319866       -5.8145102389047736       -6.1854623473889658        2.5897659398285544     
  -8.4350067413272765       -6.9145262228613271       -7.6463171247324162       -13.533374915223506       -4.0047699516971509       -8.7525356130283249       -5.0807901811558995       -6.6776769369930244       -4.9347091906689702       -6.6979223506640970     
  -7.4081008150780425       -7.7911257952871384       -3.4726562064185602       -8.7405757818261200       -6.0517575138929525       -4.3302943338665951       -6.5334071109572092       -6.9309940590081567       -5.4410561841987342       -7.9002055496598285     
  -5.5968348549903268       -4.8152324199997150       -2.7134982000054113       -5.1300582014890468       -4.3633224356614750       -7.4108516095312256       -3.8275867167139430       -6.6303761953728175      -0.82052018689339390       -3.9644747845217854     
  -5.7283907960380089       -2.5465814539780971       -7.0619380644478289       -2.4715535553512926       -7.1466081703183395       -5.9984297662652235       -6.0432428459247429       -3.8674036238942930       -4.2829438114960681       -7.3369268448872544     
  -3.1731378267792851        1.3865067213657347       -4.1884726703152486        6.2997313010484621       -5.9008459153402226       -5.0915059701419487       -6.3765348193639353       -6.8012942256385074       -8.7576308193308243       -7.5027979782488377     
  -2.8892846192958404       0.60430467045318359       -6.9964927392168885        23.117578118134904       -5.0151182126076952       -4.3854331970750922       -3.9015091709864778       -3.0452736491349288       -7.0002709875992561       -6.0648177628312148     
   1.9561878899551965E-006
           1           1           1           1           1           1           1           1           1           1
   3.5818830111406971E-006   2.5784717682657774E-006  -3.9577092739489138E-008  -5.8466599119819236        1.6882945407370779E-007   1.7604617614338027E-010
   4.2166008990140736E-008   5.0314331860872558E-008   1.6988098484683497E-008  0.57559796572911248        1.6974457150588717E-008   1.6525011037559220E-011
   5.0000000000000001E-003  -5.9430824646643412     
