   0.0000000000000000        0.0000000000000000        0.0000000000000000        0.0000000000000000        0.0000000000000000        0.0000000000000000        0.0000000000000000        0.0000000000000000        0.0000000000000000        0.0000000000000000     
   4.1377328905610265E-002   3.1530812289957029E-003   1.9111554362756421E-002   1.7347127902966830E-002   1.7299900279413964E-002  0.12104677027462254       0.11752707169695124       0.10562979133308012        4.0799388919840245E-002   1.8772072027064303E-002
  0.48193211687064835        1.2342419940307281       0.52652710582889195       0.59904780346119713       0.52284620103558233       0.34256272671522808       0.45804263087155650       0.58065625309154334       0.69641840189050908       0.53248842925433382     
   7.0407370540135128E-002   6.1194600024899390E-003   3.6126414355078670E-002   3.5035236392599312E-002   3.4023122043811693E-002  0.16186955416409271       0.17620531663585004       0.17468047497261865        7.9428402587614341E-002   3.7420597795835869E-002
  0.60959881738983446        1.6067081649676449       0.54143676777640137       0.53666763844099818       0.50332224004739490        1.2956064218688927       0.81668788272491899       0.58896391201897347       0.98046513004430658       0.53928288772831401     
   8.6627611903257434E-002   7.9633384657200115E-003   5.0027793951894911E-002   5.3102165968168726E-002   5.1962530613885442E-002  0.18958577219269379       0.20377938810103474       0.21848715949519434       0.10740325227968608        5.0958909047495872E-002
  0.48544225534423951        1.0975738018247465       0.50248629466843731       0.69031626424223436       0.50737968664484578        1.0582259396152673       0.64929886433858597       0.49206924416453701       0.87434568184939743       0.45835538860026048     
  0.10089642331985782        9.8869414070652216E-003   6.2495154841363643E-002   7.0431739798511847E-002   6.9705875317983904E-002  0.20909192606211657       0.22161926910317281       0.24857545895476685       0.13025429497056809        6.4477684773894775E-002
  0.42081779166212369       0.83162392993162115       0.44222876527337102       0.45176199786644045       0.67526325785481311       0.96141077315714729       0.56171205263860058       0.54041266469276017       0.77505631510578799       0.44082378023791630     
  0.11551391451156996        1.1638089470055922E-002   7.1028345763133591E-002   8.6870713816012107E-002   8.7168420896642881E-002  0.22932031827148280       0.23619314024564222       0.27219917562972412       0.15084970329760120        7.9276834201678831E-002
  0.47089285757528448       0.89804511976573498       0.38967140142239209       0.51441951912657202       0.54515597932200832       0.94984879187158444       0.55157686312390808       0.55904152601595680       0.74205814713698881       0.45271155292429949     
  0.13081220284356601        1.3641534446363780E-002   8.0363857929697746E-002  0.10312727899375640       0.10394092248374559       0.25865230179235837       0.24969042987754123       0.29339984568968014       0.16886383918839198        9.3663074297520715E-002
  0.37442059248890730       0.98081966886345329       0.56803578702883606       0.51275008295178159       0.56907784500371994       0.76943268878462190       0.60233308364584781       0.44239929226165714       0.67187228802217014       0.43309505956000166     
  0.14738327367412288        1.6489263410218315E-002   8.9392276551362768E-002  0.11981581565433594       0.12054249701090182       0.28699012649197791       0.26393276930130943       0.31208145597096121       0.18592098711527341       0.10688678705243068     
  0.48682163789274541        1.2993160505909140       0.44368541870603900       0.51925022250711828       0.53094129619289410       0.63288264389949644       0.48980408603404402       0.49899023655742403       0.57230502656873428       0.46031679062580338     
  0.16578270395894221        2.0200557122280024E-002   9.9202135670750299E-002  0.13718897868806182       0.13725944334669327       0.30839044099100443       0.27907868386225726       0.33034798032910401       0.20304218777614069       0.11992388587204639     
  0.43232243907890200       0.89531742903305322       0.47737311254496839       0.55087160967442872       0.57669409535065130       0.59466437275876705       0.63390253681783193       0.43092460364947693       0.83014203963864130       0.39994194336773636     
  0.18532351880562251        2.4692244206030584E-002  0.10758129687156311       0.15404411335218149       0.15397230382860977       0.32531497958858330       0.29219443599988687       0.34812840331039918       0.21951644674581300       0.13280321295093586     
  0.58595700578758980       0.83645874267184983       0.52613117707203905       0.68491457770307029       0.70124933258900268       0.67627303176779352       0.65095085554942178       0.40807993392966557       0.66223768939572447       0.55852697215781200     
  0.20521776386419421        2.9837148265319007E-002  0.11441072613422837       0.17116779390170417       0.17096935632356383       0.34268603856023444       0.30609058135000000       0.36546723276622711       0.23430151787163025       0.14693376464118918     
  0.56199465143628280       0.86417305958047008       0.35424215412115895       0.55894522918824185       0.65333133864483472       0.57054043202949545       0.74285652344135633       0.47100094762180822       0.57974271926355814       0.51911459862412701     
  0.22442464757748048        3.5124385369540580E-002  0.12136152595457421       0.18804424826183708       0.18819061333369111       0.35917692559932135       0.32060185157633869       0.38108221333575565       0.24888370395280368       0.16436149189501167     
  0.54599842422148348       0.98640603804049098       0.51452311634608516       0.55140197781521094       0.60612578969970998       0.66841728789408406       0.73000031207601301       0.40234638314352889       0.65474264138889382       0.48670395177436077     
  0.24187970065959705        4.0124798688259349E-002  0.12827451407544596       0.20253647330289690       0.20419646374779815       0.37506290394862779       0.33635719180187862       0.39682461864660984       0.26382878970157886       0.18350940108796915     
  0.47972241674526384       0.55847465316993750       0.44849376559253312       0.54287684573571116       0.49054844144660337       0.64629492742981243       0.66921318562287246       0.49967509826318163       0.51734946693990658       0.57448471492684539     
  0.25734427184598074        4.6545514387508882E-002  0.13601095037010924       0.21781278178628782       0.21961155339968536       0.39061167288946624       0.35169529123889742       0.41282803346622937       0.27867793809500924       0.20255600235889915     
  0.52424430191615423       0.86049259439221393       0.53067223768408867       0.52480793889995869       0.60408536051806205       0.62320777845194153       0.59843906424815774       0.41960880488113483       0.48753714360243905       0.48661245650897328     
  0.27177433083823183        5.4192711699239143E-002  0.14489058608062846       0.23005592427336283       0.23071687162976454       0.40586008947149710       0.36532439951849310       0.42953978941751020       0.29234869358454413       0.22063481558824327     
  0.46783001830970661       0.65986317077147405       0.57411887434582942       0.42941755112985858       0.46104344678364562       0.55981702173662529       0.59952255765388884       0.44546862780212271       0.51101403365735920       0.55192284797408142     
  0.28695763909312771        6.3364148761127864E-002  0.15320036832231837       0.24421423829217137       0.24177131991170508       0.42054297357123088       0.37911013350346112       0.44681198165701330       0.30632473028977741       0.23732209705703217     
  0.54825310453880793       0.87773997837863649       0.56761157669299200       0.53171866814464719       0.49966704575019760       0.52368335963673396       0.74176246995134854       0.55674868926768184       0.51366307270455092       0.59032426981818875     
  0.30372916735284178        7.5264953913336069E-002  0.16127988583304464       0.25908175488241519       0.25465035536799047       0.43468996110377134       0.39128772458269828       0.46375345590428729       0.32161878715770864       0.25330366915896929     
  0.43998541460542001       0.73475159622088337       0.60264789016345899       0.51055053186493804       0.49621281353872165       0.78248060533064112       0.75988236836960921       0.47373091791522143       0.67966587334487760       0.53677145670826754     
  0.32228620031761152        8.3855026384927020E-002  0.16983325770273772       0.27329780452444014       0.27073634825661014       0.44792244893120708       0.40133716438283040       0.48072960655808789       0.33923228611235279       0.26870304920737520     
  0.45385012323185980       0.58428637083968715       0.51636186419478380       0.41878837447834627       0.49035756396019164       0.49147560416801905       0.52357443030437256       0.53853993503822528       0.96486434434187518       0.43315786835135467     
  0.34012859518075095        9.1917669528688337E-002  0.17842994737435139       0.28741923419529475       0.28692037000541054       0.46067340706795806       0.40990693717115528       0.49745262071500818       0.35671144593849458       0.28415190292475911     
  0.55889829865389917       0.45445461205255688       0.52371886159534498       0.53248035233057667       0.47480468026633699       0.43600187196161044       0.62882684715369797       0.49203025419773960       0.73745947619065177       0.45916049146967919     
  0.35728188251232806       0.10130196180481897       0.18596851065627376       0.30049594365143595       0.30262312670134944       0.47317103075192685       0.41874597930832752       0.51327392885460643       0.37125297868846169       0.30171431270668275     
  0.63825138397590941       0.49240628246931695       0.48939947102799003       0.53188956684816624       0.53360009659037133       0.55394996657714635       0.57693121379558732       0.47652245028190882       0.55415752107531080       0.59808031856701305     
  0.37455299484190963       0.11293844001902424       0.19289574613958360       0.31372393243961705       0.31868055448349902       0.48611734421198866       0.42850407854073513       0.52923869007760171       0.38494969335894358       0.32055568340406082     
  0.45875858860573765       0.39534266403429680       0.49861747044641014       0.41823890109252382       0.52107833829905159       0.53837231994704371       0.50697201504473965       0.48801380073858414       0.54362798061768702       0.53667979304099800     
  0.39276819403924174       0.12335067947516531       0.19941274746578522       0.32932220689771380       0.33473076355541764       0.49894386265920471       0.44081400509145102       0.54523486867635884       0.39923635132378238       0.33962925046497755     
  0.60862592163744134       0.46560469968493795       0.48315789987094931       0.55856107205821126       0.62659258104147475       0.48710172420531744       0.67471044871049290       0.46173217271839201       0.49045134758742825       0.60482544758240731     
  0.41161808372029507       0.13646605229654882       0.20612669628550367       0.34627563560358643       0.35172417312877702       0.51124577179225905       0.45287806085075399       0.55880765968601998       0.41472400032425027       0.35805826889496500     
  0.58729721496479526       0.50834199199373620       0.56525397450691239       0.65558416859381474       0.58879020927585379       0.50453320817700120       0.53800744520822075       0.54299095558667099       0.53379259474747931       0.44236168049180341     
  0.42978963359546352       0.15008962902194931       0.21438940863375597       0.36310373182850098       0.36799738039247237       0.52354414579773245       0.46110818493724748       0.57148978575366949       0.43354801152302191       0.37571365042279053     
  0.50617344469111436       0.43009429744969119       0.44438803440336061       0.68229016469292714       0.48376536063113990       0.56036375285399431       0.38308029729105364       0.42980486922234679       0.68165866925729357       0.54196168200555539     
  0.44741707944686460       0.16450092445613435       0.22393683698125705       0.38013079349905421       0.38243152425666538       0.53570202190259497       0.46706108152736286       0.58419803755670707       0.45246364166861097       0.39382343753393012     
  0.60485263700730640       0.44558425412751612       0.55402632794920481       0.47562528891028649       0.40244697189010947       0.51264946458984251       0.51948633086762441       0.52973928284137617       0.62691294621918126       0.47336068543772281     
  0.46485173115004430       0.18151443530430164       0.23413495151823799       0.39773782112240597       0.39610043064737205       0.54814436228525165       0.47361475607321102       0.59593641792436303       0.47002431909812814       0.41221638885514228     
  0.77084706599690234       0.49715399202793820       0.55621632170653346       0.64029554210439488       0.39797996640052147       0.46069038188573802       0.36989913938120245       0.62332065558747218       0.74802566635575662       0.60400121817298225     
  0.48158251585845302       0.19945955663765119       0.24353195930047877       0.41551078837862210       0.40876224683408552       0.56009289970422005       0.48121888804876650       0.60641060226033305       0.48643086835536264       0.42996553917413916     
  0.57134486038986088       0.57775218836074227       0.68206680463490799       0.64590268730916200       0.44088364084679577       0.53594656648543404       0.45082199112925825       0.52348165605043628       0.77127817025892054       0.68055480751289965     
  0.49752668747414569       0.21815071841269859       0.25215081005630446       0.43245243139961909       0.42235861769832256       0.57094668256246994       0.49168956338206854       0.61824210747997443       0.50293825296818284       0.44766361760049045     
  0.63593606565955074       0.47469647883702371       0.67639046443573703       0.58665894331121837       0.47179059524127925       0.53826072253842017       0.61689238948998959       0.50231607989966831       0.50418930501270220       0.59179824874731601     
  0.51399960810039869       0.23780260689699204       0.26112629479869220       0.44932358511957182       0.43833349660647114       0.58175164637208654       0.50364012390704183       0.62984469557368339       0.51876200259004435       0.46407025822299536     
  0.41856441211188911       0.55384602879587330       0.58578956386925973       0.47784565689573744       0.46908327061141558       0.61016991540911836       0.45706026100206160       0.58987753034076418       0.42783833763734463       0.44325351856688522     
  0.53215929194458977       0.25740654757928871       0.27041291075691132       0.46610249566889167       0.45558945552928232       0.59298734153465593       0.51567793839238563       0.64293397930764751       0.53337259369874790       0.47972714117108534     
  0.60505474101690515       0.44226351170652889       0.58207392102909972       0.56642753438913462       0.66845734355011621       0.49523394385613234       0.58198251883161267       0.46761697210913888       0.58518489061186318       0.80474297915161508     
  0.54995242135715527       0.27633935654044639       0.28024956209379370       0.48347793720123300       0.47356376427145552       0.60530241804196816       0.52750340737940371       0.65759558084002045       0.54736624415659130       0.49063106155436176     
  0.56210858789605567       0.46261703880203675       0.51716084123430228       0.65313998254414263       0.75824928733323516       0.55962032935625394       0.49348546109971064       0.62271280790403483       0.62301244279552181       0.50911914283258264     
  0.56789214727468662       0.29543464651515283       0.29047880624340139       0.50029962920915427       0.49201316402313855       0.61837485111411272       0.53918144191802742       0.67146971362199781       0.56038973649138413       0.49710389996958770     
  0.53140995343937536       0.44397459544608442       0.48172274640670187       0.50998747932991662       0.56024246624060448       0.52564623536601074       0.74514822900530175       0.47838969001938053       0.44882801824535284       0.91494759133315040     
  0.58482486619018537       0.31523388913630496       0.30076028269326277       0.51440895692526745       0.51033303022174437       0.63078069300287987       0.55057989580089906       0.68567665248807352       0.57382745466915763       0.50256306039551268     
  0.72333230715850372       0.58029189100034373       0.55451077730581388       0.46018437524823813       0.62090291701891065       0.46816167397456315       0.52404242361303421       0.65629462730825905       0.44867701252002340        1.6854778110412030     
  0.60241537356749619       0.33514108316333080       0.31038492108759741       0.52861745022901918       0.52698930345277384       0.64251201719077011       0.56277156278563656       0.69897675286196848       0.58903135189681444       0.50795428821432087     
  0.58332952736344135       0.45081878541698639       0.50468857461374239       0.56953846897207161       0.54012218458397554       0.44675981960586836       0.56175982524857393       0.48707347816223112       0.41808513021585969       0.93831484656976938     
  0.61806710707205226       0.35419390981138382       0.31933120415684135       0.54247885880624791       0.54079055549441812       0.65451892623690333       0.57547161924827783       0.70908910951817106       0.60507585532850783       0.51425671703918230     
  0.46954934726512204       0.44077949856694643       0.51970269513355760       0.55211796391776757       0.63714277619204784       0.44559374682296321       0.62743049241062665       0.50280955812763761       0.63714788778023113       0.45646159297190431     
  0.63162915426214139       0.37268222784479160       0.32900867837542680       0.55844058554186793       0.55302438310211410       0.66697446469437449       0.58879830549132561       0.71874423346381011       0.61909962908238814       0.52508708557580874     
  0.49641867372673631       0.43913255610305457       0.57545570234193333       0.58114741224400812       0.50950494529919799       0.46889428748641504       0.60137123012736748       0.45719232416063799       0.56885103389833036       0.60310137020961241     
  0.64552531767302923       0.39147392993191354       0.33912776971576702       0.57608386602657480       0.56501858174865183       0.67877832319126419       0.60143765482039580       0.73061972586763080       0.63053393408373581       0.54056438159007236     
  0.42351660162387900       0.39815875725959216       0.63799160302147906       0.52717550938202729       0.38719333293876790       0.46820823374674692       0.46926102902820332       0.74115476290401072       0.43896044947395241       0.46012037884128060     
  0.66046732438038447       0.41097725019625936       0.34988508630007920       0.59295804009366193       0.57744186982711998       0.68964591939943909       0.61352252105220006       0.74206564016563759       0.64165699807904109       0.55787250046056847     
  0.53480639094568194       0.44918973231042486       0.52164983837538903       0.67472425868776176       0.55039249201683493       0.49168821682822295       0.59017147849423923       0.46539923214190781       0.61114830803477860       0.62018882401989162     
  0.67651831300415655       0.43072573326332397       0.36134919993113884       0.60946866288627999       0.59014572829179801       0.70078390655883604       0.62523720019226903       0.74861334354678599       0.65198905046321576       0.57469446518354150     
  0.58928986345882772       0.49283007589731970       0.62565673678923683       0.47098972737125244       0.46179911488001080       0.50759011705002299       0.53563498189070247       0.45121766415004916       0.37785834640546057       0.47930100438595064     
  0.69213954919809506       0.45011403328224275       0.37322280957444504       0.62576138604568876       0.60338427489759039       0.71046178854610598       0.63622137812302537       0.75458368881844229       0.66009844538569207       0.59107655926404457     
  0.52275431192669275       0.42519091569581824       0.46249797974078910       0.52311475024396159       0.50456524171641082       0.48040752428385081       0.56005560428585166       0.38685912608634188       0.35562953015907900       0.47792808449367213     
  0.70613122371873660       0.46928615547086550       0.38580733637840364       0.64243787949290576       0.61608202908186394       0.72043755269435605       0.64748579564469710       0.76087055696423123       0.67081369334695040       0.60721365059482002     
  0.57205008162561843       0.41424178980145360       0.62350665685690088       0.51545744483118361       0.50890972537756585       0.47085988683137697       0.51867617289646761       0.44303700308273464       0.35501472940739742       0.55106912128974572     
  0.71912412967059980       0.48853332088676532       0.39869301761352155       0.65932129517248239       0.62801085769432463       0.72989252679090955       0.65663417949720437       0.76870001236323260       0.68179086562955904       0.62335790546619840     
  0.48739521727135932       0.53930017532981478       0.79761362752062170       0.54706139841875656       0.44067564076101323       0.41128137465621561       0.48151222515830266       0.46405823013004716       0.34665316364275345       0.50707660179118452     
  0.73274283551447716       0.50786427402664291       0.41124763702454581       0.67544493878256151       0.63933277501741692       0.73912399253622629       0.66531433653922767       0.77766120406016259       0.69404800482337536       0.63975616553238046     
  0.47525999484990050       0.50886827122226175       0.53376833903414767       0.61859278374530302       0.42705051776586367       0.46702351569397227       0.47036485771796505       0.50653101584096882       0.44880906932582582       0.66125909157015839     
  0.74761818845932437       0.52675764285952509       0.42336698034194603       0.69150429799976099       0.65181141951739552       0.74906498749062611       0.67498893703593354       0.78845358359930251       0.70992765431168781       0.65646708067694870     
  0.56249499568554162       0.42171332648900878       0.60185086263995213       0.46612107001733538       0.49612174917859386       0.40694877785399119       0.54332106206747355       0.61387615877290003       0.51972320601266153       0.54914696225644688     
  0.76331167743045958       0.54341834649304022       0.43425760936198488       0.70793504207221658       0.66686247666759169       0.76142060645413967       0.68598966953463703       0.79955505662281834       0.72630848761094158       0.67401799402584917     
  0.57052491786839488       0.39622327149833619       0.49688806169514455       0.64131010037186886       0.44362886225087772       0.46541046094843697       0.48844222884634991       0.48519374978155838       0.53351923936635881       0.51497108873314645     
  0.77844850869301818       0.55957792847722754       0.44656896574162075       0.72194237687221341       0.68457297674502715       0.77467098601915807       0.69615259925694106       0.80991776592930487       0.74269240329302899       0.69244946869679136     
  0.44220853080607631       0.49989867750687483       0.48361651183505977       0.57544004509153823       0.62251486616946683       0.51314186559071517       0.52348251381322708       0.59999742869485828       0.52755762474929824       0.45771064229460823     
  0.79144582743197545       0.57551038039639757       0.45970967806401741       0.73488361045400330       0.70269222745029414       0.78773573433807986       0.70648914556659625       0.82104270393481737       0.75869384769282322       0.71002742425270260     
  0.56349197775020776       0.34396286911587254       0.67419660730522890       0.52064528468740057       0.57804677308919483       0.46802274613097938       0.38911351917538251       0.68502882663425479       0.45896851915226444       0.37178853695450542     
  0.80372913200962182       0.59245381790573814       0.47400288773177873       0.74737375088368430       0.72019406538281339       0.80077661298914049       0.71789014681741303       0.83159595091556748       0.77401723034457159       0.72576799021532634     
  0.50891985020746566       0.44546200013281595       0.55866393643397372       0.35745553331550406       0.59689306569235212       0.66225747487397779       0.42923081369901517       0.79090190685350881       0.51781311367458671       0.53648383749127049     
  0.81603536483821082       0.61099390973446799       0.48840730446318242       0.75990393803819356       0.73745115030323782       0.81339235011422784       0.72972674961528794       0.84057726116359288       0.79014297254379706       0.74064221355571980     
  0.53965767634475792       0.45437230633662407       0.49990171817202933       0.64655961604935364       0.77266088342408257       0.60922660254355998       0.54359372200501288       0.48270779097761718       0.40245013949801695       0.51321159964923679     
  0.82928556015252386       0.62984627229990575       0.50237209855749576       0.77298192867364179       0.75389292173174349       0.82626564365882815       0.73965725149522177       0.84897707683072987       0.80708740711715465       0.75441794644830840     
  0.55422505060476190       0.40905037750408973       0.50337870078099867       0.49317662458723804       0.53872965969970410       0.59574618966119042       0.51595675385346018       0.62948816141057495       0.36215812696193117       0.51917734993659159     
  0.84691983535200854       0.64902029985632670       0.51723891324464888       0.78550176493791024       0.76986462174670256       0.83850907130380137       0.74846863836239264       0.85768879819575961       0.82015366663258915       0.76944325400614577     
  0.56653015740973156       0.48310759867630343       0.50506716779494998       0.53665041314594131       0.57648801646661196       0.47138251728207919       0.51369032244102386       0.43104331946857749       0.36830926876329678       0.46412257294357628     
  0.86340850080682474       0.66776369830537208       0.53195274594127540       0.79882741951040870       0.78548646579891002       0.84909198996456658       0.75728313813388382       0.86746100550163974       0.83328866071041274       0.78787012654835198     
  0.58266740213884272       0.38733789720945150       0.44923278057885474       0.48271675795954738       0.52098836437058760       0.46432300573494417       0.51546235404144070       0.55210890764065523       0.44911168112346611       0.60351392574450857     
  0.87954735571746301       0.68575190520728468       0.54606836557683136       0.81261257323945324       0.80166073082669875       0.85717048670587959       0.76627440609711284       0.87767245392002102       0.84626476382880000       0.80718868721383541     
  0.44064559140225573       0.41601358159074392       0.57868119007895613       0.43980582255611350       0.53150810280732708       0.43364034886990516       0.52549586401471093       0.85331344677040732       0.39484613947198766       0.65736133851054468     
  0.89558908058821551       0.70397009984245984       0.55995579119695937       0.82577725292557402       0.81760034629400746       0.86617154605706559       0.77486246255237012       0.88873011942915958       0.85927849009521451       0.82331800842901459     
  0.65834602351795302       0.42521039030097818       0.39692108896859857       0.57607663785837071       0.41784823513277325       0.43846405732386695       0.34682345170242801       0.80059761667397500       0.40016273100499339       0.49922672208784330     
  0.91192352783224728       0.72223726131121646       0.57572902058662334       0.84171279533271104       0.83518169721100444       0.87486176972407215       0.78376163979347269       0.89806784024663810       0.87471648819243264       0.83877798101518175     
  0.58475511063702090       0.41163206410193365       0.44372437152661770       0.43618450029103045       0.60525178942069824       0.39449755953924981       0.56928464766056164       0.55398050096225504       0.43998402934564240       0.58108601913352287     
  0.92682353009298413       0.74162174800070246       0.59595373986426547       0.85748966208216448       0.85360439396534193       0.88227396646325662       0.79248897926718898       0.90792746666291280       0.88962942144708612       0.85424445551437211     
  0.61270777470317928       0.38935387524191589       0.49639533364694832       0.45137846947311033       0.56147411417026594       0.40401587160061730       0.45015141094077887       0.67946329172590925       0.53604174940311888       0.54045815547907172     
  0.93785028529261727       0.76119507201088443       0.61730537473403690       0.87403975713374937       0.87190393345913886       0.89169194786715567       0.80144739675568910       0.91694215839544391       0.90482928726985690       0.86862240575638117     
  0.48015286791078726       0.38495618293459760       0.59413390357861739       0.64723053821988275       0.53792264972490988       0.40572286233293642       0.41051884286308721       0.66697904301222555       0.44957606588570409       0.44104965176517585     
  0.94778171847077985       0.78180097788019098       0.63909299794607133       0.89277869431893053       0.88729134900343321       0.90184479347575675       0.81345997659573666       0.92622828522262812       0.92028832293271934       0.88299949961429092     
  0.52209628916887474       0.41654567261546671       0.45830585241673089       0.67902164996099124       0.46559832488654479       0.38560920426458178       0.46995018754185591       0.54125332411199245       0.61758336199431130       0.37242134805596189     
  0.95721535386352241       0.80362478075158006       0.66284520686998172       0.90924993402473131       0.90044872763205530       0.91262577131358480       0.82605271869285768       0.93717574622205724       0.93470568720003966       0.89689960414593994     
  0.46554219286797088       0.45871400488862468       0.50504544665987017       0.43136739627731591       0.59297134059732959       0.53360815386001792       0.52610356438620409       0.66865251945036630       0.35451959226532420       0.44491318360357313     
  0.96628508460924933       0.82676297913318508       0.69076245128694747       0.92201410160693409       0.91469300505526097       0.92586689709569592       0.83935023628924921       0.94856487986743532       0.94920456142684517       0.91113448201741143     
  0.64345224919532451       0.49232760410168042       0.63893096131546889       0.59362698299645211       0.52824632787930381       0.53086585381248286       0.48366090315627935       0.48699411224829270       0.39299496191848660       0.50139071731054385     
  0.97608010473783657       0.85098541810518036       0.72342075840808207       0.93558597276834743       0.92993604993406564       0.93925301773655645       0.85322047581157212       0.95924095076295091       0.96338829199430076       0.92853245095567238     
  0.56652991383463169       0.34936327330139760       0.53705042433015493       0.36754990605785998       0.57270663285168022       0.52405103584650681       0.59123702826978064       0.76373623348865949       0.38867564369592855       0.54640079265256503     
  0.98411942339286917       0.87740314372470296       0.75784175450273428       0.94922002295325236       0.94691419358836304       0.95271187393631529       0.86858738699942595       0.96839289260710304       0.97758354811090864       0.94527070921839407     
  0.50516230289981534       0.37375234219820941       0.68773015419482564       0.42996610206145369       0.56288047221641402       0.48499528328298741       0.41365096541710022       0.54160914943344896       0.37368987574756751       0.44927698493401452     
  0.99031779879168913       0.90601443533174664       0.80169383347432976       0.96376103693989623       0.96547996981407180       0.96597152622713334       0.88749606961245908       0.97790850489759817       0.98897246037998987       0.96303649822815818     
  0.57285329593510637       0.38445627599677690       0.60460008428140433       0.67858164614853012       0.49179928977489917       0.47602946624164677       0.36915195537543083       0.62170682828671686       0.38785913532980471       0.56011319528584436     
  0.99543057260419665       0.94605052370549136       0.86227838172496685       0.98204464160301197       0.98257517167785058       0.98242658218450551       0.92213312319029839       0.98859260354791922       0.99518811461624390       0.98155311478212204     
  0.63762621891898708       0.40375351644930857       0.70449932345594646       0.58416044077873286       0.62672552132260917       0.61550236105667566       0.57984229484771288       0.67830179736190499       0.39580485700044393       0.59383551591315742     
   1.0000000000000000        1.0000000000000000        1.0000000000000000        1.0000000000000000        1.0000000000000000        1.0000000000000000        1.0000000000000000        1.0000000000000000        1.0000000000000000        1.0000000000000000     
  0.67352049389617541       0.45205445499200497       0.65577764345277412       0.48062055899939221       0.52841731253250046       0.46910424340905993       0.37239043287725154       0.52919095036083608        1.7794508950007770       0.49141657487542445     
  -5.3973305620844521        25.227987355987366       -6.3476957570271555       -2.1763655663469397       -5.8377926797614377        0.0000000000000000      -0.27779155926667642       -1.3506161129259855      -0.86352837028028262       -3.4239350745187593     
  -7.8450079085041358        5.0418130872026596       0.44589590949488361        4.1317923405386896       -4.9037210184740427        8.3118512560288099E-002  -4.4205514991460184       -2.7577972295754094       -3.8563558953587305       -3.4989345298820038     
 -0.39233602232145592      -0.99251348443981624       -2.1220116239341218       -4.0933907616489336       -2.4411382211038042       -1.4278760089820639       -3.7102598125330308       -1.5180976682275618       -4.8568034702822711       -4.0295717247246676     
  -2.9361559370317614       -4.6379402712149753        4.9120057047622095E-002  -4.6698713924117667      -0.60679072793301936       -4.0624195893944002       -4.6376120346093757       -2.2215509558324742      -0.97106190343959786       -3.5711143639011165     
   1.3650564063702919       -9.7232853628603930       -2.6672075550303438       -2.5722527720267285       -2.2219298271981667       -3.4716362949584729       -2.0151061272168702       -3.2604783748338377      -0.98256545905295534       -2.6894004346271694     
  -3.0302060144720131       -13.526497908193752       -4.7657184410314271       -3.3011911974643562       -5.4353460255001895      -0.86543499445480598       -2.7396080130476368       -3.7029649142929033       -3.5555260158393205        1.0657814159859897     
  -1.5157173485894828       -17.376961807115091       -7.8185198157328148       -4.9636032076602072       -3.3841311766270268       -2.8564700842606352       0.59894680446593351       -2.5160176564748746        1.0752508711562492       -5.2086370571155989     
  -1.9045469968274453       -22.680457308660682       -7.7700786890102043       -3.5185584228949733        3.6357191462770033       -1.4441682305391070       -3.7735647498013831       0.51436027289501407       -2.8526375515616298      -0.54572432123987102     
   1.6658464957712948E-005
           1           1           1           1           1           1           1           1           1           1
   4.8831187912369049E-006   3.6042952809566807E-006   3.1977942598282429E-009  -3.1780100656918324        1.9039182615625445E-007   2.1040792786464349E-010
   5.0477811468535308E-008   5.2297068924383437E-008   5.1052886862028783E-009   9.5624396004183446E-002   5.1038224270749360E-009   4.5154893660712717E-012
   5.0000000000000001E-003  -2.7560705837892892     
