   0.0000000000000000        0.0000000000000000        0.0000000000000000        0.0000000000000000        0.0000000000000000        0.0000000000000000        0.0000000000000000        0.0000000000000000        0.0000000000000000        0.0000000000000000     
   5.3132112857353091E-004   2.1560936932408900E-003   1.6263226846080225E-002   2.5738017916531401E-002   4.0431805005916234E-002  0.46901256427962185        7.4375064216806022E-002  0.10078630664940846        1.2997876948579996E-002   1.1300434030944047E-002
  0.68735608190607789       0.67319629957879423       0.41030389612003676       0.47957706084170920       0.48883989517941057       0.63552349156095145       0.35476626722302113       0.33248995158702976       0.47222106224406968       0.37598491270688911     
   1.0629258204577477E-003   4.3544083224789070E-003   3.2965812276863557E-002   4.6360195200136865E-002   7.9413182532621390E-002  0.60544583030464283       0.11268250110119964       0.15452691762415904        2.4934619581979275E-002   2.2902484544937481E-002
  0.94154947098123187       0.89463757347540951       0.34863408330508849       0.55593825931668839       0.49155385916324529       0.92624885834600124       0.45766737118083817       0.56419013991216393       0.52286852694502539       0.38124965180336456     
   1.5942864429134868E-003   6.6158483212710815E-003   4.8426731538270547E-002   6.3249955490663992E-002  0.11798008105248139       0.66636315213937325       0.13308037951683427       0.18271487878716625        3.7517119302277330E-002   3.6688002897317669E-002
  0.68485253533625923       0.54901358680906120       0.37191208739526332       0.46696851277413753       0.43187493028103013       0.61258980285490827       0.39763227667213241       0.42524684257419504       0.43491286816201968       0.41776204780193343     
   2.1246742443341831E-003   9.1023590914619083E-003   6.4057778915598940E-002   7.9249889632783427E-002  0.15151029579913444       0.70932802334913414       0.14783342605054409       0.20296485146565182        5.0303687088771289E-002   5.3980520138765122E-002
  0.65996191737271259       0.52730530507936690       0.40733433698841065       0.52984064022934418       0.38545106884958624       0.46558680581921696       0.47491530453887759       0.41043567387117463       0.48966419945614115       0.50783593250849912     
   2.5805020681912028E-003   1.1491900011277693E-002   7.9182801273548889E-002   9.3025533596303972E-002  0.17853326360857588       0.74036511303397334       0.16073331347531178       0.22007428551297190        6.3289195178878016E-002   7.1197268850969150E-002
  0.65928401884290921       0.59189333949897460       0.37847611905051037       0.43777080280712566       0.49214066668499884       0.49034016727790247       0.42142553454544052       0.42838440074925055       0.62204241836900587       0.39202102571192893     
   3.0595365043016077E-003   1.3913137589059538E-002   9.1421409679167051E-002  0.10587596453493298       0.20396743396956904       0.76481995077910681       0.17232367767428458       0.23480288374547961        7.7331751850626990E-002   8.8239877901622965E-002
  0.58171962070528982       0.52659081264307928       0.35575379243206134       0.44353707306777601       0.50360968244759730       0.42569665478977647       0.40746273736540428       0.44616649730807961       0.58834058575971482       0.50028464424543273     
   3.6086938590737393E-003   1.6488381311175030E-002  0.10780661329815677       0.11819979219627101       0.22499537635264716       0.78390667845412365       0.18294857405294432       0.24850842590045957        9.2468111966900274E-002  0.10423029460761275     
  0.40447876889058582       0.53847415826402123       0.50466822919686183       0.41403327726172878       0.38932182793164977       0.41583687844381956       0.42200244260820469       0.38020330466107466       0.60603263601811774       0.36876109829776549     
   4.2069610560965063E-003   1.9264714904179886E-002  0.12455219762194560       0.12976093663344224       0.24688128214483532       0.79891763056303822       0.19423029465878902       0.26112500869395483       0.10798055008515675       0.11933350013921284     
  0.42167634521998881       0.46216797187935432       0.57395487876305540       0.38020521176894789       0.46582549520094008       0.45037262180776888       0.41520780861778028       0.51541940442962098       0.54651996048457252       0.39154706171439707     
   4.8332829746422154E-003   2.2181433608615509E-002  0.14239299369628602       0.14127408383464346       0.26473858040320142       0.81242255937741381       0.20348929869912166       0.27249887768099024       0.12437576478673143       0.13292650897662656     
  0.50941628069037626       0.43823780177185884       0.42444834613259447       0.37868315475945041       0.45001831821421451       0.31264586205309364       0.41792046631286239       0.48652454671723599       0.45403363210876280       0.37235059997150333     
   5.5440209629010178E-003   2.5057931953220050E-002  0.16034372976804739       0.15322652013901544       0.27854061123887514       0.82493538634296038       0.21177632475388419       0.28220660653674989       0.14097913708730439       0.14686197897188563     
  0.59064438211115988       0.45828005924309395       0.43384202269334382       0.52065552276679516       0.43090614502421293       0.38069300506909903       0.35671247732706007       0.48632664664055941       0.56793236549179693       0.39336224864593716     
   6.4291110977652173E-003   2.7975256623710493E-002  0.17719289841546335       0.16476509619044200       0.29095826357855115       0.83737858599452675       0.22061388491446265       0.28987230964426963       0.15546377493080252       0.16262766715369176     
  0.51567597844802382       0.41182690469509986       0.41767862224057428       0.44515411603566840       0.43603587454805121       0.45136366048144055       0.39542299981802043       0.37679682827229499       0.48834411211244438       0.43570375550028440     
   7.3433114006600892E-003   3.1066695771257299E-002  0.19359675688824327       0.17516238071588194       0.30279137547807283       0.84885851354935693       0.23006034757417818       0.29765874452689967       0.17016395045394606       0.17991387547817600     
  0.36872979893807223       0.44053581543163062       0.39642751487873107       0.37051029640782218       0.43975539568797828       0.39201842033671574       0.43679958385806222       0.36359214797306505       0.47323327434487683       0.39152407356647184     
   8.1349366689256186E-003   3.3876285587963385E-002  0.21026736602547899       0.18389446083527120       0.31483406985256479       0.85881237468751404       0.23962564153523766       0.30518767008543007       0.18479013029225572       0.19633606640931717     
  0.42886847625004909       0.42517314941158740       0.43200678856264491       0.40184996709554355       0.36238578659442960       0.37411449115417089       0.38249864336254963       0.33859978215185826       0.43093669920373207       0.43560978782471471     
   8.9559601154903887E-003   3.7090576804886616E-002  0.22736949450997543       0.19141125490405483       0.32588812106536569       0.86759542018225588       0.25007846981417925       0.31314996403608464       0.19841715045455829       0.21310610951296949     
  0.36088413541134357       0.42379039449185169       0.54185089302902167       0.36177623128343195       0.39637713652261675       0.35919143081673000       0.49160625035539612       0.31947237037830878       0.42869236436918168       0.42424942955052936     
   9.8695432773467772E-003   3.9982684285391791E-002  0.24455796730311385       0.19941698048496251       0.33708595665214647       0.87594683789338479       0.25975486398894659       0.32243290476772279       0.21153978012005586       0.22991513009277917     
  0.34151051089809920       0.39202635325995572       0.47975846661173499       0.33602134012415369       0.39271544911023620       0.43721825012020876       0.45797297773535539       0.40973050335520833       0.42780355212361276       0.42528316856731968     
   1.0869054260394454E-002   4.2868794856444639E-002  0.26091930816218423       0.20763606123882716       0.34822461974166358       0.88379942048309357       0.26859328154722256       0.33207077756283770       0.22565712658723444       0.24693527109955549     
  0.39839384984293980       0.37134204499395068       0.44983173127536669       0.44610025902293621       0.42901322007861592       0.37739876003816791       0.40764758963363251       0.39714749624452933       0.37501677776606018       0.46034311654738375     
   1.1969504326910286E-002   4.6589193338302907E-002  0.27673219111045683       0.21624523318887295       0.35943573759445779       0.89077992143674700       0.27642625241475016       0.34266729423520842       0.23818607778999587       0.26387213330553411     
  0.52844511016977680       0.45047576442823789       0.36967441234087334       0.33728574208833351       0.40148568192307077       0.35197280058734171       0.50769040512270192       0.50711278623469014       0.51004556614833851       0.44608579332106518     
   1.3110658591509889E-002   5.1501509323550909E-002  0.29246994772366297       0.22462339145265797       0.37041319458248900       0.89719118677862408       0.28323606872868345       0.35436403543064537       0.25088276485127209       0.28040088773298449     
  0.40255924514694441       0.49592379883181648       0.43650027248619305       0.33824581294183820       0.39387091873201918       0.36627334957500701       0.40438694755943261       0.49331686026447780       0.36784534578415407       0.44871241480124957     
   1.4212747669163093E-002   5.6491480801380910E-002  0.30790445644277176       0.23374840292760046       0.38059683080421858       0.90334409140614969       0.28954588601744119       0.36605726052564058       0.26414658923772372       0.29634351021304423     
  0.40787529503141068       0.44068436523121662       0.42505660519509808       0.39838227849415192       0.43049800203810656       0.44217460809526776       0.37974730040477012       0.44799662169831161       0.37204747357538609       0.42588719034309824     
   1.5337444524206868E-002   6.2063853255778137E-002  0.32327336840767640       0.24432845971871819       0.39044454716641636       0.90900445010290620       0.29587964290290497       0.37691648045949699       0.27758879381663421       0.31168301206952231     
  0.36374764056021469       0.41536823056029404       0.50974196723824095       0.49712445368448904       0.46220238717218287       0.35704395400464234       0.34196289064312446       0.42453431652366141       0.50475747365607915       0.37726212657689345     
   1.6630827826816685E-002   6.7713966504393569E-002  0.33973222651145280       0.25470475935142328       0.40006859456569016       0.91401638105499072       0.30290470715308543       0.38763666599248375       0.29074369551616086       0.32759983537022275     
  0.36051440358771225       0.41631463932019480       0.41820604169517778       0.40703316958434754       0.41775683791750490       0.36560892118041666       0.43694401063381300       0.42910245085879278       0.36244793305771200       0.44106972863374672     
   1.7938136370833520E-002   7.4064995027007766E-002  0.35721861497428126       0.26445169623756193       0.40830497260515819       0.91839425031876099       0.31033814682062522       0.39911485961575577       0.30498148292129540       0.34366677628848658     
  0.35605817919708416       0.45877668412763617       0.44191452850022872       0.38320458636760352       0.37630937430665745       0.31952238069405497       0.36735278394312038       0.44430137440755213       0.42513423264426931       0.35883647292388882     
   1.9130599460170560E-002   8.0355731847374240E-002  0.37350810952445401       0.27464304765114583       0.41543895722782287       0.92251261014935071       0.31809466440636053       0.41065572035606007       0.32073442127056245       0.35953276315948690     
  0.33472833719222300       0.47409874054313628       0.37265011777335105       0.36924609220808041       0.34266853020704308       0.31584217424225181       0.36584292998447854       0.50547479500397774       0.43580962028993531       0.39779373691495745     
   2.0349364285555123E-002   8.6536340122810224E-002  0.38911776112991825       0.28579179073299943       0.42219002960322594       0.92664865782887107       0.32581264166999491       0.42264251469801406       0.33755359389853051       0.37510084119309939     
  0.31330023700673360       0.43234094501673209       0.43299449609662849       0.42373475660265231       0.38215601514558512       0.39432546393026563       0.45200646256701338       0.48019527890953179       0.40060496595077877       0.50675822504072621     
   2.1878809589720914E-002   9.2765212576981629E-002  0.40531395982314056       0.29686793649856980       0.42898755403010086       0.93079574986641078       0.33430956142607299       0.43503668003743667       0.35449956737909616       0.39085509531994328     
  0.34503687005780992       0.34917839077885526       0.39159952295630829       0.40940128173281776       0.38901333429921015       0.35440401508823455       0.42627955747266444       0.44760345712306315       0.41333908225255883       0.40377972855163102     
   2.3641585643728907E-002   9.9080237295527077E-002  0.42170256342020812       0.30723609214215319       0.43547438331396671       0.93475758785707430       0.34269209763466241       0.44737321350668935       0.37143579393141513       0.40745823198947362     
  0.35388441571438289       0.37219753763124880       0.35652980025737968       0.37503472946290611       0.31846380446928702       0.33369053971635854       0.44341515547031279       0.51227247429462153       0.44179155449865837       0.45202676675060804     
   2.5689846956330704E-002  0.10593256638865813       0.43863975221070467       0.31734351032682212       0.44459738347655658       0.93848304199707966       0.35267079981616434       0.45931911174116802       0.38778873624268617       0.42486217683358790     
  0.46065959592252193       0.41453916144839470       0.53134262114053188       0.31301522993160164       0.37644781528044435       0.41947418078872184       0.50841393416597180       0.34940745186234978       0.35215304311475265       0.50682919256681902     
   2.7935364394041044E-002  0.11316769715948757       0.45502979015350120       0.32682551376934355       0.45421459024247690       0.94190566664587172       0.36216047891570702       0.47154220753392823       0.40451508291524013       0.44231610953343709     
  0.42287580072548980       0.32989534847261437       0.40699102538172960       0.36077968053377696       0.46720873847009869       0.33310295974801790       0.49369737815754522       0.41240603892355887       0.37945576425943200       0.38450624611090184     
   3.0242984701118671E-002  0.12101885068806621       0.47141644484177847       0.33593480813296184       0.46444233111411859       0.94514647085776671       0.37178298088799161       0.48345332435969185       0.42144687325915797       0.45938879444114133     
  0.33670722103341938       0.39498693266281654       0.59443401346241653       0.34832850789413056       0.42024823113750787       0.38419494497055989       0.43531121152151303       0.49970005991431088       0.41181641368208355       0.39924444233573814     
   3.2590425598752464E-002  0.12879160558507674       0.48595136073241446       0.34504247717950726       0.47521668916712345       0.94835293520910768       0.38098872467807327       0.49584817437848616       0.43890956003790438       0.47722984455756601     
  0.37817426917877384       0.38009091951055679       0.39768797816093926       0.34017442664197217       0.46667657682374808       0.36329615375553720       0.39892368818193347       0.45503356156147690       0.42939649991688694       0.45048384056644342     
   3.5039792166373672E-002  0.13754438522013204       0.50004512441846916       0.35435254752643641       0.48545753832538507       0.95132788874195839       0.39056694289772981       0.50863460309917397       0.45684948265532738       0.49180307435173926     
  0.38011433198701772       0.44844355189332219       0.38444925599787338       0.39247240702843728       0.53185936478225881       0.41043134594739661       0.47646665347489686       0.44730090134334344       0.41418876545485883       0.39770980910923204     
   3.7595793918325668E-002  0.14614351465051781       0.51414228311165067       0.36508286272022067       0.49456205324950236       0.95413347115898728       0.40015456802641119       0.52187993378454256       0.47403339489667740       0.50598894849442100     
  0.38767148191162670       0.39280344329544198       0.42744906191829674       0.35150999701131797       0.37162901756335703       0.34739707322920926       0.41995128184833591       0.45081028759589037       0.39593981596361216       0.42247055317324428     
   4.0407067448670085E-002  0.15518042387849001       0.52901612804198550       0.37588204790541307       0.50354999035813197       0.95693797676931613       0.40916564541374811       0.53564722684037802       0.49056648892474031       0.52016136270750646     
  0.32582907613635470       0.34997196734777841       0.45219261421025658       0.40653593156103651       0.37937008990372767       0.39479453951327831       0.38308298315979933       0.39001852506366474       0.37392556333641858       0.41635905074408974     
   4.3782893261583071E-002  0.16450463092597215       0.54554388552015409       0.38779798957418504       0.51184703634593443       0.95969675552756462       0.41934742689965204       0.54989365163805393       0.50750600065214724       0.53454410640245364     
  0.37135930462030298       0.29542741773147091       0.40974922113650564       0.39427743106029550       0.47670603197004729       0.34815569614500125       0.42736778163587219       0.42958657984702864       0.34259997293746075       0.38161769924452565     
   4.7433680400387070E-002  0.17478880886908982       0.56301457872582594       0.39930220079191892       0.52042825429972794       0.96227239796393504       0.42949992458745512       0.56414359087827248       0.52538762059091859       0.54940508282282141     
  0.33050189810367198       0.36084590093763669       0.41026530989405885       0.50068019353616355       0.43753580710697243       0.45944380731246520       0.42617023770292706       0.41576962316832100       0.37545587315238399       0.37742110900585146     
   5.1224119179263769E-002  0.18607631550297171       0.57950675179057332       0.41114762201869270       0.52979257416591596       0.96449674624854675       0.43973420050403311       0.57816149669250516       0.54315542287437246       0.56390631526238011     
  0.33446857653960882       0.36788637896277432       0.46103618509042893       0.39634074172530587       0.46265665804829725       0.40728655692713900       0.45549321198884640       0.45408973191797336       0.44251496244050498       0.40879888141156379     
   5.5190271505167039E-002  0.19932984229007134       0.59744086785479633       0.42242860579637947       0.53896006044230882       0.96659126090785430       0.45138368967966680       0.59269982423190282       0.55927524573793308       0.57875148043457569     
  0.42415030292963840       0.40087350059313087       0.44752687921355261       0.36376869545978402       0.57529816074731088       0.35759106469638369       0.46783860134182537       0.38915626831762279       0.32939701681707018       0.37048919124592355     
   5.9382997935763161E-002  0.21226026238218201       0.61125371455679633       0.43408901965477725       0.54772234494452732       0.96859619267991359       0.46354937948600139       0.60774906000411799       0.57451015327870625       0.59417612127645891     
  0.37203426200701517       0.44580107684046677       0.45070975213285974       0.41833843334046344       0.40476594644643354       0.37506097187046122       0.43415010938923698       0.47651737714228160       0.49695598275443814       0.45100651773879613     
   6.3864460779482116E-002  0.22489641594965473       0.62453461318513082       0.44667620866374164       0.55628017474128266       0.97060892583060221       0.47454601278704767       0.62298819080508816       0.58898455992960597       0.61005664647234492     
  0.41227496469043573       0.32856446542002837       0.43645909786190856       0.52424737372565045       0.41857801102763137       0.41591439860236229       0.39954133610768727       0.34029820166104530       0.35485584108421497       0.45043525263414763     
   6.8858539245020445E-002  0.23878908316525815       0.63668301411399597       0.45917926359425265       0.56454225848032047       0.97231999814263492       0.48482963736627155       0.63779099430118946       0.60405307595202251       0.62743298780878276     
  0.37506353459340119       0.38502779112562047       0.36310228516263354       0.37889873627156162       0.37079510930191456       0.39123355201676552       0.46773542487772107       0.38114461539621886       0.39372710648851383       0.43387578386674525     
   7.4337245700954638E-002  0.25382942301976497       0.64921556021053273       0.47326269597628334       0.57317646017670953       0.97386446704407115       0.49480499773708214       0.65261245246863520       0.62055657308990420       0.64535103586136577     
  0.42980002993677907       0.40881420164824855       0.39920902488679305       0.43098191080415860       0.41596041956737623       0.32098697293630762       0.37634838453309016       0.49247086443228755       0.40656880335293966       0.49836213041030136     
   8.0020678038977736E-002  0.26794170216010971       0.66561317355594052       0.48714937767237021       0.58134889443689908       0.97532775605523958       0.50526051501065139       0.66668161161356454       0.63452904832332280       0.66224762571656604     
  0.33735897460337549       0.32578140797632593       0.41449240979210467       0.36540470562173777       0.39976784068307802       0.42107948269992174       0.48552870086318523       0.44851191136042096       0.39834013482231745       0.46179983018740334     
   8.6179800612169358E-002  0.28258817024916455       0.68498729180715423       0.50121775354180598       0.58893840554610166       0.97663472721659406       0.51650699321109128       0.67931946349457839       0.64793897850677196       0.67941263315159639     
  0.44070480835587045       0.42820104387154678       0.42250702119044553       0.39751843765989359       0.36376052371311279       0.47105802798394264       0.43756860528517966       0.43563283981480633       0.40429443343130950       0.45402377819296069     
   9.3190867587382334E-002  0.29775973153617891       0.70360071541843783       0.51441797098551867       0.59672765764689673       0.97783375682234286       0.52768973117812601       0.69245494861037682       0.66104736108017326       0.69564996167559434     
  0.41229993494984613       0.37048487770570387       0.46641882776946847       0.49203018715010416       0.33979724520487292       0.34441527431619112       0.46252645069408188       0.40569356445744392       0.31529655824857361       0.46817196499186631     
  0.10100119691360782       0.31393404102619588       0.72061925798355164       0.52747579814870005       0.60470691175026592       0.97899034317166123       0.53832092975817858       0.70609856567789220       0.67510317870856773       0.71170561253591602     
  0.37597387845795016       0.39396615727573303       0.47392383942646665       0.42265576719738229       0.41508062036570864       0.36551893366360422       0.44601718318489686       0.42946370756553948       0.35545439405494372       0.52448645837724761     
  0.10909030780094624       0.33047978477542450       0.73746208653394718       0.54033356416554290       0.61276179261938990       0.98026527730976398       0.54874457346025518       0.71933897322061691       0.68844902626267956       0.72785950236247365     
  0.35852529459499471       0.39852349613535859       0.47244060495277074       0.35008073846983767       0.40122850596707915       0.38197015649113381       0.46358012650933356       0.33378416879370509       0.44893978710494542       0.45956309698213765     
  0.11816063340055802       0.34735025687645038       0.75268503073711079       0.55376948014207628       0.62266436661926117       0.98152367238154081       0.56016696446269276       0.73232558619142574       0.70459552374465306       0.74433084367881597     
  0.42698500331023687       0.34676868127529714       0.36771789574042657       0.38767485482890118       0.35654137091261395       0.38227597715819550       0.46100935332271042       0.45547799063581063       0.42367406545918629       0.42411652903032221     
  0.12811189939448045       0.36559248482011625       0.76609404373612122       0.56825564413491025       0.63292948061055998       0.98278007208770879       0.57117228458080471       0.74421362197769025       0.72116987715213432       0.76326696400446370     
  0.39927899965089680       0.35592733989180131       0.32339613177911591       0.35260022877236474       0.40927027820128670       0.34487389040570920       0.48125680467782572       0.33455317300245607       0.39385838222560254       0.41147642143689978     
  0.13917196338143903       0.38692175544755025       0.77812377424385659       0.58382362949638333       0.64538177806291663       0.98399492610192707       0.58196625954039349       0.75682539312868990       0.73741135036507222       0.78175273525377265     
  0.40694410614444337       0.41683064835470995       0.33061759274088287       0.43798989000796124       0.48630632351621317       0.45170777697986003       0.36745917476962642       0.33831688546948369       0.40481487482058492       0.41563901566216521     
  0.15113776305282792       0.41174932344386217       0.79103332643878010       0.60042102671612185       0.65788426833800073       0.98507172917643815       0.59297206619154652       0.77234671348048423       0.75267639128097708       0.79945754389138945     
  0.37135420679228093       0.38117827455787240       0.35051883162800462       0.39267237457837756       0.46416724250653363       0.34367494881049598       0.35158561456031007       0.40187901533468900       0.33995879527269207       0.39867942606132045     
  0.16484224566274433       0.43956817865672737       0.80325716416175508       0.61698970840878842       0.67096357755279767       0.98620165434778650       0.60395408586953347       0.78971665272847003       0.76859294847832738       0.81648758691304624     
  0.39091783303937544       0.37852618397183246       0.38113733336614292       0.52958123758473508       0.33752372823918964       0.42539808179673699       0.37749726172690612       0.40687571960361701       0.40696143095640663       0.49659335628188744     
  0.18045803370890673       0.47018167951967482       0.81393379421295409       0.63326292708931542       0.68463812810879221       0.98760776900896685       0.61501129479317151       0.80417362722236496       0.78496426030724409       0.83405534584645014     
  0.46653525427756004       0.42656784839651296       0.43398645742656883       0.42028689733471736       0.43547388703685885       0.55827354776444016       0.33690340557871540       0.36823293693612619       0.44022894591815481       0.39255453504583787     
  0.19849124501272122       0.50174606697366642       0.82797363834459259       0.64942937606056095       0.70091002050749773       0.98888947836543228       0.62666263968096581       0.81689143933365604       0.80259372978699928       0.85237060324175062     
  0.41666119225121184       0.39418854904667361       0.36898589185934949       0.45965854170212117       0.41076916992647211       0.52105271782268892       0.36116252358583961       0.37423098374248986       0.44188807527563528       0.38266166661970297     
  0.21908946555980563       0.53385425870199055       0.84432134099960299       0.66583961660127255       0.71844830949478056       0.98995348681843209       0.63970673367191710       0.82937404301008044       0.82095123897526090       0.87010102735342043     
  0.36783135893560603       0.41416240682962291       0.37745532986644453       0.39764502749519881       0.51826038255477314       0.46775702896438132       0.39905691147596561       0.39248705727918759       0.40844180509969269       0.63612818632480805     
  0.24130498738718537       0.56601871707174001       0.86109663882649079       0.68334392011421774       0.73600586442916149       0.99093185720754107       0.65528963228157522       0.84310767725000912       0.83891793991861308       0.88659456417007032     
  0.45400244872359108       0.41584143667148077       0.41149039113218561       0.54861849644144667       0.45405804463121263       0.40183599970051109       0.38801879879128437       0.35436570302191583       0.36994031225738938       0.35835146148289260     
  0.26480873653532083       0.59913238286458481       0.87738372686744170       0.70174678439209859       0.75395424054931692       0.99184483175145444       0.67133295629669765       0.85894091106400983       0.85710558589763541       0.90043128776230164     
  0.48236390857394096       0.44761143120931252       0.51670830919368127       0.40834052449120128       0.40255375243738450       0.50495733444147373       0.47374080288583365       0.36970643920652302       0.35099593484946467       0.38191549090975579     
  0.29131532519177061       0.63642168026858992       0.89377513533208963       0.72160020871468955       0.77266154894352779       0.99277321229248061       0.68742315670438237       0.87650166749519631       0.87578347089333430       0.91202516731036420     
  0.42757149729070948       0.38602080660099991       0.37800874305619309       0.43180102076764099       0.36114530879186457       0.46699432194752921       0.42822015003440317       0.49626272115598474       0.44503725737845268       0.35325118608860634     
  0.32191132735067446       0.67909000095962124       0.90989228626995833       0.74275101489901829       0.79403002242878706       0.99365035030438453       0.70386227945700908       0.89511796166834368       0.89545015532909988       0.92307713822497739     
  0.43230325449946633       0.37885716747685694       0.41931524158555228       0.55654275024832511       0.41366506827089161       0.43382498475723552       0.45625165476870977       0.40774389873796113       0.42349325864579718       0.32390011845651673     
  0.35796600776968635       0.72455211127694252       0.92548289685261986       0.76410756126033397       0.81918809190281461       0.99459535006536703       0.72259929517457211       0.91384328385628621       0.91548607734388121       0.93321768241086211     
  0.43659984057799389       0.50303895404611443       0.47541313724713058       0.46522684462553587       0.46727826914023740       0.56346358512021733       0.40766582624471320       0.48378963485538951       0.38074798591858994       0.38947685123194664     
  0.40494033728595241       0.77507905940856547       0.94103426157003978       0.78595376458920241       0.84606544075238455       0.99567323200626745       0.74305494215631163       0.93162520847245811       0.93506653812830365       0.94194265297932533     
  0.44591522674171252       0.40729716595633919       0.38456261484880655       0.53489424130440477       0.44105144795786921       0.67526872382988623       0.42630591511461929       0.56376221190267806       0.39547579425062501       0.36386184837808150     
  0.46539204530998923       0.83358684777918501       0.95687443691375851       0.80870639204427386       0.87839223836456592       0.99673856039580477       0.76761066307561010       0.94816551095040125       0.95139697471540086       0.95602039030157804     
  0.49470689701446496       0.46047603600274911       0.58644009283080023       0.42048533771456476       0.42438349275323123       0.56823679583043996       0.38766027750916499       0.38453558640501706       0.41023092175993647       0.44775003376955697     
  0.54286938782813543       0.88942163917184380       0.97328892492186470       0.83608081386485311       0.91429666378564811       0.99784286004060496       0.80510931303679845       0.96503260707319616       0.96851069231440756       0.97065617530752768     
  0.40457082162947172       0.41673469408241054       0.44239527709961535       0.56300164450919676       0.49491066469276462       0.53932367196453512       0.46240408833739466       0.44707748631616212       0.47871901132137662       0.36626778008053534     
  0.69696651708500301       0.94680449556436030       0.98657354681772391       0.87936103446116309       0.95308775632862930       0.99893352582527251       0.86969722794585946       0.98245515499658520       0.98459066616202884       0.98555098248507622     
  0.51590960816137421       0.43849445783790070       0.41599417801750455       0.52923323840719760       0.43383206021472315       0.68273965326755681       0.48863413914810849       0.43897857348435659       0.39259672463498096       0.51153238920767219     
   1.0000000000000000        1.0000000000000000        1.0000000000000000        1.0000000000000000        1.0000000000000000        1.0000000000000000        1.0000000000000000        1.0000000000000000        1.0000000000000000        1.0000000000000000     
  0.34713065986949126       0.42430186170889406       0.37490505935318369       0.65601896497537338       0.48638862729749194       0.51826062400750572       0.39985526091673634       0.41688783255372847       0.40343128004966983       0.49774245353233937     
  -15.308876905938684       -20.577243526001357       -12.210881761789384       -12.227745707934201       -14.769157201285982        2.0965211868401190       -10.960995016842281       -12.722711450328706       -10.978381617702215       -8.0101541630954927     
  -11.929251461661568       -13.617096197073545       -10.503215017267749       -12.776881178900737       -13.911445064282168       -2.0223902247141754       -10.059832931918383       -9.0093554204009738       -11.183909544768163       -9.8504986077857115     
  -9.3169691821570666       -9.2678401093059115       -13.873707935104720       -13.068386429254398       -13.769258154406877       -5.6626877099082167       -9.7131142967289836       -10.420140014131215       -8.7546997828535549       -8.4617274024329774     
  -6.4736229975575954       -6.9600393451062255       -9.0664890600760586       -11.182964073349076       -10.473106307069004       -3.2912452193808268       -9.9712440210131188       -9.2640353472463950       -10.941603683250445       -8.6916102670234174     
  -5.9888364591457055       -5.1239901089634312       -9.8094557131039846       -8.5387623338891636       -10.991623318928522       -3.0316333828805653       -9.7917285751302732       -11.562116609603267       -11.988126377435595       -11.424145056587731     
  -6.8952628621493304       -3.0413969823500135       -10.194692356901891       -10.931266983963017       -9.3435990786480758       -8.0287563277688250       -14.549413056341686       -12.387087107528878       -15.149834602518981       -16.233294930600831     
  -8.4293806757515224       -2.0681153712482874       -10.802704372028128       -9.2796886244168952       -9.0349639914158661       -10.159896785323879       -12.744985036842003       -13.050325572590850       -9.7363167064332892       -11.671027150944610     
   8.1617973239509851        5.6166530212445531       -11.983729733433114       -8.0712752968309065       -14.948499863291191       -15.752996602671146       -5.8589407130781339       -10.985655137946120       -9.7063656249135999       -12.896544610160877     
   3.1688807716178827E-006
           1           1           1           1           1           1           1           1           1           1
   3.8611498662294286E-006   1.9429099855707915E-006   1.6805910176955893E-008  -11.803694633634398        7.4995912872812266E-008   1.2966428588710864E-010
   4.5878081911967755E-008   3.0335449071595931E-008   7.3853881306264797E-009  0.11868991041617512        7.3837064057495306E-009   1.0233458657084737E-011
   5.0000000000000001E-003  -12.325787093968140     
