   0.0000000000000000        0.0000000000000000        0.0000000000000000        0.0000000000000000        0.0000000000000000        0.0000000000000000        0.0000000000000000        0.0000000000000000        0.0000000000000000        0.0000000000000000     
   4.8743138601769478E-004   1.9922699823444728E-003   1.6110808691195862E-002   3.3256255455594227E-002   3.6786699881899490E-002  0.49650464112676534        9.3221446459183455E-002  0.10049505611611451        1.9521693699842139E-002   1.7593699823386138E-002
  0.44619923293245001       0.60532879550777308       0.37385367796773666       0.35345171358243632       0.34609799397652841       0.32020563679118896       0.34706382318520523       0.29234494804757993       0.44549818852030182       0.42766023312255785     
   9.6323857593977780E-004   3.7537257241103609E-003   3.1862182084950563E-002   5.5927709314962513E-002   7.0176355865504067E-002  0.58426227974822253       0.13318610995183350       0.16016308583025776        3.7403620136299331E-002   3.5472926863061506E-002
  0.59098568007703833       0.43171750685137100       0.34768807501995097       0.46684349263485764       0.35701546687255065       0.44445498501307124       0.34405006179185077       0.37332734829461917       0.53456550961120586       0.38540677864504896     
   1.4183353470435373E-003   5.3580596193350200E-003   4.7556552696671174E-002   7.1106058965376390E-002   9.9483130597303376E-002  0.63393186323000561       0.15312351567712268       0.18430374551105086        5.0707405167112113E-002   5.0682468975804702E-002
  0.51593219037545079       0.54379295036870845       0.35397677781217995       0.29876242320223145       0.41721832115136753       0.46265487453870952       0.31460322354260689       0.33832174023904371       0.45102449965025310       0.46157180639038276     
   1.8837053251642799E-003   6.7439319024996443E-003   6.1700469517695124E-002   8.5680127532815120E-002  0.12697587762639129       0.66821451080463679       0.16979499947654789       0.20302243594002611        6.2721027354595685E-002   6.5864409853089001E-002
  0.47680237543021053       0.47873133954128427       0.38091124937277054       0.39996198289376483       0.39258029866485050       0.44425325147259837       0.35943158947904830       0.42699399013969341       0.41136859901278522       0.37886361684957082     
   2.3801771963411207E-003   8.3793172656358023E-003   7.8644330483823716E-002  0.10172513143677189       0.15057461265142746       0.69404054562413675       0.18589108055455519       0.21956162890333705        7.3120258824313125E-002   8.2432762238333471E-002
  0.44501121720013298       0.51379057320520338       0.45146509467553175       0.45512193283729868       0.33200005076758105       0.37671000467669624       0.41432751368788812       0.34293788681927728       0.49555940389390357       0.36705185443426264     
   2.9035729488399030E-003   1.0106368120414584E-002   9.6673795928838333E-002  0.11604427033831484       0.17251285290806681       0.71704456959383811       0.20024581270984743       0.23556684933366007        8.2843097032841623E-002   9.8981149309934999E-002
  0.50788507591069088       0.42900240842391330       0.44107889785967802       0.28438610984314944       0.39970968864958401       0.32260895896198077       0.33481508341758548       0.36724008088743348       0.31308169662333407       0.38152857126417034     
   3.4887897517160709E-003   1.1859344894626435E-002  0.11517129928379490       0.12864923889217933       0.19478789121543871       0.73695920298537265       0.21328675233788963       0.24908418691099776        9.3612893812777570E-002  0.11581932439004494     
  0.44239020739166274       0.37618012742247481       0.41007459228268017       0.35088394456201305       0.41056795364477044       0.37580980981166939       0.37819184754492535       0.39496507916227952       0.47362832398278992       0.39770532148347987     
   4.2055543457718341E-003   1.3645239631675006E-002  0.13338117172738181       0.13932653671557202       0.21532614676448802       0.75841146649391633       0.22767088416235781       0.26117416360189616       0.10678006787862625       0.13312421235516045     
  0.51218051853658830       0.42906690287410587       0.33578028276765914       0.35141166344840175       0.40849657653483828       0.42652027818278737       0.32102201511194128       0.35806524181056171       0.49039318970253376       0.34158668978469769     
   4.9852655961617302E-003   1.5460697269043519E-002  0.15125250016953945       0.15067272326277673       0.23449399060325951       0.77743571393902888       0.24301316069352552       0.27310875093143705       0.12058764121078608       0.15019631119807719     
  0.55649452232204233       0.39497810170159309       0.39591379271809574       0.33632522280984628       0.35909937428496774       0.34566440385133285       0.45381466922940511       0.39020260780415689       0.35364329724302818       0.36422694709135345     
   5.9399353652739451E-003   1.7432481039610499E-002  0.16595028378217766       0.16559481688336261       0.25300521024419315       0.79368096959090406       0.25784752307233627       0.28501442192998527       0.13319249632934688       0.16830730752910217     
  0.50424267174324355       0.42926705614948207       0.34962654278682986       0.33349607191488845       0.36284406892528648       0.42556366277091934       0.47437874924381979       0.39690854779575341       0.36495932162981742       0.42117484319551746     
   6.9506328051932862E-003   1.9571418055050499E-002  0.17895726467072728       0.18039973027849657       0.27125836257787883       0.80634663720828326       0.27156755233354141       0.29696432451677973       0.14554199102503490       0.18768318129799474     
  0.41162103000067352       0.39939495183849211       0.39769262364548807       0.33337663488535030       0.44500325297505150       0.35331202268088380       0.40215693225820848       0.39086809394814687       0.37499480906377175       0.40221303274698622     
   8.0600428672092869E-003   2.1883666913172770E-002  0.19270490617288250       0.19584712897479511       0.28844123355192269       0.81886957845197494       0.28416386992925963       0.30536399591058455       0.15909241888688272       0.20703225568346570     
  0.34392879755906597       0.42717077757982908       0.33188249183999807       0.39334819078601313       0.40450453353058707       0.39031985366203631       0.36899657658303742       0.41433224500550564       0.40118982108890899       0.36627344215735397     
   9.3724383857360094E-003   2.4199443193827122E-002  0.20740139676140740       0.21042022986320108       0.30473357841039722       0.83061786261813497       0.29565238671272082       0.31325718150501625       0.17401136702591502       0.22583349324425150     
  0.42738339345352178       0.34505049456836712       0.42009777585993141       0.37516287012026722       0.50374389898266414       0.34451449530890821       0.42479815876416049       0.35247661063581398       0.39594379097358545       0.38527737695136610     
   1.0827120076240525E-002   2.6299069190219251E-002  0.22195189185849823       0.22581428241625223       0.31980332039774789       0.84170501314783197       0.30631477578710881       0.32041253978076595       0.19010294924825594       0.24452687142486110     
  0.38505316582348664       0.48102188138083890       0.46457965424390008       0.41769239512282136       0.48132880890301433       0.31602649318071846       0.39999600209517583       0.39447035695949578       0.47987350602876860       0.40361055901188242     
   1.2353307621385812E-002   2.8510173335318988E-002  0.23615540769944016       0.24047041226089982       0.33071314291514325       0.85194651728775772       0.31759291557632829       0.32837285819746997       0.20686780978833044       0.26343564329708735     
  0.32896565433051095       0.38463043919463830       0.31677297357969364       0.38468378569065004       0.38010252920620963       0.42165104609356047       0.41589826708748129       0.40223968233560370       0.40874027026928045       0.36264668707313852     
   1.4023210765290329E-002   3.0357167908202212E-002  0.25154616783512318       0.25475102967200580       0.34261849573430692       0.86168907066328637       0.32845338819507341       0.33896243755481809       0.22277244730669377       0.28186847566795115     
  0.40873671886430957       0.40006094239331252       0.43498090922269322       0.36622279093141125       0.31311781386604792       0.36806725939154100       0.34899141794755972       0.40134126721332147       0.43954485181854630       0.36937732327319017     
   1.5743089884860808E-002   3.2465306123460443E-002  0.26713600808789523       0.26954088677076593       0.35382140273300583       0.87102078281144801       0.33930175553081798       0.34728283146004518       0.23821347380001873       0.29895876335441318     
  0.35415698436685983       0.38934987034744983       0.38393620866463335       0.37065032157350825       0.33078497951864266       0.33759777303808935       0.45264206223454423       0.32786142775515958       0.39749987937592923       0.39459205695555244     
   1.7579818578116725E-002   3.4912194218650335E-002  0.28318673135431516       0.28471681844975233       0.36448123014963207       0.87974450077044253       0.34963334199056045       0.35408567691665377       0.25260689718080181       0.31256457685783295     
  0.42639902646827949       0.36358261095936795       0.30441208920754370       0.41630208466977148       0.41422285637332668       0.41299595358738239       0.43302302427581796       0.40021257858556103       0.40436049905101035       0.35057072187627331     
   1.9562342301887019E-002   3.7657450035235095E-002  0.29940193156616307       0.30062278877295151       0.37500358215378643       0.88739491072857213       0.35933254941073212       0.36190626320704178       0.26564188852118964       0.32497707117088381     
  0.42635793623631413       0.38499693055067952       0.33869022399625792       0.37173063863511235       0.33063609465660915       0.36720296446482042       0.41311165611750228       0.35707287786880121       0.31256903283764120       0.34973220426337437     
   2.1611684841422618E-002   4.0779229357382936E-002  0.31548858148373388       0.31490849444199659       0.38559799307325193       0.89426606073787218       0.36809593473314606       0.37086280258159338       0.27837925867260305       0.33826828998408814     
  0.35934169643463654       0.51521844803823769       0.39674455505773237       0.40284268805987522       0.41633292732180693       0.34413725713953569       0.36676937677124782       0.37161013835177492       0.32409355634772452       0.32877084922992689     
   2.3809052614976765E-002   4.3764933246793099E-002  0.33207167293362133       0.32754776043546502       0.39778892759104301       0.90089201964668908       0.37694402337930494       0.38103851869483912       0.29265811286135834       0.35348200422167875     
  0.31750529926620041       0.36710865384540248       0.40582883196472935       0.39422041224844218       0.44428134821102616       0.30995401352409163       0.35855281211870671       0.36507119930724435       0.43463545933746817       0.37556895381496047     
   2.6202574710190048E-002   4.6748686539238880E-002  0.34960097275820795       0.33984825833044213       0.41027757391451564       0.90712406683739377       0.38562095241943850       0.39162709794688660       0.30795429288747317       0.36916104317917087     
  0.34224349761788053       0.45447233988715363       0.38082310532024832       0.35107333261846413       0.48957880271924198       0.28253007220848941       0.35672669525062212       0.36891286199124690       0.37784261938760605       0.37163948295302351     
   2.8668459648510322E-002   4.9741994729999822E-002  0.36659621069690868       0.35275743562787626       0.42230135987032758       0.91291289886712168       0.39399353246730284       0.40339786836127445       0.32276248188129053       0.38212464680188185     
  0.36462357714227450       0.40378066721656719       0.38276773099747546       0.41580794028535134       0.48408371838868092       0.43191664861837070       0.37932120310234096       0.56758208465368731       0.36822614266880682       0.32211777192333596     
   3.1233075383176035E-002   5.2950550364348821E-002  0.38121795680015819       0.36703555943708993       0.43371617451081301       0.91833106333683678       0.40286682478615798       0.41477438290281399       0.33822325586207308       0.39313661742084433     
  0.31531164541408918       0.38261971003693585       0.42124818193124253       0.32754687918895287       0.41890160751662575       0.39290809132850651       0.36937192553212622       0.34199556171219669       0.43156011272957295       0.29399340839503768     
   3.3997826158099785E-002   5.6223127170705094E-002  0.39462385150438783       0.38240363716502729       0.44456702045997792       0.92342648998519428       0.41160857797933259       0.42797586788352088       0.35172928129970399       0.40090640823551943     
  0.32615525589557764       0.35867874329422955       0.36012217999816282       0.37682966321825306       0.37907561145674168       0.36605191619393623       0.38046718836837523       0.43370600391808156       0.38205118690581513       0.32400128298880815     
   3.7026594485779080E-002   5.9542113366977234E-002  0.40817251837277602       0.39636589277060447       0.45462805431310582       0.92822567841182468       0.42108114093909205       0.44035174496902013       0.36520013332109247       0.40929220438854069     
  0.39728726081949850       0.37096310061695326       0.33102238412929064       0.31524583449744986       0.40815636765560859       0.35175412613578660       0.48840915196951634       0.43514245073304381       0.34123189062133841       0.32320703314261862     
   4.0328123518923842E-002   6.3886739163815473E-002  0.42300885829186397       0.40889647195523743       0.46424889715581208       0.93267412898856195       0.43159343606770878       0.45300445507465309       0.38050258094309136       0.42031263608262481     
  0.31465353474519470       0.40838574258220367       0.39381153982842282       0.32307714319675024       0.39142202872639359       0.40787777317070811       0.42308910183253812       0.40993649060106574       0.38760051754846747       0.36603090206800398     
   4.3789965685425009E-002   6.8028165708458571E-002  0.44033626009595994       0.42129751506918672       0.47405088151235170       0.93684397102372563       0.44202116623692189       0.46647917071264422       0.39712467980339250       0.43454288656755391     
  0.34706275398461506       0.41273594721483153       0.32368241675588300       0.32162540020013469       0.33492127249223080       0.35390421873464489       0.49553958785720192       0.41835739516997217       0.34649867970528075       0.37081204792171424     
   4.7463941103911472E-002   7.2154809078680826E-002  0.45716208215882742       0.43383887354570777       0.48381744842742086       0.94062720654766152       0.45202607280037488       0.48020767963633293       0.41469810220213299       0.45011737937465651     
  0.35065924059578185       0.37121091537235434       0.44444406571259160       0.34060233517519245       0.43418588622851895       0.32990690834266678       0.40547203482258082       0.42701411526117355       0.47175688194141208       0.43071508826874400     
   5.1535220957588009E-002   7.6354198534808668E-002  0.47290940249214231       0.44793955569010280       0.49388262120388049       0.94401399898624228       0.46157964502129351       0.49425558510740203       0.43222057675882897       0.46660227861405179     
  0.30480707831057263       0.36261143907433019       0.42578433776851482       0.47504337297035171       0.35971700076674828       0.36761867602749787       0.35336708800135880       0.44123814913618181       0.34654651610327364       0.36819038145448141     
   5.6105100788683276E-002   8.1071675595546344E-002  0.48960807515663751       0.46315264800244865       0.50430163609419498       0.94714349749301241       0.47072426106681786       0.50839266513354531       0.44976644868508320       0.48358112244324758     
  0.33897358477988537       0.37589891225545485       0.36458736900749478       0.38072717603146161       0.38728757158919969       0.33042288971580897       0.39446881110121973       0.39635491900849729       0.40212706449321162       0.40191725480074270     
   6.1200362862460847E-002   8.5287522486249448E-002  0.50747949259814129       0.47823901817360870       0.51423004720000698       0.95008957510716208       0.47967511923975692       0.52200609808405962       0.46779062076383632       0.49990594079068496     
  0.35892233236659282       0.33444722271560046       0.33679007040393522       0.39018560957744214       0.38188770523103371       0.34270618074023479       0.36447503344199100       0.38003560400596353       0.39693571322719418       0.45504158192665123     
   6.7001683669567449E-002   9.0175396010199124E-002  0.52518942388465972       0.49412921850277275       0.52331894129190626       0.95309855291232037       0.48843279566131143       0.53486831815199276       0.48588688017360421       0.51581741654645452     
  0.31926497192481362       0.39138764549702132       0.42951181404963684       0.45283915429841265       0.33727836164728930       0.38224167387862712       0.32823771260018275       0.42181399908824241       0.37939807172415135       0.32588480802421177     
   7.3758734948663945E-002   9.5175015592913040E-002  0.54400033683641746       0.50924916998277714       0.53213629452597588       0.95600402118457295       0.49725595133833211       0.54790993649647801       0.50356852398653218       0.53091228726030470     
  0.40544733583436765       0.45392704073408535       0.39614033076832744       0.41785471254986356       0.41318940935520176       0.38430203741293262       0.36383376987739946       0.36151391960273743       0.43822459955119797       0.43371306100300372     
   8.0218847511863867E-002  0.10038378371024807       0.56299232919453479       0.52173219562646889       0.54093042544448777       0.95885084590837477       0.50536122000725026       0.55982304776816472       0.52120760829057589       0.54411512057706679     
  0.38057087637236192       0.43185367844991018       0.44702355439603786       0.37076067019294556       0.37569456172519683       0.31352461988471697       0.34144747093922867       0.38373172084571022       0.31759744474761215       0.37223533499022704     
   8.6722336765301486E-002  0.10620845876258822       0.58214817619314718       0.53424310987224710       0.54903612517549072       0.96180268578542949       0.51242095713947211       0.57242627384117595       0.53889265264148400       0.55706859434365819     
  0.36035457521748609       0.37500658731724462       0.48514874576317785       0.31783342540317766       0.39859861242138972       0.40572321611700801       0.37577173666356078       0.38732674530904398       0.35117404080534997       0.37081873434925805     
   9.4402289009707333E-002  0.11235143788602928       0.60206756948180884       0.54648825655559619       0.55672028298449738       0.96456214142944818       0.51949964681072724       0.58452020032732099       0.55669085290951337       0.57045618354254923     
  0.34935756878926666       0.39105441692324916       0.50991694936059007       0.37546180990392397       0.38402900774995929       0.44219137708312128       0.40387537471943463       0.36987987185336452       0.40571949826288806       0.40772465482283043     
  0.10322614386279240       0.11908844323718776       0.61896387652283757       0.55917023245903275       0.56395744022792127       0.96704357356441040       0.52763007204261581       0.59674341226392991       0.57473608569534873       0.58487187749440017     
  0.31118796097911455       0.40155336746848425       0.39988547522204537       0.39583597772315265       0.30389488754898958       0.45357510470747536       0.39482701992311464       0.38247188683534933       0.38900001833581821       0.38807606658113825     
  0.11283543410611931       0.12622433902675970       0.63452491794837718       0.57164645875001074       0.57102625226252168       0.96939335974742968       0.53645475466164916       0.61021360494463039       0.59300023004941504       0.60159025716974535     
  0.38372233820355695       0.48217365770015541       0.35614900952588990       0.40009722936252307       0.31952515182049951       0.40743917445232047       0.38929087561673559       0.39658191704025142       0.33869879801007030       0.32519473368471713     
  0.12292424313813723       0.13356603068798562       0.65047938230951141       0.58389628736665733       0.57813235970170829       0.97160757978302081       0.54600951085364036       0.62376942680951220       0.61112459828290322       0.61909163065109751     
  0.40727506210084924       0.38080348202827735       0.32221682276029850       0.33791403241453927       0.34997076160047663       0.40195648764220465       0.46551179770356926       0.41346405126238672       0.36732219007812467       0.40227967087441385     
  0.13338032104381067       0.14096109116817884       0.66543052155050264       0.59629690100249733       0.58638414037596565       0.97367265673437464       0.55636691858948140       0.63785314489830269       0.62903431284006905       0.63457552998803335     
  0.40387039600158881       0.33381199925763005       0.41444924956153778       0.38503531917879341       0.32575315487997336       0.34488857617749891       0.42788484807864507       0.37406635057742937       0.40462042215769906       0.33975839894569787     
  0.14471326154689870       0.14854682647001308       0.68055821508070025       0.60867837855045348       0.59429362836650002       0.97576425005085776       0.56621562686928428       0.65318568262354426       0.64632037742583159       0.64962551455295570     
  0.41821660767785634       0.30753022196918911       0.32910681412894632       0.34326730378528963       0.33910537532902457       0.39377368187843031       0.46485715771142644       0.36885378451512280       0.39924489820087744       0.36781968824281680     
  0.15767529214032949       0.15635981907126945       0.69698654880058919       0.62013039629950406       0.60365739399764906       0.97769910904912360       0.57526285785196385       0.66863298143248429       0.66287111448641356       0.66475500419454348     
  0.42288016910294640       0.41542175924454544       0.44216633695121638       0.33098353476527959       0.49424368714097089       0.43245541596854159       0.40709920560279689       0.37869983329553292       0.39893189530923295       0.36631121168287700     
  0.17228591001970983       0.16430036580940818       0.71416022428684256       0.63166926641582211       0.61423286244391062       0.97896505568811365       0.58372788613536553       0.68368480073496640       0.67823703974316130       0.67974130742109895     
  0.33268549094332772       0.37159549091981603       0.38057420225226929       0.37804971034170942       0.39496468043572874       0.34138511830428730       0.31870290370908455       0.38440425558986741       0.34523343941736667       0.36732381052975982     
  0.18878312662098667       0.17343630802154905       0.73104515372846168       0.64290886017532778       0.62447756980658453       0.98036674240414323       0.59319763022255212       0.69917628440981339       0.69332846712471941       0.69547800087963307     
  0.34648674181758676       0.32738018139151009       0.36376660118215287       0.38441628975752051       0.49164863716451473       0.37685476840283755       0.37265647398288476       0.40304408543502368       0.39908435703266659       0.41287721115399839     
  0.20644500813802083       0.18392431509444493       0.74798998696401486       0.65321881779385882       0.63370389225612167       0.98173765114184064       0.60360185238539077       0.71528284062932179       0.70837444267285155       0.71003196100202959     
  0.42326127467466351       0.42512470384534484       0.40763035304912376       0.39638924907844986       0.32861173252323067       0.41609370892432357       0.38814368834660151       0.40400697879112879       0.35008203000507127       0.39361193068606848     
  0.22500395560188491       0.19453060386863813       0.76407725853761632       0.66410240213977623       0.64408815591084456       0.98304596154894164       0.61452263957298003       0.73123417543676095       0.72395615212905107       0.72521541249014843     
  0.37615639404761919       0.31658982462279650       0.37725440045982378       0.37386469400178207       0.40126831238200700       0.40120178243609567       0.42819890321906745       0.39704694620115083       0.35706537270669914       0.51644395251802810     
  0.24642115121159192       0.20494870934992365       0.77945066284247588       0.67569981077596764       0.65603788558158971       0.98433781645292118       0.62639291919433449       0.74712951258622828       0.74018849474582771       0.74113269684712157     
  0.37787577526913285       0.28370556963945559       0.39981452579047311       0.41678756302328718       0.39661196887279315       0.43525672952165800       0.40823445665479619       0.40481684143670726       0.34318790406733124       0.38369449831534430     
  0.27014708054642184       0.21690721871036761       0.79352496117762183       0.68650016428748351       0.66900988158256935       0.98559366313825369       0.63764402197712033       0.76376701342067788       0.75702235790983896       0.75929504280580140     
  0.46756246532332396       0.38659840521382066       0.37516352393166624       0.37532764240925598       0.37243586589412808       0.35093892883969352       0.38498076263282283       0.35515081540610832       0.36144530659074581       0.42394159342849058     
  0.29611636640898081       0.23085075271040925       0.80808268155609364       0.69810068185164686       0.68391183027456293       0.98670755439980429       0.64807316802380310       0.78294503003569083       0.77323693989767894       0.77879323292440850     
  0.37759975141350355       0.32575870724193418       0.36808452040658801       0.33067985157280727       0.42608483367611327       0.36677203214944720       0.44386147601126419       0.39655421216772307       0.35778126900083945       0.46130672136090517     
  0.32381472233836528       0.24577289610238623       0.82345118131321837       0.70988527672322332       0.69943754717793327       0.98773762197345427       0.65824761266715481       0.80195245777519819       0.78946878523933284       0.79839675817176614     
  0.32861624661413696       0.39939355996762710       0.28319404677737464       0.38472610595118412       0.31486243642799644       0.36938075369474438       0.38372054475309103       0.41747458741558657       0.34460676135071172       0.44544030482443775     
  0.35003584386968034       0.26132575067431335       0.83820620006735391       0.72197705861517958       0.71502287138719056       0.98877746827523272       0.66857551620940625       0.82064716644024926       0.80666988287642594       0.81808088708247340     
  0.40421404627555618       0.39378729198822404       0.42455734246053389       0.42331225116656129       0.31458891836907416       0.40625855165342828       0.36018566178188410       0.42649815617712084       0.39818066081904813       0.37462794551127132     
  0.37685043688140840       0.27953944880923315       0.85277671889985818       0.73410846185229484       0.73052872766105148       0.98984790117697430       0.68020953697122255       0.83917589613724852       0.82389882527787228       0.83794791956536063     
  0.40053268603192049       0.32020563679118896       0.39396513754776630       0.49017349137324240       0.35785845629649332       0.41531595810994992       0.34739080355341750       0.42016966578421372       0.36221758272047344       0.41720814799192352     
  0.40720149428214542       0.29960004011878433       0.86580280287907496       0.74583759135797745       0.74438502262566320       0.99093516360934497       0.69117394256644871       0.85563133024269633       0.84128582550754072       0.85726651633584294     
  0.35040086037846280       0.40688517408436836       0.41214269677214810       0.33169396484121860       0.38132815631948785       0.42842972655394596       0.34796517691903722       0.35879806971526623       0.34683437613723644       0.41445420654197823     
  0.44012292947191911       0.32163600535111159       0.87876916115827475       0.75793533639575084       0.75744296027326108       0.99199028703800984       0.70221829310259143       0.87212258216905059       0.85929074615915269       0.87530404142096696     
  0.34335058144024677       0.28223533829291292       0.43136699298000131       0.43430593164853210       0.38069184221564367       0.47376876064130585       0.38054404249965540       0.34461047710511844       0.41402773490148764       0.49341353342647282     
  0.47384741009226750       0.34537751082584850       0.89163940335356828       0.77050336018884413       0.77296876184953067       0.99300310130986980       0.71288824255857919       0.88952291237987846       0.87628215780197838       0.89190575894050472     
  0.45098747622957486       0.30606109784253677       0.40328941682429481       0.50691714051597259       0.35681457319685289       0.51110388033584586       0.30481987746030492       0.46113902284162922       0.40552950039626878       0.41263204653900626     
  0.51437744613525505       0.37352306327018164       0.90423473095382367       0.78360592191305789       0.78935201028274926       0.99402230641727274       0.72392653080326042       0.90566265157292869       0.89410042419214031       0.90717817062207751     
  0.31483763431282541       0.31097929359697329       0.33827208818656457       0.39272991864232137       0.31975133038671638       0.48070459043775116       0.38071417908145083       0.35840678804123471       0.36990954077632493       0.39939970056403173     
  0.55603721638111392       0.40571647965835606       0.91629919052363429       0.79717702858737050       0.81108039279518973       0.99496217672831722       0.73575919026140391       0.91856047918705663       0.91190442681327788       0.92135974131683529     
  0.36352186311302365       0.38222550505386854       0.40118470769018733       0.42984187316887451       0.37541449989539338       0.38995875549298076       0.33390720603210611       0.31574894006475862       0.33410118909202435       0.33664701722303270     
  0.60386216138331061       0.44509523212086788       0.92688160448231005       0.81197445600460449       0.83996965697561177       0.99580291063665316       0.75016456367821871       0.93104529271278724       0.92860734833970782       0.93512754816035493     
  0.30132643051566838       0.36745181962498258       0.36923258743815485       0.47155292801401771       0.44112525805413605       0.46814604353154904       0.43189216853229301       0.33016110548115229       0.37086196172430935       0.40936345640605060     
  0.65329202421368449       0.49193191664678604       0.94116012243820690       0.82789273983122891       0.87199579687539808       0.99662601381492633       0.76850830720573582       0.94406665254215805       0.94406898033383069       0.94926386992408063     
  0.41743566770267582       0.36215284199391823       0.38732476210470035       0.46939689927535644       0.47638121281226964       0.41106069205777673       0.36545025503077017       0.37773007262859598       0.31894126528387939       0.42176076775851906     
  0.70987985384943675       0.54851577715452893       0.95681887701652835       0.84392789805181345       0.90862924764642983       0.99752344114659663       0.79251269951175896       0.95925729300621931       0.95855102485047594       0.96258356050349814     
  0.35515551171150800       0.31255499577705126       0.33603006478818365       0.43966601974725433       0.42519288978299052       0.50893901809399922       0.50927221116029731       0.43318022408966933       0.38300743181309632       0.38421760512538145     
  0.77600230634258149       0.62925596723184540       0.97243115614363496       0.87022282998470757       0.94105777756039288       0.99820988258977572       0.82074416475894485       0.97462286175353607       0.97253984939599325       0.97538679014944052     
  0.33480743102209454       0.32678754300587065       0.44715667712919743       0.49424031469444191       0.34213565635644505       0.42998782403979846       0.36241117514978410       0.35306892151812286       0.31167453350235996       0.41537383858981552     
  0.86775121308226544       0.77688088383271858       0.98665898948326225       0.90813160748836363       0.97145628917259763       0.99905605804376418       0.88685817511891607       0.98766082377095077       0.98664443012091063       0.98678617875814401     
  0.41376263481103187       0.35020220474989416       0.41600746165926245       0.54292056301918534       0.36881921937035711       0.34032316243749627       0.39282466533259791       0.36647716306414330       0.46314082289074332       0.42327484185879349     
   1.0000000000000000        1.0000000000000000        1.0000000000000000        1.0000000000000000        1.0000000000000000        1.0000000000000000        1.0000000000000000        1.0000000000000000        1.0000000000000000        1.0000000000000000     
  0.37103342856687271       0.30527101491351860       0.37770611793430720       0.41945208231640085       0.43918912472560606       0.31598956401716211       0.29176821713159734       0.35796606946637610       0.36154053734528313       0.35258921098821594     
  -19.881375857234694       -17.942901811877412       -10.869335706462074       -21.339295004281869       -7.4485878440513051        0.0000000000000000       -9.6795349202229986       -9.6494716698935417       -8.4246628801286914       -7.2373466411468819     
  -12.643865330276025       -7.0748136006664293       -11.729601847716880       -14.622516845936927       -18.520672191345728       -6.1386144172853898       -9.8873198481981763       -16.472157602679406       -8.5750139440882300       -10.573258515906456     
  -9.1744247005721178       -7.5666280034347393       -14.306917045190275       -11.546378121553598       -11.774458985225726       -4.2109228987568539       -9.9994428310022396       -15.110801288756013       -9.7433137457566055       -11.598250075195857     
  -7.4644570001362931       -3.3115441523266664       -10.285002844789478       -12.888753705132498       -10.364608834689051       -6.6174726097144978       -12.211261124179186       -10.317027113658295       -11.873548907927495       -16.726678624554996     
  -6.4759607069732725       -4.3605318562949016       -13.957764978787555       -7.4312872074949627       -14.161307113742751       -6.6337105407299628       -11.603789916243507       -7.6338816589677663       -8.6582158090164363       -11.376833666009780     
  -1.7233114723515213       -7.0829374735044146       -9.1065191117246993       -7.9729931990459759       -12.432695070255843       -10.405435330731212       -14.663685077969649       -12.144900960313068       -14.358773064005934       -10.715759542521292     
   3.2801426306516919       -2.3128728052417085       -14.801892943790859       -10.111833966523541       -7.0969538688941487       -10.419683853401420       -7.1107371331108977       -12.075149636646643       -12.016567383374799       -10.509363761360529     
   10.407940686505533       -3.7532841457683381       -9.7874620214066859       0.58668762131836416       -5.7618817509210123       -14.799619752865807       -16.723300580000764       -8.1508362296642805       -10.530702165295216       -10.773520164271609     
   9.6602395610732291E-007
           1           1           1           1           1           1           1           1           1           1
   2.7163859602300481E-006   1.3434690956193650E-006  -1.1297456450379402E-008  -14.007514765398069        5.3976252667702831E-008   8.2161919871479139E-011
   4.4222181248264733E-008   2.8184401446202956E-008   8.6024487784870314E-009  0.56929908577692845        8.5995019070773616E-009   1.2244924105268528E-011
   5.0000000000000001E-003  -11.241618040777336     
