   0.0000000000000000        0.0000000000000000        0.0000000000000000        0.0000000000000000        0.0000000000000000        0.0000000000000000        0.0000000000000000        0.0000000000000000        0.0000000000000000        0.0000000000000000     
   1.9478460308232547E-002   2.3832541287605397E-002   1.5326226783257471E-002   9.5785260346466349E-003   1.6350307495298932E-002  0.15355885379202794        7.6394638986473723E-002   7.0642210790885507E-002   2.9109826493705110E-002   1.6047032438978683E-002
  0.35392033897101327       0.39949650424749689       0.42906561235875207       0.55265670993545724       0.36111751776929918       0.28612414571179101       0.28612414571179101       0.38329597911632174       0.38347177474589600       0.43162876215787488     
   3.7702548439060610E-002   4.7136341924169718E-002   3.0656342853984331E-002   1.9673066955292196E-002   3.2699062197019270E-002  0.28607713594115841       0.13074107046723402       0.13429451407697571        5.7375211858016882E-002   3.2289331109040698E-002
  0.38472109940710625       0.33998781174086601       0.33003451478670409       0.47056251701766544       0.35035606707932632       0.65347484323888250       0.32546206687668522       0.46708429119405570       0.39386156852413362       0.35645595656753437     
   5.4054098316467521E-002   6.9480370858645363E-002   4.6951080133742176E-002   3.1432552396540844E-002   4.7159890012140632E-002  0.33346276648597900       0.15977370145345282       0.17557103117388265        8.5042933859560174E-002   4.6914479117630935E-002
  0.38577031515178289       0.41312876334415838       0.38062597757352806       0.39562488286937986       0.31947183240192939       0.45008810436966168       0.35005575547504242       0.43708244778621691       0.55410701566652010       0.35520342844335806     
   7.0170839058700779E-002   9.2539405716402151E-002   6.3063060498511320E-002   4.3846749890651023E-002   6.0450266766898748E-002  0.38096883499465900       0.18355714567279366       0.21123261310034236       0.11058893389576387        6.1945591670738376E-002
  0.38762904101486467       0.33461326848880207       0.36629700270630028       0.33888218106296708       0.35802042028992331       0.57565634630756346       0.42459003428279884       0.45437616054365004       0.40691302253305267       0.38093568021657831     
   8.3726858882531563E-002  0.11573654927222013        8.0036767503782441E-002   5.9050627872676606E-002   7.4447328263329782E-002  0.40311709650178296       0.20085078572344547       0.23339058200232418       0.13339182642995967        7.7693458936995710E-002
  0.39016079917515412       0.39430717857924591       0.36755184420379167       0.38355696578537801       0.32591333230502895       0.35947272194629615       0.43091827597377386       0.36476882399529048       0.42023710281789267       0.36334255795973752     
   9.7627108809245577E-002  0.13843222726476348        9.6626990227146978E-002   7.4983701912434586E-002   8.8582549057670698E-002  0.42625966173399554       0.21755197457393988       0.25543735481736052       0.15610013936849759        9.3740856831992833E-002
  0.35414208312858175       0.33334366419527645       0.39112434643515165       0.43989888604107075       0.31353734935613936       0.41126685108820166       0.44202989456563302       0.37548930419783522       0.42224820837269439       0.36642237628809871     
  0.11234010648275744       0.16052703364506005       0.11347442966193746        9.0964157218012764E-002  0.10372463881200135       0.44637281563469539       0.23255897239604331       0.27251687108722050       0.17803510025680860       0.10934663310360218     
  0.38283379236437753       0.41518123955070119       0.39676875334212786       0.35087931646207193       0.32730985789414890       0.32120261313483256       0.40347627358528576       0.33417570247953371       0.46320650997736473       0.30239412238799707     
  0.12656255993590682       0.18256761050721448       0.13059880295525900       0.10675473392499969       0.11882039840540307       0.46700951553575137       0.24680723344285441       0.29057469885769499       0.20014075748932650       0.12470103411199462     
  0.34711405140939222       0.43533923642281191       0.40560210225965837       0.37754307372984447       0.34488108674652324       0.42035018666774759       0.42000342116162181       0.40773519536216141       0.36152746061900204       0.31474163494537138     
  0.14071136393386169       0.20210699740200472       0.14697268821936962       0.12504094684447292       0.13482893274031077       0.48256110638046784       0.25725169044851115       0.30556977904539667       0.22259280057662065       0.14272135187279325     
  0.37203248542075429       0.33582229049595735       0.38951023740542196       0.41139028211988382       0.37768038058005932       0.36385497553182505       0.36244669365034748       0.43949790811942341       0.40255198048383328       0.45587982228777774     
  0.15544504493572592       0.22166497588956188       0.16318752181530333       0.14176034462764159       0.15108122147926514       0.49835131548220635       0.26757934749757861       0.31969163673342554       0.24472244883008346       0.16092112710209042     
  0.36270006443023578       0.37953852865903726       0.34544218301771057       0.33860989927776403       0.35721355989096032       0.38864919028358558       0.42246543701396810       0.40451943416473574       0.35084909372887829       0.33765365156952853     
  0.17112510429414876       0.24111401024730497       0.17858545712499624       0.15913274040436146       0.16675446171279051       0.51222934296625078       0.27804728872888429       0.33438999949651832       0.26698071362327769       0.17845170432147298     
  0.34253526626739983       0.32756275514163835       0.34781220595138734       0.31099454878399180       0.32244715428933823       0.42006809170315179       0.36643624840422184       0.33743332228169559       0.38335425070575913       0.37826666856074515     
  0.18717184625963498       0.26064191056482200       0.19365790265348379       0.17704213612944752       0.18310160819398033       0.52643768594207752       0.28860408523091974       0.34902951804576454       0.28891516955225310       0.19634162777131708     
  0.39467223106575183       0.33727848522000559       0.37592049823245299       0.45643797366874223       0.44769799674571142       0.36382883519504439       0.36032288456316808       0.39620140922623098       0.40050821115686169       0.34415934058044112     
  0.20371876337588618       0.27837487992684967       0.20891687314122812       0.19635354848495457       0.19665999875443738       0.54076676650555477       0.29850625533633512       0.36188858010123676       0.30997298988858596       0.21295042713671528     
  0.33082467070631127       0.33606992885002879       0.39955944201750682       0.31528523819129162       0.38420813359939432       0.35768638596423807       0.33628251955161742       0.34930646384399383       0.40391158326486071       0.32512844047720751     
  0.22089939952318446       0.29572346989109016       0.22473373128290106       0.21607765454806854       0.20980946837015318       0.55478367399277595       0.30827671309207805       0.37354405480925695       0.33090644792388813       0.22990186881076619     
  0.31103395525951505       0.40484729345160464       0.32183352298187035       0.33558097957698729       0.38134761571132408       0.38783411924671990       0.38508712517556087       0.34799521745772305       0.34168771030948736       0.39900837553478707     
  0.23756957903296391       0.31262619810786418       0.24064760553757636       0.23577903860521132       0.22440399392516674       0.56868871196841730       0.31771666780867253       0.38594535280067693       0.35159900485116802       0.24752823007523223     
  0.34645834354017124       0.42850415936840547       0.30415968120342673       0.35641551944423117       0.32271890182123469       0.32066324743320462       0.42457420222323472       0.41013530829048217       0.34327361603071327       0.38137205974258354     
  0.25335321353019780       0.32924230878031219       0.25655228591906365       0.25546925056161135       0.23846808800026606       0.58152129430700661       0.32712084036344685       0.39927170203823026       0.37248626919075489       0.26509613287291783     
  0.43982389302348618       0.33898195154638855       0.32764147107362834       0.36444354893409897       0.32307872021619577       0.33693507011652568       0.40803706426905967       0.33003325897628633       0.35206537616030853       0.36228483738725614     
  0.26896047169124904       0.34735549278196903       0.27161264416540326       0.27327081773790346       0.25483695713249244       0.59291895724312083       0.33596007001756423       0.41264525052538803       0.39334139369151033       0.28215886535648294     
  0.35465079377772468       0.34030318221270467       0.34566565837079632       0.33631664995165461       0.41262489462170004       0.32837375367622063       0.36750864485861262       0.42491343481059096       0.34289642214961641       0.37016481258782791     
  0.28468766257297645       0.36577571618997956       0.28572061781237501       0.29029161073846466       0.27070542278689397       0.60518320159943251       0.34456136461441922       0.42637491301949915       0.41311557552027806       0.29923071957825215     
  0.36812789324778272       0.36494492783396776       0.32014440358377488       0.37508691157087148       0.33716409348365090       0.34892283308352406       0.34266060248397512       0.44315628926483214       0.31008729157409570       0.32973015794072441     
  0.30055639183254851       0.38138799831232095       0.29869462008454267       0.30679005602749598       0.28867500103797433       0.61759266283120529       0.35220364358164236       0.44058236197225509       0.43189514738260992       0.31598367105949315     
  0.38423018366190542       0.31852909644132721       0.35285122415988579       0.35502390211649792       0.39288228712473655       0.38443917462191807       0.43239491867322560       0.41677247017918473       0.44814111247260136       0.34789169838949285     
  0.31647727158037386       0.39501356200008231       0.31029270088062966       0.32311845326374528       0.30671992454962504       0.62978197561460902       0.35909284083388637       0.45467560154054781       0.45032971301614405       0.33237649314554946     
  0.37332102267817574       0.32479598945030913       0.37204457887493986       0.51671330729640808       0.36301034567116763       0.46931831375150440       0.36602157179904521       0.37449841133639000       0.29192185972819401       0.36288208050783921     
  0.33287290828861210       0.40917022091072563       0.32177525897567832       0.34150378300486078       0.32436579222452666       0.64171469885698085       0.36646378161670923       0.46881307935508443       0.46850392155454129       0.34825562684078504     
  0.38634724492305789       0.29295064662556930       0.31902123044863134       0.42041176415474146       0.48923846595238069       0.47170538640302540       0.38766816063453913       0.40387047102507867       0.31523432074493163       0.34764589221763481     
  0.35041535288796899       0.42353981932568174       0.33357236185475542       0.36034488222216221       0.34151408666546867       0.65358733234905597       0.37429331364707041       0.48214911078967143       0.48700881815014307       0.36466101260072348     
  0.34793554933209286       0.33171760436410980       0.28762078273841918       0.36732344737040806       0.36205582593374031       0.34327913996378939       0.50385256200070572       0.37420174354363528       0.37427048539290714       0.41002867596315523     
  0.36785997907926787       0.43834979695480636       0.34698255688795576       0.37849175179816286       0.35828188544487521       0.66523160014995164       0.38212603815446561       0.49549558206322031       0.50574522074526163       0.38084701406042559     
  0.35509972054589084       0.32881174713039496       0.30873186559751681       0.32643621452538463       0.36994733614021086       0.37056914089788778       0.32391501976911652       0.40254269726759057       0.31897382336706670       0.35247988504839206     
  0.38526423839181206       0.45412469350173917       0.36152922663724185       0.39688786061799658       0.37486426559557418       0.67622261423910190       0.38994996645721008       0.50933768904289900       0.52422111788461589       0.39623777438308178     
  0.35805694409160471       0.36791253185161538       0.35774382755298345       0.36944752962212779       0.41673906392417420       0.35324981359195845       0.38356918977627447       0.38663861612468303       0.35341715692865039       0.38310596177919209     
  0.40213242805863553       0.46931155121037854       0.37600456713509967       0.41307706753553003       0.39139931103729519       0.68665028829418273       0.39775908332554111       0.52303070946621655       0.54065398559335764       0.41139584062036250     
  0.41696466766857371       0.34350887629200494       0.41703462120116885       0.30921675686888211       0.38865030903110626       0.40802948411714790       0.36415611627009981       0.39151858272536227       0.36730967959224647       0.41440180131028442     
  0.41755011389460056       0.48306918343103522       0.39049433955656448       0.42966060119353622       0.40750954009028040       0.69716157867714601       0.40565054686899632       0.53608935338914210       0.55690203242142799       0.42640353946458059     
  0.29654114112447633       0.38126771101198303       0.32246765053952448       0.38147932273549134       0.43350718234754465       0.39902932756289300       0.31598933597269391       0.37239472218619063       0.36595131592020552       0.35343978384570029     
  0.43324198170708833       0.49676350670575831       0.40520020563342241       0.44430523708099479       0.42315224351644382       0.70765843808845141       0.41364723547466498       0.54948570263206697       0.57233682989948853       0.44057066341984275     
  0.36100767567940317       0.36623346262155265       0.39400898790765287       0.30863858935577893       0.31655351791807179       0.37603651900269736       0.42623011727958915       0.37542282547280953       0.36896072830021337       0.37950078288858047     
  0.44591557872935939       0.51018894502063306       0.41990969943377654       0.45912961461717106       0.43863155850793950       0.71823473505029667       0.42188196858705146       0.56306691230539119       0.58771736023985888       0.45439142834630952     
  0.38989113949490745       0.28612414571179101       0.39052085333243730       0.32412125911079104       0.40133281846251456       0.31826742060057522       0.35180273157562864       0.35988934556487701       0.38974078207588203       0.33245124363843742     
  0.45993611716220006       0.52378888321020867       0.43497287298937254       0.47462753187579798       0.45390401812845926       0.72742571336017947       0.43001573460121212       0.57643890334463599       0.60305294135478649       0.46792865639771342     
  0.36863472128975200       0.31599411731684818       0.41497161451956316       0.40566371064206236       0.38069204839948101       0.32275981347530341       0.41421453929283836       0.35150244009039627       0.33081350381097141       0.40724689043410722     
  0.47475989106760813       0.53769877516656595       0.45022575593317055       0.48959262362338268       0.46934928525555342       0.73688878002308467       0.43774637555181783       0.58826662907103922       0.61843636934308110       0.48135430617965314     
  0.38388123167243254       0.32837942903455736       0.40439438084468432       0.39446894658581522       0.39665657329479942       0.36615167015294797       0.29658699861019111       0.32518918057635399       0.34743628712672059       0.40737405113155029     
  0.48975952301660514       0.55108974946464240       0.46676353750598015       0.50427192137984689       0.48368228101077826       0.74650688953537514       0.44544725862784484       0.60036760104627018       0.63342555535611578       0.49454091433990083     
  0.38683828478146903       0.37502924408698118       0.34706135775824032       0.32529371340161994       0.38411815866994892       0.38194050341107777       0.36497525858580399       0.33436915814719192       0.32727249028533401       0.44864360666157910     
  0.50696654297188715       0.56403926738461652       0.48369259966388284       0.51929653948014642       0.49798399328973930       0.75571697396590942       0.45313241777879193       0.61190972476139660       0.64826547006666468       0.50619657918992678     
  0.37642314153274353       0.34027717852536332       0.37584886116532207       0.35621445401868607       0.39727272306715600       0.30777049174611210       0.32999687866626093       0.30943566562428748       0.36454480554078855       0.54798929012704134     
  0.52394488948482287       0.57541308022952198       0.50061763983396168       0.53437064638224452       0.51162546032610423       0.76343404452674990       0.46072378631798405       0.62399833952972861       0.66352751278378164       0.51785488520651479     
  0.35696119497225548       0.39269265917298252       0.40301516524834796       0.32618187801011228       0.34646027197544677       0.32436194385411954       0.44858550846602485       0.34073058619813129       0.37708774152863073       0.64813068110369954     
  0.53982365061868332       0.58649199685579956       0.51803085061381327       0.54965687944195263       0.52548862060002310       0.77125198784098858       0.46751651823192836       0.63713038121164256       0.67863048301181250       0.53243375150972294     
  0.33448349577805636       0.30756684550530722       0.35008069957303095       0.31976591777409447       0.30303726174511431       0.32779671913112729       0.33891715576859616       0.32573234012561031       0.39639571323519501       0.37298072955512379     
  0.55544367231323299       0.59943269507473340       0.53543958820045889       0.56476349587461649       0.53959911767118074       0.77925636810138310       0.47434788987036547       0.64932463285163988       0.69339282874413377       0.54673981346260969     
  0.30723368727862305       0.31150218592686219       0.34510556670821935       0.32867033550406627       0.34350757686549355       0.37560556689245750       0.38050699839595425       0.35703737822492793       0.31691355173018682       0.39175380015434641     
  0.57006199613658037       0.61221256265087320       0.55306452737265199       0.58114557864339833       0.55342822573025430       0.78700931517110784       0.48124210559639147       0.66058095204835965       0.70839248341602123       0.56323464025048098     
  0.36193170677407205       0.28612414571179101       0.33895336039458412       0.35589804094186628       0.36738711290214776       0.32978839636816409       0.31558087178920058       0.35534479170590805       0.31587677526180147       0.39412922628112779     
  0.58507136066912679       0.62655453960665453       0.57008792295588295       0.59826964507889513       0.56668620830054306       0.79453253187311423       0.48860902648211546       0.67196012833242780       0.72358790445558607       0.57993473009112895     
  0.34665564263170373       0.37767248023971656       0.38532444480934197       0.34290603475913606       0.30791141189030613       0.38063541302693210       0.35923228936375612       0.32209011667360266       0.33116966586665048       0.33485734350512081     
  0.60090854617915923       0.64057684987974117       0.58711915616478560       0.61518713733960795       0.58008281443259191       0.80182043886703669       0.49624648813853994       0.68352252835457916       0.73922485585373643       0.59681392045107740     
  0.37595810429541360       0.34148909665341892       0.33290915087806849       0.38612617628936463       0.32867033550406627       0.33404181102991876       0.40551989384358245       0.39830829450642274       0.32288190066420513       0.39118047217306628     
  0.61679702281930038       0.65328977393215337       0.60391156753110142       0.63202425655900696       0.59375382113543207       0.80885581419406749       0.50383829752282105       0.69486487081876003       0.75402049606285704       0.61391006368000667     
  0.36268013974993324       0.37707337345371444       0.34820812983050126       0.36518340231996321       0.38110776595712809       0.30288350494700506       0.36915129467598790       0.34779721645089468       0.31164714894675571       0.38613671621085766     
  0.63366035492602968       0.66596258848381762       0.62061550609272575       0.64808825967369421       0.60834600337714506       0.81587341301146143       0.51150866345946866       0.70568424343762082       0.76870122875432267       0.63121634674616456     
  0.33255860961409728       0.38626363015096005       0.43882522102259014       0.29880427705558504       0.36462945587471152       0.35598971959188791       0.40290195693599801       0.35071631604089804       0.41147368306243842       0.34762562334783020     
  0.65105044465718587       0.67849208941416883       0.63761992667928680       0.66378891520777061       0.62444423706471142       0.82292503020955254       0.51902591634438366       0.71720224650467146       0.78188446354293517       0.64877553505225583     
  0.42729713106804829       0.36226545203537514       0.34338127163347559       0.37893271624789682       0.32627037132783138       0.30942890718885713       0.37151396637277367       0.30963789160561106       0.35740398146282482       0.32403268393247331     
  0.66827781784512952       0.69159106730128106       0.65460105541182678       0.67970788774900925       0.64032495371232234       0.83009228847904970       0.52647945182894462       0.72906440834118635       0.79481254506003274       0.66611257944546576     
  0.36604694322672704       0.38880309444623357       0.38289816949895256       0.36411729039016982       0.38935393298048987       0.32304814203489579       0.37669920740706953       0.30910140370650385       0.32555812646085136       0.33282696722614236     
  0.68589697091685975       0.70530566490716717       0.67152542235876789       0.69578546111544870       0.65615876611269774       0.83726683914283639       0.53416954968555586       0.74177991558370027       0.80810112924679900       0.68381255977457978     
  0.36566928947787020       0.31292956848736869       0.38041924387246351       0.33064889348006893       0.39285243051244489       0.35046916617028356       0.32867885551145082       0.30226821190943187       0.33748694511528476       0.33022352496682250     
  0.70226120495265609       0.71872821378762186       0.68823175205850884       0.71056945211886935       0.67208677569480335       0.84455196010884803       0.54185334143749886       0.75429802386112721       0.82155271357415860       0.70153773464046199     
  0.37471123364704889       0.40996571041299190       0.39877228508374502       0.37218880353291378       0.43520670832810948       0.34262429941508382       0.38099551584426922       0.36653264285515885       0.32084324481631471       0.32013615142844726     
  0.71896194110528089       0.73219820554345671       0.70451868091522452       0.72451226732953389       0.68832795290029070       0.85202201482608220       0.55031921630085046       0.76776348794924276       0.83544793772340964       0.71970338016361712     
  0.35141801396174832       0.38934131415184309       0.33035087127492946       0.29940167741307816       0.40543245066234024       0.30869752179680066       0.33121041231202675       0.40447099468272257       0.37982577686662605       0.41794839114169929     
  0.73465596971934688       0.74607871030630912       0.72083850061226551       0.73863330728717880       0.70457635264349194       0.85916736308619879       0.55882536551616613       0.78106663768085383       0.84938642208991144       0.73816538504937568     
  0.39056831177057988       0.40421263420380582       0.37784785238472662       0.34174355629216857       0.41460960703751215       0.36319509463874300       0.40686140657683900       0.32993039156332271       0.29703223834337750       0.36150547245444087     
  0.75038651380072219       0.76040281385468456       0.73701873165002185       0.75332836584008622       0.72110278868698852       0.86601325497100734       0.56732157499840363       0.79385032966253644       0.86178710523825486       0.75683556417436271     
  0.37549827308553629       0.36532782497141231       0.36540776999119318       0.33959510661804293       0.42093237898588787       0.35104877692699249       0.33028324680415000       0.32165875136793898       0.33969776449673333       0.36120195136661232     
  0.76438659688882371       0.77490125677212807       0.75344170181286119       0.76877205424483430       0.73807042151399860       0.87278407027147686       0.57585199650488039       0.80674856091965430       0.87376795221741688       0.77171147400089790     
  0.37361730896138690       0.41349855790783313       0.42776229538415628       0.41127891753502305       0.35240815005244791       0.36605787759998670       0.41002135813966928       0.30371833833006417       0.32583991630860648       0.33648735576302274     
  0.77831544571390465       0.78997657021086753       0.76968702812014766       0.78455531374409160       0.75540659283190992       0.87942134431625929       0.58521610694113602       0.82012433417526731       0.88526830926821265       0.78578661481339407     
  0.36233870477119645       0.33038121569479989       0.41365810016582683       0.33403203733893433       0.38423823577679600       0.33640276378258188       0.32157347946722314       0.40789874295586326       0.33727836329777328       0.30580257763192586     
  0.79126908013577213       0.80508053736700347       0.78552917543751688       0.79986359179015099       0.77230071320396421       0.88631319683486387       0.59419283604462292       0.83349964056037085       0.89683579737879604       0.80306612049046033     
  0.33873599326898285       0.36163053219622321       0.38698943923594453       0.32697941067524228       0.39653304884333868       0.32018789466792014       0.33930135150463991       0.44440173849224474       0.32304160937808435       0.40838442064348507     
  0.80403705183082874       0.81995765334411486       0.80139442527578586       0.81507428639082791       0.78802075510075864       0.89342491774774968       0.60289783971652611       0.84783505380821955       0.90805885294659283       0.82005186596185486     
  0.36630222174983285       0.39426884799016110       0.33357901338316354       0.39482997862091712       0.39707992309893686       0.34927097362596821       0.32397551962540566       0.39469268890238207       0.32225089205293656       0.37370481163817315     
  0.81632116456307402       0.83450714576506979       0.81748667745819759       0.83042668514873430       0.80368996414527516       0.90030545874548384       0.61180983144152423       0.86186928811205010       0.91864031905264398       0.83535313304666847     
  0.33184665838483463       0.40388445925094857       0.36057178207490320       0.36207380899317892       0.31248748299519052       0.35790017070226415       0.34559159698325476       0.38262815261591948       0.28612414571179101       0.31537636424572046     
  0.82867185501831697       0.84833542975025689       0.83396367755494161       0.84513336158886498       0.81912185326883669       0.90690535529571326       0.62283042808667866       0.87513396102646601       0.92743354343131079       0.85080007459000151     
  0.35226014351615825       0.36940364157386940       0.42693091252359139       0.34978083694440998       0.32665213790565328       0.37224216839681745       0.37627800168689951       0.38436549608667853       0.35233519965331872       0.32310144539502689     
  0.84117303828209067       0.86229308325772569       0.85039890294048170       0.85999274705821005       0.83632633605684303       0.91381915660305379       0.63435546710613544       0.88808405652469069       0.93577667719283297       0.86570271083035888     
  0.35042728557782626       0.41808409437475313       0.31565975505187094       0.34377891048188047       0.33833910518872001       0.32370722361644710       0.33014150690470578       0.36707478747060673       0.31624272729562530       0.35680100268143772     
  0.85399435533690216       0.87604140727546176       0.86535707890518299       0.87397837657005417       0.85269929295016467       0.92114544029565404       0.64738882902447337       0.89905912045687264       0.94495938339692687       0.88055504953981301     
  0.33536174548969844       0.33772517872307933       0.30980508407306301       0.33223628053025855       0.36527012351874566       0.33463384743110719       0.37270704947401156       0.33388019423712550       0.31877573447312740       0.35090477376280566     
  0.86655194011304226       0.88925428573597298       0.88021676944351634       0.88828473787953333       0.86889576606173580       0.92862028768164762       0.65917136989039560       0.91047607354148730       0.95444951640420339       0.89418150288926723     
  0.38902008179408537       0.45214600245375813       0.40130115495105090       0.41617666560804234       0.38706621450838841       0.34208158055115329       0.32869373041698968       0.39067153144999089       0.31785383852734084       0.32386812420511013     
  0.88097537943766580       0.90107392327478619       0.89422966926673331       0.90085193186766865       0.88476215672620762       0.93654908885925514       0.67413643534466583       0.92067498426741101       0.96307953455227102       0.90781970963277547     
  0.36648385580040149       0.34889699261759405       0.33933240921199670       0.30260041076398070       0.36475188666046293       0.35724972472045846       0.34634027908067605       0.35755085143609222       0.34173574375988991       0.31292458071093826     
  0.89523656714507516       0.91351500167575439       0.90803016158129413       0.91325425865741827       0.90115021206057611       0.94432553331700386       0.68899698256532704       0.93181827357653335       0.97149830498369583       0.92046545527609291     
  0.33245118064522716       0.42444576097859321       0.32743940048502096       0.38296284729908348       0.37856432759611242       0.39535117581028800       0.33261240507864431       0.38991862576711533       0.28693416383370757       0.34550783967367921     
  0.91126036506983299       0.92684875927841048       0.92132622810569176       0.92764350303660470       0.91774430974807930       0.95161708114683385       0.70923569867425618       0.94326241503672736       0.97891803413119360       0.93334054463963800     
  0.33149721026225343       0.48036245357733814       0.33795836172029958       0.38842434523635355       0.37474829491542883       0.35596236864431158       0.39261855467732154       0.31702527040967643       0.35564100851218122       0.31709191866683051     
  0.92742335820273847       0.94017273838362991       0.93414149419699832       0.94189955038631312       0.93389955176022221       0.95895918374045597       0.73094204798145213       0.95471275057978788       0.98591105982061589       0.94626010682910877     
  0.36024963156215462       0.41727083386822983       0.36147496355363323       0.38647875169519175       0.34295374665572126       0.37597970393583180       0.37795699591081039       0.34590607925046912       0.30870977105242647       0.32586559856359265     
  0.94557719075010360       0.95389549346331270       0.95033695315898781       0.95533737965314081       0.95047873992416998       0.96747931614086602       0.76305773319000558       0.96589041709540369       0.99071471529809374       0.95992851549889302     
  0.40439593936497042       0.36714676059735657       0.36290527575417764       0.38211094641716886       0.33084974275603840       0.43129550234865122       0.37665659863371492       0.31273525108443545       0.34625371235355468       0.37288142238295036     
  0.96335069983558830       0.96900794196057194       0.96737935891568816       0.96905262611494392       0.96726684027356713       0.97633720710914940       0.79934458263135866       0.97723450800787248       0.99470731585667993       0.97385821715856669     
  0.48590066307596369       0.41056745869977063       0.45548936766496229       0.38952367432322998       0.35297306742324586       0.42109383684431934       0.31237129425163085       0.37511513110692246       0.42249431116870234       0.37754919556473882     
  0.98170226697036600       0.98424665389488231       0.98364268293211166       0.98450050368192155       0.98354099147208152       0.98804531199950796       0.87653044021895266       0.98850169094732632       0.99744265945517574       0.98704234440580141     
  0.36649275004616294       0.45202622823745076       0.44429773584017118       0.44525184266265078       0.32206347386771944       0.41521825584946798       0.34530410524530192       0.33888354201077242       0.49424743745103705       0.38514914801865857     
   1.0000000000000000        1.0000000000000000        1.0000000000000000        1.0000000000000000        1.0000000000000000        1.0000000000000000        1.0000000000000000        1.0000000000000000        1.0000000000000000        1.0000000000000000     
  0.43940168868820839       0.43536067915264254       0.42064478020252394       0.45740422159872324       0.44279499955285945       0.38074263781144468       0.28612414571179101       0.29997581597960676        2.2863462642700805       0.34398470894662736     
  -7.2940633836186697        1.0251839366685787       -8.5025985969188813        20.024989268412732       -1.5871682015465181       -17.660517479721371       -5.6184029930186359       -6.4809978518892271       -3.4678719264525246       -5.8698999636926308     
  -8.1584924281849673        3.1135546076133442       -4.2411637833407605        2.2078809337713028       -2.3175012943090203       -21.235354889696911       -6.7636057424549012       -7.1921642571450954       -5.5996790327700872       -6.5662970773655749     
  -6.9159659854913933       -4.0354610295099409       -10.015227177981016       -1.9092155568250473       -6.8366233444843596       -10.135324966352927       -5.4028625137264710       -1.3527455734109883       -6.4703250528744514      -0.99471854911423041     
  -4.1531239615218771       -4.5653448530837730       -4.4342100663995749       -6.1626517149683400       -7.3492525162377360       -5.5554227980101318       -4.7452727850086642       -6.3729208758329765       -8.3255921564606830       -6.0191610413009213     
  -8.0662496980237588       -7.8852030498733665       -7.3508551771463795       -8.8368983820315226       -7.0381076886997063       -7.0920683033740213       -7.0885248549847315       -1.9591356291449895       -5.6582866240544973       -6.7234303007554255     
  -5.0436447603027883       -12.193373107246511       -4.6730032654624312       -11.173837208011639       -4.2403222661408702       -5.0161537582667126       -4.9689052594896870       -8.3329259382390077       -6.2120161337303781       -5.6936083404305036     
 -0.88582361770002194       -12.364863669877938       -2.6580682010613819       -16.635998248645386       -7.4265659936180741       -6.6965509813650463       -4.3086835738294598       -7.9941556440062147       -1.9649112134316906       -9.1791705625816036     
  -5.8414311706331832       -12.850118403636937       -4.7126354294740249       -28.231830468139599       -7.4447155062147408       -3.8595044920803776       -3.4636280589877604       -3.9015052831727934       -6.5044375979457572       -4.7906239333985869     
   5.5403761681230742E-006
           1           1           1           1           1           1           1           1           1           1
   3.6860116395491835E-006   2.6860813640663639E-006  -2.2183951454740540E-008  -5.7611371981146977        2.0605514309341322E-007   5.0493564496149904E-010
   5.3635687709610210E-008   5.8199858850995049E-008   1.4877171743876113E-008  0.33807109053905088        1.4844361235554342E-008   2.6000081424178573E-011
   1.3125765468431329E-002  -5.1991083054915803     
