     
 Collinear #          57
 
 part:           1
 comp:           0
   1.0000003798286783        276.25010492767240        276.25000000000000     
   1.0000000363950818        276.25001005414134        276.25000000000000     
   1.0000000036243522        276.25000100122730        276.25000000000000     
   1.0000000003622842        276.25000010008102        276.25000000000000     
   1.0000000000362268        276.25000001000768        276.25000000000000     
   1.0000000000036224        276.25000000100073        276.25000000000000     
   1.0000000000003624        276.25000000010010        276.25000000000000     
   1.0000000000000360        276.25000000000995        276.25000000000000     
   1.0000000000000038        276.25000000000102        276.25000000000000     
   1.0000000000000002        276.25000000000006        276.25000000000000     
 comp:           1
   0.0000000000000000        0.0000000000000000     
   0.0000000000000000        0.0000000000000000     
   0.0000000000000000        0.0000000000000000     
   0.0000000000000000        0.0000000000000000     
   0.0000000000000000        0.0000000000000000     
   0.0000000000000000        0.0000000000000000     
   0.0000000000000000        0.0000000000000000     
   0.0000000000000000        0.0000000000000000     
   0.0000000000000000        0.0000000000000000     
   0.0000000000000000        0.0000000000000000     
 comp:           2
   0.0000000000000000        0.0000000000000000     
   0.0000000000000000        0.0000000000000000     
   0.0000000000000000        0.0000000000000000     
   0.0000000000000000        0.0000000000000000     
   0.0000000000000000        0.0000000000000000     
   0.0000000000000000        0.0000000000000000     
   0.0000000000000000        0.0000000000000000     
   0.0000000000000000        0.0000000000000000     
   0.0000000000000000        0.0000000000000000     
   0.0000000000000000        0.0000000000000000     
 comp:           3
   1.0000003798286783        276.25010492767240        276.25000000000000     
   1.0000000363950818        276.25001005414134        276.25000000000000     
   1.0000000036243522        276.25000100122730        276.25000000000000     
   1.0000000003622842        276.25000010008102        276.25000000000000     
   1.0000000000362268        276.25000001000768        276.25000000000000     
   1.0000000000036224        276.25000000100073        276.25000000000000     
   1.0000000000003624        276.25000000010010        276.25000000000000     
   1.0000000000000360        276.25000000000995        276.25000000000000     
   1.0000000000000038        276.25000000000102        276.25000000000000     
   1.0000000000000002        276.25000000000006        276.25000000000000     
 
 part:           2
 comp:           0
  0.99999997139175822        276.25199363259156        276.25200153567562     
  0.99999999726937139        276.25200078133400        276.25200153567562     
  0.99999999972817477        276.25200146058336        276.25200153567562     
  0.99999999997282996        276.25200152816984        276.25200153567562     
  0.99999999999728306        276.25200153492506        276.25200153567562     
  0.99999999999972844        276.25200153560058        276.25200153567562     
  0.99999999999997302        276.25200153566817        276.25200153567562     
  0.99999999999999711        276.25200153567482        276.25200153567562     
   1.0000000000000000        276.25200153567562        276.25200153567562     
   1.0000000000000000        276.25200153567562        276.25200153567562     
 comp:           1
   0.0000000000000000        0.0000000000000000     
   0.0000000000000000        0.0000000000000000     
   0.0000000000000000        0.0000000000000000     
   0.0000000000000000        0.0000000000000000     
   0.0000000000000000        0.0000000000000000     
   0.0000000000000000        0.0000000000000000     
   0.0000000000000000        0.0000000000000000     
   0.0000000000000000        0.0000000000000000     
   0.0000000000000000        0.0000000000000000     
   0.0000000000000000        0.0000000000000000     
 comp:           2
   0.0000000000000000        0.0000000000000000     
   0.0000000000000000        0.0000000000000000     
   0.0000000000000000        0.0000000000000000     
   0.0000000000000000        0.0000000000000000     
   0.0000000000000000        0.0000000000000000     
   0.0000000000000000        0.0000000000000000     
   0.0000000000000000        0.0000000000000000     
   0.0000000000000000        0.0000000000000000     
   0.0000000000000000        0.0000000000000000     
   0.0000000000000000        0.0000000000000000     
 comp:           3
  0.99999997139175822       -276.25199363259156       -276.25200153567562     
  0.99999999726937139       -276.25200078133400       -276.25200153567562     
  0.99999999972817477       -276.25200146058336       -276.25200153567562     
  0.99999999997282996       -276.25200152816984       -276.25200153567562     
  0.99999999999728306       -276.25200153492506       -276.25200153567562     
  0.99999999999972844       -276.25200153560058       -276.25200153567562     
  0.99999999999997302       -276.25200153566817       -276.25200153567562     
  0.99999999999999711       -276.25200153567482       -276.25200153567562     
   1.0000000000000000       -276.25200153567562       -276.25200153567562     
   1.0000000000000000       -276.25200153567562       -276.25200153567562     
 
 part:           3
 comp:           0
  0.99999990063512412        226.81183057357413        226.81185311070575     
  0.99999996918644651        226.81184612182659        226.81185311070575     
  0.99999999027452979        226.81185090485383        226.81185311070575     
  0.99999999692512176        226.81185241328691        226.81185311070575     
  0.99999999902765657        226.81185289016673        226.81185311070575     
  0.99999999969251852        226.81185304096530        226.81185311070575     
  0.99999999990276589        226.81185308865190        226.81185311070575     
  0.99999999996925193        226.81185310373172        226.81185311070575     
  0.99999999999027656        226.81185310850037        226.81185311070575     
  0.99999999999692513        226.81185311000834        226.81185311070575     
 comp:           1
  0.99999794243270235       -122.71784271557132       -122.71809521631087     
  0.99999936194396244       -122.71801691528930       -122.71809521631087     
  0.99999979861534183       -122.71807050276921       -122.71809521631087     
  0.99999993632876039       -122.71808740269762       -122.71809521631087     
  0.99999997986577127       -122.71809274547667       -122.71809521631087     
  0.99999999363300995       -122.71809443496598       -122.71809521631087     
  0.99999999798658146       -122.71809496922798       -122.71809521631087     
  0.99999999936330108       -122.71809513817639       -122.71809521631087     
  0.99999999979865817       -122.71809519160259       -122.71809521631087     
  0.99999999993633015       -122.71809520849743       -122.71809521631087     
 comp:           2
   1.0000029858095156       -93.090957592828417       -93.090679641791326     
   1.0000009259059428       -93.090765835004817       -93.090679641791326     
   1.0000002922364821       -93.090706846284064       -93.090679641791326     
   1.0000000923956138       -93.090688242961804       -93.090679641791326     
   1.0000000292174998       -93.090682361668229       -93.090679641791326     
   1.0000000092393670       -93.090680501890276       -93.090679641791326     
   1.0000000029217437       -93.090679913778445       -93.090679641791326     
   1.0000000009239365       -93.090679727801202       -93.090679641791326     
   1.0000000002921743       -93.090679668990035       -93.090679641791326     
   1.0000000000923936       -93.090679650392318       -93.090679641791326     
 comp:           3
   1.0000000000000000        158.80179842124653        158.80179842124653     
   1.0000000000000000        158.80179842124653        158.80179842124653     
   1.0000000000000000        158.80179842124653        158.80179842124653     
   1.0000000000000000        158.80179842124653        158.80179842124653     
   1.0000000000000000        158.80179842124653        158.80179842124653     
   1.0000000000000000        158.80179842124653        158.80179842124653     
   1.0000000000000000        158.80179842124653        158.80179842124653     
   1.0000000000000000        158.80179842124653        158.80179842124653     
   1.0000000000000000        158.80179842124653        158.80179842124653     
   1.0000000000000000        158.80179842124653        158.80179842124653     
 
 part:           4
 comp:           0
   1.0000005667240877        54.140625772752294        54.140595089972940     
   1.0000001757420574        54.140604604752511        54.140595089972940     
   1.0000000554680679        54.140598093047146        54.140595089972940     
   1.0000000175371853        54.140596039446585        54.140595089972940     
   1.0000000055456388        54.140595390217122        54.140595089972940     
   1.0000000017536816        54.140595184918304        54.140595089972940     
   1.0000000005545626        54.140595119997293        54.140595089972940     
   1.0000000001753682        54.140595099467475        54.140595089972940     
   1.0000000000554563        54.140595092975374        54.140595089972940     
   1.0000000000175369        54.140595090922396        54.140595089972940     
 comp:           1
  0.99999625877389497       -16.110332222261583       -16.110392494882547     
  0.99999883983801707       -16.110373804217645       -16.110392494882547     
  0.99999963382713408       -16.110386595693956       -16.110392494882547     
  0.99999988422812336       -16.110390629752175       -16.110392494882547     
  0.99999996339041852       -16.110391905087820       -16.110392494882547     
  0.99999998842305593       -16.110392308373434       -16.110392494882547     
  0.99999999633904946       -16.110392435903197       -16.110392494882547     
  0.99999999884230573       -16.110392476231638       -16.110392494882547     
  0.99999999963390496       -16.110392488984612       -16.110392494882547     
  0.99999999988423072       -16.110392493017457       -16.110392494882547     
 comp:           2
   1.0000016723732947       -39.672833899688378       -39.672767552011393     
   1.0000005186064309       -39.672788126563781       -39.672767552011393     
   1.0000001636836975       -39.672774045796679       -39.672767552011393     
   1.0000000517514283       -39.672769605133780       -39.672767552011393     
   1.0000000163649254       -39.672768201253277       -39.672767552011393     
   1.0000000051750340       -39.672767757319313       -39.672767552011393     
   1.0000000016364892       -39.672767616935445       -39.672767552011393     
   1.0000000005175032       -39.672767572542178       -39.672767552011393     
   1.0000000001636489       -39.672767558503800       -39.672767552011393     
   1.0000000000517504       -39.672767554064471       -39.672767552011393     
 comp:           3
   1.0000000000000000        33.132020842703035        33.132020842703035     
   1.0000000000000000        33.132020842703035        33.132020842703035     
   1.0000000000000000        33.132020842703035        33.132020842703035     
   1.0000000000000000        33.132020842703035        33.132020842703035     
   1.0000000000000000        33.132020842703035        33.132020842703035     
   1.0000000000000000        33.132020842703035        33.132020842703035     
   1.0000000000000000        33.132020842703035        33.132020842703035     
   1.0000000000000000        33.132020842703035        33.132020842703035     
   1.0000000000000000        33.132020842703035        33.132020842703035     
   1.0000000000000000        33.132020842703035        33.132020842703035     
 
 part:           5
 comp:           0
  0.99999997000565710        271.54754365443091        271.54755179932130     
  0.99999999069839696        271.54754927349376        271.54755179932130     
  0.99999999706417919        271.54755100210633        271.54755179932130     
  0.99999999907178660        271.54755154726723        271.54755179932130     
  0.99999999970647846        271.54755171961625        271.54755179932130     
  0.99999999990718036        271.54755177411636        271.54755179932130     
  0.99999999997064792        271.54755179135083        271.54755179932130     
  0.99999999999071809        271.54755179680080        271.54755179932130     
  0.99999999999706479        271.54755179852424        271.54755179932130     
  0.99999999999907185        271.54755179906925        271.54755179932130     
 comp:           1
   1.0000021775303731        138.82879001444206        138.82848771119342     
   1.0000006752568289        138.82858145607779        138.82848771119342     
   1.0000002131260528        138.82851729916101        138.82848771119342     
   1.0000000673834843        138.82849706594064        138.82848771119342     
   1.0000000213081210        138.82849066936765        138.82848771119342     
   1.0000000067382067        138.82848864664845        138.82848771119342     
   1.0000000021308075        138.82848800701021        138.82848771119342     
   1.0000000006738206        138.82848780473890        138.82848771119342     
   1.0000000002130809        138.82848774077510        138.82848771119342     
   1.0000000000673821        138.82848772054797        138.82848771119342     
 comp:           2
  0.99999749348713329        132.76311442051411        132.76344719380273     
  0.99999922272499597        132.76334400009378        132.76344719380273     
  0.99999975467474533        132.76341462357624        132.76344719380273     
  0.99999992243618163        132.76343689616283        132.76344719380273     
  0.99999997547263608        132.76344393746535        132.76344719380273     
  0.99999999224378133        132.76344616406041        132.76344719380273     
  0.99999999754726865        132.76344686816967        132.76344719380273     
  0.99999999922437832        132.76344709082852        132.76344719380273     
  0.99999999975472698        132.76344716123944        132.76344719380273     
  0.99999999992243793        132.76344718350532        132.76344719380273     
 comp:           3
   1.0000000000000000       -191.93381926394957       -191.93381926394957     
   1.0000000000000000       -191.93381926394957       -191.93381926394957     
   1.0000000000000000       -191.93381926394957       -191.93381926394957     
   1.0000000000000000       -191.93381926394957       -191.93381926394957     
   1.0000000000000000       -191.93381926394957       -191.93381926394957     
   1.0000000000000000       -191.93381926394957       -191.93381926394957     
   1.0000000000000000       -191.93381926394957       -191.93381926394957     
   1.0000000000000000       -191.93381926394957       -191.93381926394957     
   1.0000000000000000       -191.93381926394957       -191.93381926394957     
   1.0000000000000000       -191.93381926394957       -191.93381926394957     
 
 part:           6
 comp:           0
   1.0484746948845680        2.0985595068193064E-003   2.0015356756419834E-003
   1.0046462958399489        2.0108354025252279E-003   2.0015356756419834E-003
   1.0004627085783737        2.0024618033690237E-003   2.0015356756419834E-003
   1.0000462517344211        2.0016282501384873E-003   2.0015356756419834E-003
   1.0000046249822951        2.0015449327090463E-003   2.0015356756419834E-003
   1.0000004624963177        2.0015366013448632E-003   2.0015356756419834E-003
   1.0000000462496128        2.0015357682122334E-003   2.0015356756419834E-003
   1.0000000046249613        2.0015356848990082E-003   2.0015356756419834E-003
   1.0000000004624960        2.0015356765676856E-003   2.0015356756419834E-003
   1.0000000000462492        2.0015356757345530E-003   2.0015356756419834E-003
 comp:           1
  -6.1507660916959486E-004  -0.0000000000000000     
  -1.9073657083358889E-004  -0.0000000000000000     
  -6.0200697827694412E-005  -0.0000000000000000     
  -1.9033490845586895E-005  -0.0000000000000000     
  -6.0188031754111761E-006  -0.0000000000000000     
  -1.9033090421791282E-006  -0.0000000000000000     
  -6.0187905117928367E-007  -0.0000000000000000     
  -1.9033086459867637E-007  -0.0000000000000000     
  -6.0187903030284632E-008  -0.0000000000000000     
  -1.9033087165130953E-008  -0.0000000000000000     
 comp:           2
   6.7707200270504346E-004   0.0000000000000000     
   2.0996147484415555E-004   0.0000000000000000     
   6.6268504499736905E-005   0.0000000000000000     
   2.0951932772550432E-005   0.0000000000000000     
   6.6254561775075998E-006   0.0000000000000000     
   2.0951491988854243E-006   0.0000000000000000     
   6.6254422374856539E-007   0.0000000000000000     
   2.0951487627596580E-007   0.0000000000000000     
   6.6254420076792993E-008   0.0000000000000000     
   2.0951488403945476E-008   0.0000000000000000     
 comp:           3
  0.94362790638558292       -1.8887049191620979E-003  -2.0015356756419834E-003
  0.99459990491639005       -1.9907271926802791E-003  -2.0015356756419834E-003
  0.99946225311095271       -2.0004593560590898E-003  -2.0015356756419834E-003
  0.99994624783373831       -2.0014280887635677E-003  -2.0015356756419834E-003
  0.99999462500849812       -2.0015249174047361E-003  -2.0015356756419834E-003
  0.99999946250310079       -2.0015345998227641E-003  -2.0015356756419834E-003
  0.99999994625033295       -2.0015355680601072E-003  -2.0015356756419834E-003
  0.99999999462503364       -2.0015356648837965E-003  -2.0015356756419834E-003
  0.99999999946250318       -2.0015356745661642E-003  -2.0015356756419834E-003
  0.99999999994625011       -2.0015356755344010E-003  -2.0015356756419834E-003
 
 part: i_fks+j_fks
 comp:           0
   1.0000003226043646        276.25409219209837        276.25400307135124     
   1.0000000309330732        276.25401161673653        276.25400307135124     
   1.0000000030806269        276.25400392238674        276.25400307135124     
   1.0000000003079366        276.25400315641997        276.25400307135124     
   1.0000000000307923        276.25400307985774        276.25400307135124     
   1.0000000000030795        276.25400307220195        276.25400307135124     
   1.0000000000003082        276.25400307143639        276.25400307135124     
   1.0000000000000306        276.25400307135970        276.25400307135124     
   1.0000000000000036        276.25400307135220        276.25400307135124     
   1.0000000000000004        276.25400307135135        276.25400307135124     
 comp:           1
  -6.1507660916959486E-004   0.0000000000000000     
  -1.9073657083358889E-004   0.0000000000000000     
  -6.0200697827694412E-005   0.0000000000000000     
  -1.9033490845586895E-005   0.0000000000000000     
  -6.0188031754111761E-006   0.0000000000000000     
  -1.9033090421791282E-006   0.0000000000000000     
  -6.0187905117928367E-007   0.0000000000000000     
  -1.9033086459867637E-007   0.0000000000000000     
  -6.0187903030284632E-008   0.0000000000000000     
  -1.9033087165130953E-008   0.0000000000000000     
 comp:           2
   6.7707200270504346E-004   0.0000000000000000     
   2.0996147484415555E-004   0.0000000000000000     
   6.6268504499736905E-005   0.0000000000000000     
   2.0951932772550432E-005   0.0000000000000000     
   6.6254561775075998E-006   0.0000000000000000     
   2.0951491988854243E-006   0.0000000000000000     
   6.6254422374856539E-007   0.0000000000000000     
   2.0951487627596580E-007   0.0000000000000000     
   6.6254420076792993E-008   0.0000000000000000     
   2.0951488403945476E-008   0.0000000000000000     
 comp:           3
  0.99999956296075654       -276.25388233751073       -276.25400307135124     
  0.99999995814422804       -276.25399150852667       -276.25400307135124     
  0.99999999583205379       -276.25400191993941       -276.25400307135124     
  0.99999999958338115       -276.25400295625860       -276.25400307135124     
  0.99999999995833999       -276.25400305984249       -276.25400307135124     
  0.99999999999583411       -276.25400307020038       -276.25400307135124     
  0.99999999999958378       -276.25400307123624       -276.25400307135124     
  0.99999999999995826       -276.25400307133970       -276.25400307135124     
  0.99999999999999634       -276.25400307135021       -276.25400307135124     
  0.99999999999999978       -276.25400307135118       -276.25400307135124     
