   0.0000000000000000        0.0000000000000000        0.0000000000000000        0.0000000000000000        0.0000000000000000        0.0000000000000000        0.0000000000000000        0.0000000000000000        0.0000000000000000        0.0000000000000000     
   2.7381349159738395E-002   1.3833655553982169E-003   1.8652454748352903E-002   1.4575055846680375E-002   1.4226986502404853E-002  0.22069932118199082        9.7233716324417727E-002   7.9354542946136766E-002   1.8865917374426999E-002   1.4659581018417824E-002
  0.63819865467043768        3.1655490305489131       0.92085430897283982       0.59731485916507376       0.64841592268166437       0.46053896114690240       0.46647273477248474       0.50235604291926816        1.3599258815730768       0.61940189319493999     
   5.0485546842417399E-002   2.6551364346068668E-003   3.6181789375193910E-002   2.9056032173988222E-002   2.8694480933468346E-002  0.40920459755127281       0.15949565745277416       0.13963887734830399        3.7272254737847815E-002   2.9147801727422221E-002
  0.63543153688513077        1.4587584378605829       0.83540423525567875       0.63804566481310532       0.60351515653327015        1.5057666333004687       0.68396304170057798       0.82577508204918770        1.0444700611601550       0.69426964003116476     
   6.8971484866042543E-002   3.8332538400796955E-003   5.2511395900138882E-002   4.4309749447617910E-002   4.2969767731895696E-002  0.45930922656096718       0.19059997121234978       0.17604615902410437        5.4464457286171233E-002   4.5801413587446820E-002
  0.68997896634175127        1.1688272342456625       0.58374007615975987       0.63956129918735583       0.63453891861371148       0.98767281698213449       0.67678455371577273       0.60823229773796994       0.92185402631997815       0.71703848162955941     
   8.7396499205971756E-002   4.9810747595612787E-003   6.8339928269905315E-002   5.9542437858836499E-002   5.7622314220669033E-002  0.50726864594700816       0.21618690260237755       0.19922317285830801        7.0619742868501728E-002   6.2165246418913252E-002
  0.62832601917212061       0.88366039672199082       0.72822361728445351       0.59028254105431299       0.53928530300942601       0.83678523405134053       0.73341846662401167       0.57370596699950105       0.88832529960199746       0.51686528358049177     
  0.10525839946489479        6.4465621303008702E-003   8.4289664848998941E-002   7.5962865972181645E-002   7.1221139643537601E-002  0.53983925600513916       0.23455869546552960       0.21774332475455113        8.6112703690270131E-002   7.8814789602604005E-002
  0.57741729025693467       0.92822559844353814       0.68563783818002322       0.65039776837759788       0.63262237179309277       0.91362571021026362       0.63651681176684505       0.54571055343505082       0.85597887475309831       0.71517507029139926     
  0.12311016593014534        7.9524281914776281E-003  0.10079968805602182        9.2377410674164634E-002   8.4479105799939350E-002  0.56904049013357505       0.25173213015321017       0.23461752083435694       0.10054890260045250        9.5289545526328914E-002
  0.63598556315261368       0.78522227623773533       0.58159012906905883       0.75448390872083781       0.56259691792033195        1.0142043630477577       0.65876586561592676       0.74251965182828894       0.78609162583547010       0.67014222247627919     
  0.14067754409794192        9.5409174404764291E-003  0.11570391059084198       0.10783593854251657       0.10191594349770215       0.59411012545472852       0.26603835368611362       0.25147904647809516       0.11374082732121323       0.11114675242378275     
  0.60158157336245643       0.65709135782298900       0.62589221539912709       0.61393728429161309       0.60513512402257486       0.79161341089356918       0.65074368915865488       0.77406610184375746       0.74081875600438041       0.51785724763950791     
  0.15838219915126070        1.1217551774168779E-002  0.12953902343770127       0.12347867991696662       0.11982449681415926       0.61648278819287627       0.28027553210894812       0.26513067094493087       0.12873742126358964       0.12686184878635043     
  0.70493433478840095       0.66722833268911330       0.53584138814053250       0.73139445690078919       0.62034593775444113       0.75128072816401281       0.61488345068366290       0.73386403932650657       0.64731235474134396       0.66412166615607260     
  0.17591946529836539        1.2955442846587100E-002  0.14430496718481337       0.13617379758536369       0.13793042033092076       0.63728344845986806       0.29405178208015664       0.27644806748880163       0.14597385976254909       0.14357355203472708     
  0.63229049759652256       0.59204521935584153       0.60171846599894352       0.59248731606076810       0.62440474367277377       0.72883604971584226       0.55036395139749905       0.58273897638695749       0.68458387613522576       0.62979822031386234     
  0.19327859734163233        1.4833626170565826E-002  0.15890470256411957       0.14893213814824321       0.15558329474085239       0.65561183877853879       0.30717713473714414       0.28829135655727234       0.16216065577286803       0.16013530624785582     
  0.70813562968514898       0.57155558904891057       0.55585064400228268       0.60019497685874101       0.69526218270768714       0.75812227204985516       0.61592419387141550       0.56860491735722229       0.70234016658899667       0.57832811750264712     
  0.20981192636824225        1.6755790865934952E-002  0.17390604208133817       0.16306544381119256       0.17281583922647520       0.67351028831253046       0.31861403425115598       0.30063747374103250       0.17685224513782039       0.17626223068748129     
  0.62807203095969233       0.62034809173856997       0.57665879404563547       0.52768207151671676       0.59603302835273386       0.74859810211798494       0.67361997306455346       0.59837883821565296       0.73899802358990541       0.56163375007449401     
  0.22585996389056687        1.8498073138356552E-002  0.18949491957719633       0.17703598012597338       0.19031298072727332       0.68874472450149893       0.33018621880381654       0.31238663429102786       0.19198872958091831       0.19275197160400900     
  0.61028857842070849       0.48918162232141760       0.58522522283851819       0.59886531467609794       0.58928233505640415       0.64651895977449891       0.56103926777685598       0.80299537356345740       0.67766176733532613       0.59369146426798913     
  0.24144780562751214        2.0239952156969457E-002  0.20563247649345343       0.19171638001443195       0.20531974610559947       0.70357640720145087       0.34156913997668753       0.32319830070208594       0.20767864926021223       0.20828813187099443     
  0.49315258309453641       0.50081900597480100       0.65574916001951788       0.66016291478757572       0.66328304060991627       0.60480130768994234       0.64038643646749049       0.67633108622500260       0.57134206786924813       0.53774931427539219     
  0.25670854745117999        2.2811453214773642E-002  0.22199998308912797       0.20520953826980290       0.22068761685580315       0.71753277691227935       0.35298590411813929       0.33403190790489584       0.22416979650616581       0.22400212243583123     
  0.49164514193382075       0.61817765104662625       0.71991694482813129       0.55959787529143024       0.73192503738580250       0.61734976256008578       0.61391945613975951       0.62694759461806171       0.59674758962959229       0.56220750114127049     
  0.27211578325469366        2.5288118558432649E-002  0.23766315095462465       0.21701042031795517       0.23272096614171947       0.73080618343725556       0.36467679119110336       0.34434849428205705       0.24117088635429673       0.24016292681299789     
  0.57672886733582929       0.46897530944004590       0.67499306953838978       0.64804577446240896       0.65822641648737790       0.47347474784358523       0.61226342631384389       0.66380980432451275       0.61831745646447611       0.54190888956736238     
  0.28777917763719796        2.8089873509064143E-002  0.25278125690688563       0.22863256298985205       0.24568494134851576       0.74399494985186576       0.37572290068614322       0.35473596725353951       0.25846189038628353       0.25627000094556329     
  0.57322279014558086       0.54838204400202073       0.48513624300586877       0.63205910015462952       0.59544201471515501       0.57932719081021977       0.75526832107240216       0.59103283067221424       0.69999755518887363       0.55546782777884529     
  0.30229814993675802        3.1005015794121273E-002  0.26770159526904386       0.24299716566635576       0.26063416527571720       0.75682482481897351       0.38524660125180671       0.36632835351929871       0.27545847562473208       0.27119378253951998     
  0.51350060656509333       0.51915167909380511       0.58653817099711225       0.53537379082577263       0.51710556773923000       0.55869052833562571       0.65077783383902543       0.66995192693761685       0.71288903860992092       0.55564945552829903     
  0.31633675337704581        3.4114377795465320E-002  0.28226414830045504       0.25755225509967306       0.27531588087528813       0.76836438243419880       0.39573381883203179       0.37764358180835111       0.29455267897882825       0.28613943067098674     
  0.58294558130956398       0.54885559178261978       0.58202445912254286       0.66731175935122156       0.70559851825551723       0.54508943073326077       0.62854302951496299       0.70348192235882900       0.57287804804860565       0.48153706551021613     
  0.33077442775373822        3.7404697635838792E-002  0.29799434155913418       0.27253327980068698       0.29012136048857473       0.77965456483631890       0.40780067590120955       0.38982257835624240       0.31416224076775384       0.30080050827679666     
  0.52179720789121253       0.53857869625288968       0.54735437503761375       0.60131434587959198       0.60227349010074460       0.46112401630047367       0.81643365121186207       0.64446461279516876       0.57571589742835405       0.55118804250858122     
  0.34481660498228778        4.0811167953295258E-002  0.31262172010725003       0.28773879007324243       0.30519572333901290       0.78914304153339332       0.41948764441934955       0.40233591762359494       0.33284135370952350       0.31498069369887005     
  0.49662942935179011       0.57769588253798931       0.54963518675984913       0.70704033485294948       0.55459360534191615       0.46484330658879808       0.72700850849773546       0.59331512702177613       0.66762311074039260       0.50089906983430865     
  0.36126751153375508        4.4292414143387887E-002  0.32720733523224432       0.30387441114511576       0.32081330032151995       0.79878112542802981       0.43047073823598564       0.40960795540287587       0.35119168823123903       0.33057604583518779     
  0.56793926558909280       0.51845047330528005       0.64109011882100331       0.67501139812234356       0.63428749172590249       0.45108426182606437       0.50030444262267815       0.48654132114870802       0.56964043545958509       0.49838405178520256     
  0.37742345946377071        4.7935950026395870E-002  0.34186137346603251       0.31992607514664950       0.33651295039581747       0.80784147206480295       0.44117913856700103       0.41780292736511365       0.36839247417392151       0.34630749464452837     
  0.63723577561020217       0.51430891974563175       0.60917139539167742       0.63987569533965205       0.61117109519729673       0.47896820194619627       0.74097885072372538       0.54141620612716324       0.55324643774957616       0.58639506763730309     
  0.39326884540166679        5.1814405954049278E-002  0.35611185326702027       0.33639545819248501       0.35193069631014934       0.81652724508930841       0.45183446726994048       0.42785201318552307       0.38432166469353379       0.36398238927583970     
  0.65701826591533574       0.58301898626866622       0.72072238762122920       0.59146962678132020       0.59640105024412660       0.46643751132594485       0.59783930632825566       0.46605303375924445       0.51224068608318607       0.55063400567796983     
  0.40937751909007303        5.5903203499177538E-002  0.37003052006840170       0.35319515968433818       0.36656044016204548       0.82482104132780043       0.46242633316883536       0.43846505214292403       0.40052565633181880       0.38163190825258486     
  0.73230044820710194       0.65387023338151440       0.64290722212608231       0.64179193217859998       0.66701140678588311       0.48317306031784024       0.66876282809190157       0.56678129624797058       0.46587552542309629       0.60717732666739099     
  0.42556143915549249        6.0181876654780760E-002  0.38377871163432059       0.36886020113087381       0.38097075847241768       0.83304870125968267       0.47137608126716224       0.44975275494074263       0.41710724424095064       0.39865232030379599     
  0.66367631278722750       0.53717744925852939       0.59332165329160258       0.60128354599879275       0.57041521256557615       0.54885617403843889       0.53709571552139801       0.53814952886671830       0.47570696671460544       0.66790070355296605     
  0.44193506565252166        6.4652610164541907E-002  0.39739722591613058       0.38489724351050780       0.39466539476986867       0.84096816645062344       0.48063620357938142       0.46141710487511556       0.43351119530301757       0.41559701737597760     
  0.69794466376562236       0.53307843594164606       0.52827889977806397       0.63298455680515098       0.53081715133076224       0.47457156330678063       0.67407982288888080       0.60985341956635608       0.54979664518608917       0.58186159475877541     
  0.45745022997212081        6.9362519482478416E-002  0.41143852169389744       0.40041741601393116       0.40811869849719223       0.84872895893876132       0.48817353878179687       0.47355320271629803       0.44948844630602136       0.42936526090566707     
  0.73081630199694936       0.53918555424882519       0.50926262916415121       0.68055907709102259       0.52293081106072525       0.46383464962523108       0.53963532999057673       0.66626688127682709       0.56135202417973662       0.61689573957355792     
  0.47239864225372047        7.4382058955155816E-002  0.42560546841488117       0.41619314690485759       0.42055377244157532       0.85627717368489520       0.49613473570290600       0.48636935934914916       0.46586027748222503       0.44391220634823830     
  0.61347844343916513       0.50773909827359642       0.66126841572982875       0.70162602362641679       0.53104607259521508       0.47930174733654457       0.50021502766258141       0.52603505939890582       0.52401064386304574       0.55777342448327571     
  0.48707551561030443        7.9847915675722803E-002  0.44040858650941284       0.43321816332124080       0.43230223158366815       0.86364730661452360       0.50471406537973751       0.49988895609668571       0.48212793631688083       0.45573427986683573     
  0.59258660359392412       0.53288745226508039       0.79174329596402759       0.56611849423582250       0.59107829236585818       0.42803792810235153       0.55789028922088968       0.59805751628858494       0.50233550185525355       0.54464470007975674     
  0.50172004075942067        8.5476078160452468E-002  0.45542675576917585       0.44998463224299723       0.44721569924251692       0.87083352189886631       0.51313492971013375       0.51336786456642736       0.49838032803489479       0.46830328925905462     
  0.65338606848498582       0.49437906346739663       0.53137130350494843       0.61289026061259499       0.67609670943548916       0.69191413989117656       0.58211722380795461       0.57535722050873617       0.53173672022289520       0.57503633441066182     
  0.51727172918339104        9.1535763802586143E-002  0.46997391231555291       0.46715718458097155       0.46254432485655023       0.87770412824613675       0.52110948350243602       0.52683827352463586       0.51482395461771069       0.48361232662432502     
  0.64922635043879473       0.48091068616798971       0.47261685766347372       0.64206020388155638       0.62996574673871275       0.51042894449005416       0.59609059451874846       0.69698085958812783       0.54623907428313445       0.99909272902670487     
  0.53297494483658392        9.7626209707738887E-002  0.48425741313279141       0.48418051966729270       0.47874966171942507       0.88433951452942616       0.52949828422297196       0.54046335588202599       0.53136057648028090       0.49837783582821460     
  0.57074204053520206       0.41034033225801531       0.81056369171281906       0.72888337993938757       0.53230241237140585       0.61160846870287189       0.59249319622494301       0.65804761507132037       0.59632817807957328        2.8462852054405525     
  0.54717217783009309       0.10437679978147256       0.49861748848925314       0.50145593084488937       0.49531200664488861       0.89082599547185393       0.53890467192604774       0.55440543650366669       0.54721956466806665       0.51126796549201092     
  0.59361274331281577       0.44506651554687854       0.55273762648079650       0.56874260290301104       0.64517591757706128       0.49957032670478746       0.70905440678086895       0.61256270465716411       0.52597753849684692        2.1561397611224589     
  0.56103244144264974       0.11123544691566177       0.51270821788181842       0.51889053685731623       0.51233330681230838       0.89716120019831558       0.54750295004987870       0.56826718125506170       0.56292093352633465       0.52497221945940575     
  0.53675794452063341       0.44693697720261122       0.64730291626750347       0.56758752307028038       0.59058514820299590       0.55847924023162221       0.52108346926387861       0.56889265740872186       0.47611296961829286        1.0411280439919379     
  0.57550433848121574       0.11885569595717881       0.52750925402751259       0.53591187404302276       0.52944485685515907       0.90308282756800351       0.55416273154630691       0.58169111515837579       0.57893651779927169       0.54002797946906822     
  0.78400944194186128       0.61406118646599295       0.55535535897422428       0.71045771340358543       0.59419461003421059       0.50007552837690916       0.45099767532161428       0.60417208226268249       0.56846717006713099       0.67169389829487047     
  0.59007217797109801       0.12663637201410033       0.54292633776442234       0.55329139629393809       0.54673716464609534       0.90827189114499973       0.56204511215734432       0.59544323059144766       0.59445409681934491       0.55481033010749936     
  0.72067094630737416       0.49885889684428397       0.66246986221722604       0.57660611850477683       0.69511254160192415       0.57473329984888888       0.57665581144806188       0.66095865616282479       0.58021670452304464       0.69952714629588308     
  0.60354075518409944       0.13500632795453343       0.55801217716199003       0.57102956448377462       0.56381811215118882       0.91337656697990510       0.57198583759386390       0.60950443442764390       0.60845538921501063       0.57142708776437245     
  0.70902347517841746       0.59645397275657830       0.57133718916475174       0.61872109187995883       0.68818442342303487       0.51416495626361736       0.62576319845316064       0.56273489663504828       0.53023807937368928       0.57197786297284015     
  0.61698149643609324       0.14355469934198845       0.57276392259488207       0.58918910912032252       0.58078200921899892       0.91815896947152531       0.58154902442966994       0.62389857438370655       0.62239328715518005       0.58849687331261769     
  0.52837344821948540       0.58108375236055421       0.66482516325284480       0.64355817119718683       0.68731057994783085       0.50604602118962028       0.71218845372048267       0.57084312395194015       0.56902618117929282       0.54379163514821804     
  0.63226623124243875       0.15350738913719927       0.58839787126224075       0.60259774613542028       0.59796926715740317       0.92279339477721478       0.59071269491530320       0.64067472333461373       0.63627009061398432       0.60383907432069384     
  0.63444003134687033       0.45018287885304026       0.61426898008212660       0.60256899451521995       0.68492320626667624       0.50041794979512355       0.71724303905629372       0.72448873119325929       0.51714460928152894       0.72448261022263483     
  0.64777160944900469       0.16337020464842228       0.60449020069519543       0.61639004726491609       0.61537201595244484       0.92719697033702542       0.59991650969870869       0.65716340880927160       0.65152528623800543       0.61910280170689702     
  0.67964646484882651       0.50354397816560859       0.61121007734179300       0.73550146253023296       0.60186418832335087       0.55631832372506762       0.66578034812357523       0.67382663868394965       0.47214787038870965       0.47558134374207028     
  0.66518961849609648       0.17550674885727555       0.61930345130094433       0.63158130314896632       0.63283080158159344       0.93157843797392237       0.60956896496705826       0.67262294973889569       0.66687036869144134       0.63394941166324648     
  0.79366143094637354       0.55994046614377457       0.63982244080420203       0.62302632138538183       0.68725799075373872       0.56208916879852944       0.56328868317464764       0.58372186327984432       0.51642347166027491       0.49877129497320893     
  0.68175982363750598       0.18793794788038465       0.63373576871287685       0.64630512827959896       0.64958070020936942       0.93576843984035352       0.61915456124850343       0.68838833182444481       0.68212755320519336       0.64906301081267170     
  0.67269146035358585       0.56822476458512072       0.57629471753047823       0.56409896569297835       0.64273961230246934       0.59983198379111757       0.72253246861797504       0.65121266819651724       0.59566237442090231       0.61411070518647348     
  0.69681698202729658       0.20104043335413871       0.64795058309018438       0.66173775967353610       0.66596236141500431       0.93982019106585035       0.62820172775318373       0.70163965315355259       0.69795102754892457       0.66577500189747285     
  0.53315168622641185       0.54827660866908801       0.51613423029835392       0.64710989540891928       0.61400855488825812       0.48840669740532305       0.61124766942436126       0.58950680273451095       0.60499628922812054       0.61166426498284676     
  0.71225240579577676       0.21443757830697513       0.66214878689893408       0.67703043630773374       0.68209249903363534       0.94351530557600494       0.63759339839239115       0.71498435053790399       0.71413896060883941       0.68239273477278872     
  0.54743694889697692       0.55224695730462681       0.59684827812521235       0.61368469448562013       0.77435762183403756       0.52917302407620614       0.69776804061575404       0.55930621311541540       0.54002127619228824       0.57581275512085484     
  0.72661144064837557       0.22898623818707664       0.67488664583136027       0.69311900258937875       0.69731986502078291       0.94720612571968565       0.64759365074385011       0.72909603205872353       0.72952023762064278       0.69859896800854926     
  0.47467524237290809       0.57948185346954639       0.75206488178152764       0.66046202542447330       0.71203860033955657       0.48061218075200701       0.62262200831441528       0.56381661552540596       0.65054831039885852       0.56290647725135368     
  0.74127543999715595       0.24396676943529721       0.68706181584966053       0.70889491138962613       0.71176956069963582       0.95067155385035651       0.65749833900314525       0.74374898893098018       0.74495718735315575       0.71452548716762898     
  0.64608560085952460       0.59386178168695503       0.56394620974763388       0.59138313278441956       0.52276073034286941       0.48564600365005356       0.74532146542920130       0.69061778052658906       0.47998486785491534       0.57476156248688914     
  0.75617725792031054       0.26225909895709054       0.70205515214642056       0.72765043631004922       0.72493710265766576       0.95419409785639020       0.66732507735928281       0.75840125253880908       0.75952571656328416       0.72978300741304691     
  0.65101560678427273       0.48978245535020637       0.64600414935820005       0.68393791130468762       0.69490292550411537       0.56773327509448668       0.59586790753182961       0.51617141186314974       0.50507778430001082       0.55353029684792687     
  0.77099869323657422       0.28100315212384386       0.71782271870874925       0.74631622308695500       0.74028723376210714       0.95748532321667867       0.67717322304298710       0.77339269214428952       0.77385339800542186       0.74529498900881308     
  0.59243300676813360       0.46437239910843187       0.58635867759241067       0.65931530576285180       0.60423094337133409       0.63776274787777409       0.66692720207502643       0.52671082656056101       0.63710472974380838       0.58941468982320044     
  0.78542799544648279       0.30165046037927390       0.73104641155737038       0.76404945329052998       0.75672161543445315       0.96079405004448559       0.68675333571020691       0.78824867156155265       0.78841673222181652       0.76201808868097953     
  0.54070101899982004       0.46544024765170772       0.69680595202939066       0.63670526518349968       0.67690492783617295       0.62838204795869446       0.62173312853740947       0.52461361773500126       0.55661779313983384       0.56714882666203326     
  0.80015230036931750       0.32419725640208358       0.74374933535249643       0.78228006469833400       0.77344259241970204       0.96373388228146051       0.69635747144237004       0.80315863242492525       0.80301777575160715       0.77969994355805572     
  0.64662516321607699       0.61757377969015737       0.55863739794822809       0.62054767526979782       0.79131259539060028       0.58107660019691199       0.56206988080246190       0.73576609816147642       0.53408097901228269       0.61691554350441102     
  0.81767524206195363       0.35059157349522713       0.75755836523022146       0.79784213475786880       0.79127172446549332       0.96670425804763405       0.70571139025732865       0.81975005540885304       0.81799075514225428       0.79628214604147651     
  0.71717349266935415       0.48649506514508278       0.66556686453515235       0.58848862197175222       0.68829631653094392       0.48761355184992794       0.54220936407124565       0.63473667981150750       0.55947893959720774       0.59466485596303442     
  0.83427733473439414       0.37936543939835654       0.77135894140554406       0.81233763756309041       0.80985280648935498       0.96963657802081782       0.71555841662986253       0.83550178624703964       0.83288046157702966       0.81282877414930188     
  0.59434375548638008       0.67393750262221241       0.53479999562909952       0.55175857774286052       0.70998552251026525       0.49528551356149103       0.71572605563779212       0.66352728146635109       0.55704058411004698       0.57771470197355546     
  0.84727433853230316       0.41042089868481130       0.78491519374853269       0.82798301183378253       0.82826738100216557       0.97259494855650364       0.72570558320834422       0.85049607290144180       0.84821761951453445       0.82903997347843017     
  0.56898187638700615       0.48960773962168064       0.59761232156755384       0.48801729341554229       0.65880409830175213       0.66555790552299299       0.52268649185566884       0.48485652071760732       0.61323824146526962       0.53334855989124141     
  0.86111053796724990       0.44345882587204655       0.79857779068475054       0.84411245927622647       0.84603547637300047       0.97548214313125370       0.73586152637274094       0.86530487595694749       0.86312258481784931       0.84525569283921809     
  0.60170964425943241       0.60155450890563555       0.64496544146968582       0.52584526859762215       0.71694300706836478       0.59107031855940106       0.57573363559644086       0.62644945711016409       0.60579153100487060       0.63413427358730479     
  0.87637752356880960       0.47796045450263841       0.81100748288315028       0.86060926064746590       0.86301494236081533       0.97831518905734982       0.74652224939242839       0.88022346020780506       0.87780952549806379       0.86147815615534584     
  0.65751546161571794       0.57383193495006468       0.54339068574334048       0.58683549499460597       0.61706485914974685       0.59359491783246887       0.55337977090427781       0.62144670523780654       0.55549246511530292       0.62157074653238664     
  0.89136044836665218       0.51636215521229956       0.82309727288495826       0.87798641840204639       0.88127314605398988       0.98090616418266718       0.75757227476743549       0.89526056706650470       0.89258572111892420       0.87731340348752129     
  0.60282267641732912       0.65718746696776231       0.62277915379964621       0.62942617313430793       0.61221757437001556       0.66763680851527840       0.59081506047588306       0.64113746079949496       0.63695568542628656       0.64490283902170054     
  0.90585715621797758       0.55687053164784639       0.83910954895275891       0.89305188835517879       0.89525920537969905       0.98345615779008644       0.77122580552712150       0.90907518865326209       0.90663175629715764       0.89191804650325768     
  0.63926682327537176       0.58171721472087190       0.83090752267449386       0.65275745329472978       0.60378488430348332       0.81974219121618186       0.73823665817819017       0.73959127263298341       0.70148639581978633       0.49023753585867991     
  0.92007617193472935       0.60215123291379158       0.85470610253981671       0.90745717124507164       0.91011144355753026       0.98575437797754095       0.78450763438612292       0.92253407507238860       0.92067727827562718       0.90650757424802242     
  0.68057632872746199       0.57326654948166345       0.60829723898664645       0.54867515838932501       0.54153892560343986       0.77194614371493120       0.54807716738819245       0.72589787794791827       0.66639249450800331       0.63782514844240856     
  0.93477358843175629       0.64997963016422566       0.87237382710463196       0.92119337727864448       0.92517142613518466       0.98782852607150640       0.80164376536580273       0.93639383860268144       0.93411514988444844       0.92155474326141607     
  0.58282094370074200       0.63618327450863554       0.55748313408008654       0.58834482870779226       0.62191836499741104       0.63325054196456076       0.97317236374446447       0.49031512165792013       0.56891899807010959       0.57313816407038376     
  0.94952649064119865       0.71422393813531215       0.88979277717557503       0.93452990977775485       0.93970368768319712       0.98998270532709864       0.81823696018467207       0.95037730547786481       0.94750028984581913       0.93662508623169338     
  0.49404670214831864       0.74583411860302884       0.67413470856689661       0.63224795221293462       0.48726325322874886       0.77229375592976957       0.65758266350152550       0.72837756189556480       0.51915490049096868       0.59811171613640934     
  0.96401105902999762       0.78082835356243296       0.91289776903170006       0.95141351444733546       0.95495267561352859       0.99226418980441933       0.84447076710960411       0.96366552317566112       0.96125688219184013       0.95227053571624609     
  0.71123606953945451       0.89778941883660424       0.66770548845535971       0.60705706459251296       0.62077646182664548       0.91217163077019625       0.73669528131014661       0.67877418945958579       0.56363827425139379       0.53896655238705438     
  0.97822069342296836       0.85318917331978983       0.93777569697405649       0.96818214093735089       0.97016904352291422       0.99460663836616070       0.87326004866048246       0.97608242286953162       0.97519111603022079       0.96794231867282643     
  0.72072968005142946       0.90873939163241968       0.64204221721915666       0.62776903077475010       0.62918025164437397        1.0198917083702519       0.63770703890583103       0.74108897211492597       0.65257808286262942       0.55697316943953157     
  0.98926732185335253       0.92725628237604940       0.96871162179034498       0.98425521673076288       0.98507977687843373       0.99728946792511064       0.92914026793054605       0.98812997909080014       0.98766660932916084       0.98423664269163891     
  0.58816378992393425        1.2804280306043270       0.76976122142205250       0.65350849238116915       0.56196639963142025        1.3548047900661804       0.55274016982390939       0.73917888533723408       0.54957193373620172       0.58107284604580278     
   1.0000000000000000        1.0000000000000000        1.0000000000000000        1.0000000000000000        1.0000000000000000        1.0000000000000000        1.0000000000000000        1.0000000000000000        1.0000000000000000        1.0000000000000000     
  0.95925974582749041        2.0825175768182791       0.63581846505390205       0.64920094571419573       0.52928776365119179        1.7630568000383258       0.40608810201847012       0.72970230006083570        2.7046686760442196       0.60816478991923750     
  -5.1747922326263565       -19.542847955692292       -12.842885159573497       -9.9758081929619014       -13.072198939774220        0.0000000000000000       -7.0516933442578891       -8.9499261075667516       -8.9365816132698583       -13.423086096332279     
  -9.9034008910487792       -7.4766168748236499       -12.402428176614396       -11.772643516274901       -9.8006650974103433       -1.1540361055866233       -10.232409884803468       -9.3150688202866370       -8.7256528689257440       -9.9278569542132793     
  -13.108898997394359       -3.1705158645994334       -8.2095108624320332       -8.1525723651910678       -12.993059569021719       -1.0441041451531574       -11.387974945040316       -9.9691564573795510       -7.9679802263314201       -6.4897741372533462     
  -12.448341645629899       -2.5764387988506559       -11.645626487832153       -6.7026226291599658       -12.538771666882923      -0.67010028149613454       -9.4836674239088818       -10.347016142154322       -8.3630388363554697       -9.7325844918201518     
  -7.8324572337699161      -0.15975033176263190       -8.5054560104777810       -13.530119779886565       -12.421762321938473       -3.0593510842732705       -8.2778015580809061       -8.9975869043340158       -7.0715256255054726       -9.3248168665197788     
  -13.040070588075304        4.2623991406959583       -11.706632937539633       -10.841241456075089       -5.7288706267358869       -8.4432608172287491       -13.852130209837201       -12.132206013555939       -10.044247456874487       -10.699266277542417     
  -7.4861592048845207        7.0142563658833765       -7.7401233692147304       -6.3829735901222104       -5.8802451419154904       -10.295102929376107       -6.3562498351993790       -11.110037675544184       -15.218324450867307       -7.0324145545762953     
  -8.7829035384824987        21.459849415685078       -3.1087673170325179       -12.362595132124241       -9.5714506544520326       -15.076792399206530       -4.6727197242395766       -10.216985018987870       -9.3427035186538649       -14.743736963259170     
   1.5326361128416444E-003
           1           1           1           1           1           1           1           1           1           1
   1.2096911214457177E-004   6.6228840631711217E-005   4.3580114461362068E-007  -9.5835628027283146        4.1353577891722623E-006   3.2026018730332643E-008
   2.8670813033797445E-007   2.4805628842048155E-007   3.5310263622318585E-008   1.6107709472367355E-002   3.5269563848323356E-008   1.7124350576135164E-010
   2.6349549377495170E-002  -11.847029591588740     
