   0.0000000000000000        0.0000000000000000        0.0000000000000000        0.0000000000000000        0.0000000000000000        0.0000000000000000        0.0000000000000000        0.0000000000000000        0.0000000000000000        0.0000000000000000     
   2.1123466847061310E-002   1.9502154601947378E-002   1.5521963316008454E-002   1.8039100259563762E-002   1.5114341481961745E-002  0.18002681848478427        8.0940018125288310E-002   8.2723015878325909E-002   4.4546520632444415E-002   1.5515128892622769E-002
  0.29068078014675158       0.33623584002487877       0.31813059610070521       0.43102533927309888       0.34357038431358294       0.24803447265014833       0.24633823412293879       0.27479991069768289       0.32391202455622048       0.31166881783220785     
   4.2307626801527137E-002   3.9681600832826541E-002   3.0768195264543094E-002   3.4892637901203748E-002   3.0145724733400155E-002  0.35296663167740455       0.13474968743312105       0.14376310480270715        8.4446017557137182E-002   3.1051910365691902E-002
  0.36514845837460785       0.39960270935583253       0.30154718283750764       0.47000154937552124       0.29247220692321008        1.0217481931548587       0.30918424737261274       0.30510433539066073       0.43292856573287225       0.29445166273665485     
   5.9886819216442275E-002   5.7528628634815421E-002   4.5632725783071135E-002   4.9274214769217159E-002   4.3944369622824976E-002  0.38223314412520087       0.16273754920710079       0.18319496380140710       0.11495899244019078        4.7043769416144514E-002
  0.29867838067990438       0.29867246844839579       0.26233556332005792       0.33207891813128693       0.29308251151277870       0.32349493208494517       0.29338232244043966       0.31670767344799222       0.44452376046686132       0.30325070585824443     
   7.8592010196870260E-002   7.5863349502666322E-002   6.0612348806139756E-002   6.3971001942119507E-002   5.7818184565114991E-002  0.41266034816393860       0.18451123449661497       0.21301435049979195       0.14230300957281464        6.1766402362363040E-002
  0.35087508730464134       0.41435558392540484       0.32001433794796075       0.34916952619685765       0.28868703193962236       0.35757841006673263       0.32248614793006158       0.29584431638226333       0.43325724851974401       0.31264854404638825     
   9.6707089567550072E-002   9.4006489077294947E-002   7.5895532075828956E-002   7.8997962561902071E-002   7.1109530334392657E-002  0.43363387556503352       0.20191989203587218       0.23590788686816880       0.16660486055066664        7.5868595979240130E-002
  0.31313790672567660       0.36707130867445004       0.31114472762751444       0.33557878967021110       0.32275292020361740       0.33268114377635649       0.33243739489506674       0.34028559589103619       0.38673544247867064       0.27499866086835029     
  0.11474397650068104       0.11159884640784663        9.1613711916486137E-002   9.3628968065641860E-002   8.5323936191763150E-002  0.45419563154206882       0.21714578088951419       0.25552902945104755       0.19034416787775130        9.0146529530560474E-002
  0.29741147448543137       0.36979909177531262       0.32466580295212222       0.32141881556396795       0.28583297002394775       0.36535846592527943       0.32498997252097678       0.31108358569327016       0.37603871365071689       0.33037390552493007     
  0.13144738614373902       0.12852028054583334       0.10680422367501945       0.10708139425841061       0.10044401097641789       0.47264478662470494       0.23069897006853227       0.27250897875250912       0.21333591999513868       0.10506550375339468     
  0.33959909275188394       0.38899166180230088       0.31534272168375010       0.35178746863265203       0.37229568747653041       0.31824927764892774       0.32471972756417200       0.37335694499038596       0.36262576750363795       0.29528659613230435     
  0.14812162283837099       0.14533376207822121       0.12169752775561121       0.12043846520488020       0.11543458166962881       0.49093666469454128       0.24278792602810656       0.28851856463118497       0.23530137591010347       0.12000640006127880     
  0.28587101258305986       0.27153788338165569       0.31573390834047471       0.28047098598254711       0.34129979271831723       0.39651514642842894       0.33608905363240182       0.36337048778852138       0.43103516214107801       0.29536010037069971     
  0.16458618682523934       0.15976416011930311       0.13892381892788513       0.13671054763632576       0.13129485093963050       0.50764141118199724       0.25356955319561353       0.30393862115186793       0.25673420012308046       0.13590419871528361     
  0.28435506723342840       0.34633043359994647       0.34407657332395242       0.28921174028689622       0.32542186423492936       0.27308350049375379       0.34256999138957261       0.30735554817058724       0.30603063446615636       0.30152836712907788     
  0.18107461224263202       0.17325056740161907       0.15586862402916618       0.15316388380248697       0.14734218564231047       0.52426340507440794       0.26390401275808534       0.31910676354102313       0.27716260926973052       0.15206668323164760     
  0.30327794073370812       0.35935638900350692       0.33965501300249096       0.33484671508050196       0.33640179409104048       0.26844351981613296       0.28744198921482383       0.31540887965079845       0.32876244542815369       0.31276367083909729     
  0.19775358123126627       0.18747069642752998       0.17162098909502246       0.16847395367149884       0.16341644554219420       0.53857836423935423       0.27366707428927983       0.33395417837815444       0.29685196568038785       0.16779584761867947     
  0.30234611260568206       0.27501209110456321       0.32876611337961165       0.30812603336504818       0.38346737504760087       0.31214609267208493       0.32954010175108678       0.29334337296065155       0.30541080999826775       0.29791799387225609     
  0.21414660258835344       0.20191523849260545       0.18737905453026665       0.18376636071322838       0.17952835373249690       0.55233257125014412       0.28331020005110408       0.34813181564499207       0.31629130626587915       0.18409189788983765     
  0.32170176232045739       0.31546713616261529       0.30800819373792343       0.35154994489176739       0.28029795943790842       0.32148914380781213       0.30761039789389699       0.33744313251652586       0.32378216708832808       0.30819474281308473     
  0.22972087420258264       0.21565679792555154       0.20326296411062586       0.20042306438581303       0.19482799925340560       0.56587320428644539       0.29269410064855239       0.36180359101404908       0.33600275663010459       0.20137124292800521     
  0.30789462523810929       0.35286533642168960       0.31575698946946112       0.33109872696526144       0.29330342134369775       0.29050037074558865       0.32924945180799836       0.29265510792403077       0.34021285436499582       0.32381245465920810     
  0.24519994028970921       0.22883552194899631       0.21960055993208152       0.21776526330003457       0.21020621657475891       0.57789414112722970       0.30226402991249884       0.37495507627735047       0.35536979224690335       0.21830686986158224     
  0.28864091651156004       0.33167775648151948       0.35083200119037322       0.37146100124200387       0.28035034729048930       0.31638407248598571       0.30709200545987941       0.30829218785940715       0.26801702832289276       0.32288230833149334     
  0.26069609135730798       0.24212353900003669       0.23622022740704449       0.23468145403945376       0.22450344243294915       0.58886402507306757       0.31130039825129713       0.38777170817892864       0.37406687958477958       0.23427991515950472     
  0.40307148354242883       0.28399887037120736       0.30494159999722403       0.38193992376819336       0.31833246839963925       0.27337131320336611       0.34391372561110817       0.31310111293792331       0.29529787146281478       0.30312890399308040     
  0.27594560455723305       0.25577701299504291       0.25295903065216230       0.25157100960936141       0.23858578715356243       0.59947300891303257       0.32045091234268647       0.40068524881023376       0.39249727679073820       0.25043234551689852     
  0.28402578419072372       0.33354863629758508       0.31053165419582457       0.32559106813612249       0.26417065356222669       0.31100602443411668       0.27964939767951053       0.29855508920776519       0.30997040033193779       0.27744766480352900     
  0.29164127467240308       0.26887471658459922       0.26967149505268556       0.26695216102800995       0.25282151917839651       0.61029374491053834       0.32928738168916638       0.41348927887362424       0.41074512336449387       0.26826795986699481     
  0.29980332404504018       0.29088262422473155       0.30131180237352018       0.32209584612908887       0.30451676568849884       0.30314612553103237       0.26956008280587540       0.25818934209709099       0.30845088794949943       0.27863611699626584     
  0.30677805368581046       0.28163698784511837       0.28646204643939788       0.28187893052211044       0.26841076147577198       0.62130107356048137       0.33811216487494522       0.42645634776126146       0.42776118630490800       0.28622977983284492     
  0.31965064053453340       0.25793663321856641       0.35112717977437707       0.26324884562636774       0.25880269011937745       0.37010897100134749       0.30398068661277006       0.26978719842356391       0.34744917470781905       0.36235317605961598     
  0.32253774732026136       0.29475482057680868       0.30189327015692963       0.29780021536333440       0.28479090916172911       0.63196017948594385       0.34644554818488399       0.43993858334290864       0.44378180235044096       0.30293615730050555     
  0.30022859595187412       0.29944407037128540       0.29520705179935558       0.28088327194791024       0.29811809337759965       0.31660058660781365       0.33018633198326053       0.34214714364902576       0.29262671820561564       0.33944445144000684     
  0.33886162383844892       0.30810537677237121       0.31739796230765593       0.31327762884338944       0.30151799455387235       0.64247068694682774       0.35485111626214672       0.45353967431816716       0.45944685366398974       0.31941869605948825     
  0.29550955719463129       0.30628501641885503       0.33404722067231013       0.34383696857867768       0.35836178423417303       0.29898975898671409       0.40421370177176003       0.30920860263613520       0.26398868477393417       0.30189006655240647     
  0.35489691895394643       0.32138738201242500       0.33298252325965089       0.32739825815130258       0.31741379116244350       0.65305899655788113       0.36324697705424025       0.46741072051034721       0.47513382730304365       0.33589157082114196     
  0.36861789910704723       0.35284566998794198       0.31113724227161821       0.28956588356312912       0.31228406043281970       0.30945452615450864       0.35342843898346987       0.30054180926372770       0.28039424419773634       0.31574894685696464     
  0.37108496470455782       0.33458741692332972       0.34809126516344413       0.34161628709954850       0.33314296942632710       0.66388952638282239       0.37176788730988036       0.48139776108118215       0.49144763164964661       0.35230956559144971     
  0.30591107472877066       0.32051355180201974       0.30509751996556650       0.28049875392107160       0.31374395311147052       0.29638478706307542       0.29954849221272029       0.30507128149633855       0.30231463490314286       0.29251007793160205     
  0.38719397858797411       0.34689801664291436       0.36409112480736538       0.35710391412331094       0.34764286069968064       0.67429949855129312       0.38009172380304229       0.49465874206400856       0.50795553088646839       0.36841401238058635     
  0.31088653803984456       0.26559352817877513       0.32643632203931383       0.26726773882295812       0.33814865170666208       0.29394551060032742       0.41438035250855915       0.38597016470884032       0.30926235166837102       0.33611754019420576     
  0.40312552822123582       0.35898805636983105       0.38038468035740453       0.37294368893475149       0.36207072338004026       0.68469233449439082       0.38775992992511171       0.50744698515744402       0.52405031156009618       0.38448568583475462     
  0.32763541433053284       0.35559836027989783       0.36611831020599311       0.28994722847490478       0.32129517552683834       0.28122011392481777       0.32793136752990626       0.31875314718284375       0.32274860920226167       0.32254846266939546     
  0.41898568811286002       0.37139458134151576       0.39616886047499833       0.38754605386422342       0.37866452699404451       0.69526445395215430       0.39559101670888741       0.51983133916137303       0.53988300745865581       0.39938183486415690     
  0.35589147143461508       0.31154599791656745       0.30847681466654103       0.25514070156331836       0.35398950241326538       0.30898082251853370       0.38654744193726837       0.30171028643645087       0.33290061244937796       0.29177614938977547     
  0.43316872828654629       0.38374318288108988       0.41223105584557085       0.40209875014247631       0.39490992922388318       0.70575265753860250       0.40361399227214861       0.53243887850649574       0.55509289209982804       0.41316362833987763     
  0.26741601520748426       0.32865658576555834       0.36591230636065603       0.27978368595517145       0.30843434794735403       0.30450875599204896       0.26330198377361702       0.31996114142948312       0.27739396128648736       0.28184093632215773     
  0.44696509767284309       0.39621681097388878       0.42849823009597937       0.41737163645244968       0.41004530714940013       0.71563902016308334       0.41211676730271868       0.54523602494132528       0.57027562929213083       0.42714787927449516     
  0.27516513236769558       0.26529219090412282       0.30302477444420595       0.30922445619194439       0.29384648256864748       0.28973257356228177       0.30493651761808460       0.30112103767945148       0.33371190190354899       0.31328616319752395     
  0.46062073906427087       0.40893441591325713       0.44455156489954001       0.43278112041694405       0.42450485895216500       0.72543691350067108       0.42073847189642172       0.55838393347303228       0.58458259511072352       0.44132557478560080     
  0.27216765461028258       0.32030990012127947       0.31492416865166428       0.26088507547517925       0.27943177002546760       0.29810323208055095       0.34955749948533998       0.32831223876570592       0.36497732615118256       0.35736577748471016     
  0.47556008506366754       0.42109353262644400       0.45969815778184764       0.44720083084744844       0.43866606332924812       0.73480314700001104       0.42884210011305018       0.57203518213031701       0.59884997418297337       0.45564345768462544     
  0.33049929067975869       0.33870123093867216       0.29245131090513549       0.28892007245834000       0.32759105520471560       0.29727568021112954       0.28060161507391823       0.34271751946592904       0.32386003082487436       0.34815386807408810     
  0.49135127385473687       0.43321822509660590       0.47530707352484736       0.46164279553716198       0.45377257446230096       0.74411008646763421       0.43685132522586512       0.58566802892045677       0.61252452239381039       0.47028283294351136     
  0.29061344847435044       0.31876870859495371       0.28879507062924820       0.27825365951449654       0.28112456388301194       0.28953693643440992       0.32156366079887988       0.32965543079380677       0.31528696365453163       0.32858053269294474     
  0.50719847557182585       0.44494801572308057       0.49137353894040781       0.47559867944356454       0.46806073070121956       0.75266089575245776       0.44482441980870863       0.59909466274306100       0.62584524526538943       0.48204312807232957     
  0.35380827439793827       0.30165990676966120       0.40125125489102981       0.29856431926402111       0.28819059239934414       0.32622309636327085       0.29291376921693058       0.30712976295434419       0.33435465486407090       0.33114806479251574     
  0.52280236131386348       0.45694637706363861       0.50760179256562199       0.48833446820418747       0.48203751610796863       0.76118128422021547       0.45279823071410358       0.61220004122117577       0.63876878134774850       0.49392935019836898     
  0.33197732837376043       0.27053186394664558       0.32282700921757451       0.29458734985085738       0.32990485047699486       0.30856779758433506       0.32174211312166778       0.29229118903851070       0.34861906568425838       0.39329619975903335     
  0.53786512268341635       0.46997780906593223       0.52344384180720271       0.50075631732493553       0.49750622113337761       0.76944498621286339       0.46079012635310751       0.62516747126301953       0.65138642082876452       0.50551362295468460     
  0.31281626499229531       0.27169479916127626       0.32630015794471573       0.28481320601849341       0.31563858032585196       0.33420507466517407       0.29085179730586080       0.33692737895220809       0.31747787655290305       0.31933033987264814     
  0.55274634368695963       0.48339187884617119       0.53766291676713873       0.51338470930504576       0.51294055456644416       0.77796012685105109       0.46897665968122282       0.63828294168512090       0.66369074156013086       0.51782421327261841     
  0.28341889310140839       0.28350592110013612       0.29341727584245092       0.33671974782706549       0.25848747393101285       0.31995655499826214       0.34913115089385877       0.31211665905457153       0.30429037987076152       0.37482841197357047     
  0.56788646720484737       0.49693137319768516       0.55070262725302555       0.52759537757619335       0.52884909832734550       0.78629276965033867       0.47722581441740136       0.65136525321303584       0.67600925601923256       0.53084099239410298     
  0.29326149364633297       0.33769521613776443       0.26607356506651697       0.28784662411359568       0.28018555530858907       0.28807434254366920       0.28812994206483061       0.31310870049369394       0.30611979663069921       0.37274575360913598     
  0.58339637353745444       0.51053298678742176       0.56375130047737798       0.54175877517177362       0.54486811080765829       0.79449307509418521       0.48535716100867160       0.66447430917158368       0.68854950515028857       0.54333605876292779     
  0.27621944489350198       0.32941883874050648       0.28210282205976872       0.30076842901411777       0.30825677197753759       0.29257750520606829       0.31070156636407181       0.26819326898170892       0.26839016232542162       0.30598198962526613     
  0.59938330019356534       0.52392255059880466       0.57757772592183765       0.55522450831823911       0.56129417529768244       0.80245988071756802       0.49328374422760657       0.67762887085279910       0.70116243195683081       0.55727820577761478     
  0.39049136486749175       0.30359716257091313       0.33842482612361574       0.28954204355578106       0.30239210736718342       0.28887673925059199       0.28583192528461882       0.29565599022117306       0.30958369892707621       0.32909433847093106     
  0.61559412147316850       0.53707976429019710       0.59305209350986010       0.56849128485771994       0.57790695687165350       0.81031878920003619       0.50115285463763082       0.69068903984480301       0.71324789467947247       0.57236952622279658     
  0.31130126673266406       0.35681986335880994       0.32273023221480718       0.30968252286748543       0.30432942797891854       0.32054111411458469       0.36638419975052189       0.28443868551379364       0.29451291368742510       0.32923342018017171     
  0.63116326407796874       0.55015426150158975       0.60891191091154395       0.58264953742655878       0.59464051826150210       0.81815326800066634       0.50914404765298593       0.70338904806988656       0.72473829663507960       0.58721980585298783     
  0.37878506477341534       0.33052458203982793       0.38605242998502626       0.30280576913895674       0.31876693059044264       0.29990724564183346       0.31012259734896203       0.29970792905288995       0.26071098756246386       0.31440657244830222     
  0.64680662577265591       0.56309817162792020       0.62427759091704904       0.59694781977694800       0.61159442972431699       0.82589106222133324       0.51732132855076329       0.71574363769202021       0.73633873699782826       0.60216851415313888     
  0.30308732459117715       0.31463514777268803       0.28927491596785793       0.28290668611692960       0.37305684340439627       0.30030989774671374       0.33497458838285737       0.31927533059264757       0.28635197847404287       0.29026926044852214     
  0.66220578669768215       0.57635274224778787       0.63981056057380514       0.61077699899822402       0.62831970855889585       0.83328914241884822       0.52537331605159776       0.72797641430627158       0.74805820992780303       0.61793448772186199     
  0.32871702214694248       0.29210927755296773       0.28214046986918234       0.34320088338074711       0.30411702621877268       0.30860181019932353       0.32758327608719567       0.30514694388778690       0.29030953662628900       0.31200829715846590     
  0.67766856051070601       0.59041195947753455       0.65550864198678460       0.62474803224366593       0.64496241230616191       0.84064674648881166       0.53333582118796730       0.74083051880014028       0.76030452926819403       0.63442344130703721     
  0.28676613899400022       0.30064575234938917       0.31160563650173934       0.31705311614898729       0.32303743861992684       0.29866914145783174       0.30339645187815678       0.33966473792922142       0.27267060762205264       0.28618467578702650     
  0.69304783037793061       0.60455902514447335       0.67080726921527956       0.63873325135197345       0.66160371059290490       0.84771181664103068       0.54147285944656365       0.75430914166841379       0.77240849824149327       0.65129608857994825     
  0.34555147761530219       0.35631255797181688       0.31887338387484265       0.27137096992404686       0.28976003003015011       0.30842128253777390       0.32911495499566035       0.31571245132363701       0.29268105514308773       0.27500236277010004     
  0.70848045091711842       0.61872867550508137       0.68579415093264129       0.65258207729158213       0.67842389295213668       0.85474954373511036       0.54984172521596208       0.76745648760358964       0.78444793951177627       0.66843923061496457     
  0.32813750818932702       0.27860162040318170       0.30272116536344429       0.30023144269743279       0.32034960694752757       0.27969401926107901       0.32806146143785270       0.26228460427120287       0.30627082167512620       0.30156306371127517     
  0.72363562472887910       0.63164916496493617       0.70176894356012653       0.66533357492075773       0.69499054616880462       0.86198964955339497       0.55849762241046763       0.77926888546433337       0.79646769876983092       0.68624390192727824     
  0.29610870632934128       0.32254352783030144       0.31566318629991302       0.32631092519071370       0.31297570381846523       0.30361257045396833       0.28649602152080272       0.34614810288389652       0.30849383908341488       0.32568034268494200     
  0.73870527848385248       0.64405284287853970       0.71785912289119425       0.67821231455779463       0.71098008501236010       0.86919957652235136       0.56702280773930946       0.79054655518308226       0.80822992786335612       0.70448823844415931     
  0.31988931632097151       0.24645717397733535       0.34083071204157728       0.29164119786986753       0.33352248759766046       0.29488677872313718       0.30974851173805740       0.31602310111454779       0.28576352229939112       0.30520896907407918     
  0.75493749128761889       0.65655519971821330       0.73386789591117985       0.69147550828499660       0.72742899375017145       0.87635791455967571       0.57589092304397560       0.80164898037701482       0.81991717027383704       0.72183691671042294     
  0.29909039066910953       0.29368799144290836       0.30300879848731205       0.32637946173377097       0.31212883398198715       0.33024225894389919       0.29233928911429485       0.28213245587472285       0.26714411158909807       0.27274751191945285     
  0.77061403023395536       0.66979141280083165       0.74970692644855441       0.70488157205696078       0.74399102789337956       0.88340288997939476       0.58468632407600130       0.81323583031482138       0.83165517094171926       0.73877504411077810     
  0.31945371762022745       0.26063234278240832       0.29551302345827501       0.25865851794792277       0.37378582842785790       0.32279504414990035       0.30325534367326923       0.30578704189474026       0.31298278268491114       0.29896079319395596     
  0.78555783239561550       0.68479597099442324       0.76581823945161198       0.71874500862172996       0.75948034377948470       0.89012768465778491       0.59452911484171700       0.82627498827708645       0.84356928689236488       0.75514826216434150     
  0.35986189213367531       0.32457057290987890       0.31840058627284773       0.30875024927371719       0.29554174272419453       0.33317150288869118       0.34216069022173623       0.29196959577910980       0.33293508440589248       0.28720039525584518     
  0.80066087383171347       0.70090765944299205       0.78202299311077772       0.73220646314233206       0.77457042868568704       0.89687358370067560       0.60439590508284269       0.83901645610306297       0.85519489241024760       0.77136890134207559     
  0.27825432330962352       0.33107247216831054       0.32535683180451930       0.26706295831888577       0.30859325114969838       0.28695595016840986       0.28665376855748553       0.30366631059757065       0.31101271480780390       0.28408327108066606     
  0.81556829246778140       0.71735921295406357       0.79812850303095129       0.74522029782595411       0.78967896304986185       0.90363673873464678       0.61481917477895986       0.85088515917257224       0.86675894023980371       0.78791674966822500     
  0.33302901514537608       0.27592880585035362       0.30138337194921383       0.32150982637976644       0.36259715744817200       0.31724392233026416       0.31550254371666547       0.36506326715809917       0.29380542097799300       0.29635352683183480     
  0.83035336858840791       0.73414183091866581       0.81421765974451610       0.75889959204315593       0.80462646489762435       0.90985948164924479       0.62537758751659789       0.86287781540725295       0.87815268341797437       0.80452952494596519     
  0.27812980507783969       0.26684315223462107       0.30113083941224811       0.30125649122333270       0.32006035323711285       0.30335429359934257       0.29416375057586064       0.32014022686537796       0.29798491573798630       0.26250585313870162     
  0.84553799391832107       0.75169602212037867       0.83157078920821781       0.77341646236942563       0.82076025938346109       0.91590095252055981       0.63686090402147266       0.87490605740348781       0.88969434623103694       0.82129436239344278     
  0.31168184124142928       0.29549862449383463       0.33849618373546303       0.30597606855626258       0.30529642448311889       0.29633047412568814       0.31281747434960400       0.31675135885313693       0.28807848306949269       0.30058131469634564     
  0.86062519049913366       0.76976578345990143       0.84850788935521115       0.78821421766058186       0.83655957936811576       0.92181093996854613       0.64704075964536123       0.88672115047204259       0.90160275513515187       0.83783246002274181     
  0.31134471016769333       0.29808386577108054       0.33081072903231112       0.31850935329687102       0.32892560828449535       0.25676812665709287       0.28986803217991541       0.35099372549910346       0.33450414480165458       0.36806708040716302     
  0.87604578774663555       0.78835337079375911       0.86434545500225868       0.80380419931935199       0.85345094632677665       0.92851937561659470       0.65965594628187230       0.89834491911821102       0.91214731819639971       0.85506415251788448     
  0.30791801471831465       0.30550666001983257       0.35899533070011663       0.31841914284759321       0.29538285862799080       0.31103346595955261       0.30744591218802847       0.29212628564589183       0.29422112882163004       0.34025576514460049     
  0.89132849289479033       0.80733535817698221       0.88002255835184229       0.81986884740637633       0.86971359994716646       0.93506636362321016       0.67217836374106477       0.90988444027816151       0.92179070958004250       0.87249619100384368     
  0.32792373949138526       0.32600365257218933       0.27685066154969951       0.29252449223073473       0.31988667493802675       0.30191776585468244       0.29692274920426798       0.28572925788333758       0.28236197000600671       0.30486563237350028     
  0.90595063354114158       0.82765581083487605       0.89544533929713277       0.83644645534159590       0.88721511578843881       0.94208088435431148       0.68547537298345163       0.92132388049437153       0.93124137304557941       0.88920375804361129     
  0.35676112561750084       0.31005181729093573       0.31369812618788079       0.36676482981606456       0.31057312282804050       0.26863687202851255       0.29887584213296314       0.32531366166610171       0.27926449567975831       0.31471775801748997     
  0.92028193116547674       0.84866651890428813       0.91111414530132206       0.85330372969676505       0.90500012967879850       0.94905384471027299       0.69892333255107719       0.93253927952737792       0.94119604976330962       0.90572533592307780     
  0.27219004799664581       0.29270256798681177       0.28667703893509816       0.29739096119015196       0.33547498995306668       0.36850383282901461       0.33368767334417587       0.38281871316511812       0.26062203674854562       0.31457015930017318     
  0.93428110872108294       0.87153509676424268       0.92658786608407673       0.87085339460463218       0.92133018494838637       0.95599182694484197       0.71534411849914536       0.94292428739578704       0.95160587819604903       0.92245119452348634     
  0.30091624865302113       0.32046942840060999       0.31647276893324455       0.28194722374261361       0.39260151613678085       0.32636008808707029       0.32576740341986998       0.27880845661653186       0.27707389762521323       0.32852396584589921     
  0.94824785397749445       0.89411716255538820       0.94204606417755454       0.88857344440781039       0.93781873802063787       0.96291576280063140       0.73463807377241153       0.95467162551412543       0.96223671166200264       0.93957819893120742     
  0.32989461678073417       0.34346048620862707       0.29766397394180066       0.34350945389423609       0.29497346602502855       0.35893266161261567       0.27380723762130998       0.34345735635529673       0.30906333825301591       0.31379094441550093     
  0.96103670920789397       0.91786871750570498       0.95772679137728689       0.91041305220408131       0.95379540512858074       0.97054169211588948       0.76115836351454957       0.96609080250634383       0.97329654133338539       0.95472299977349528     
  0.30122449873173546       0.30500590558677426       0.27295073593984509       0.38049079872165309       0.30430682959596728       0.32793356286319270       0.33177369266946766       0.35893864176281520       0.31456578674463981       0.37254273525518550     
  0.97378034581014972       0.94261090997395025       0.97225104061126588       0.93424482468652570       0.96934076148587689       0.97846613059867626       0.79355412067149311       0.97773080466145379       0.98338242433952583       0.96947679109981610     
  0.29651410932143429       0.29060584838397630       0.29726734137292049       0.39435644722806512       0.32801153369033198       0.31183810458038680       0.31285088056020766       0.27709138002434552       0.26084054054647371       0.34712521464237905     
  0.98618542888561622       0.97078550133471997       0.98639106171984992       0.96527052203141761       0.98475685259041590       0.98876668883941543       0.87338485140501354       0.98883938247320180       0.99191000251035732       0.98476179139047904     
  0.28087007415486409       0.37177118540553483       0.31612374762794326       0.38427513757917259       0.30944770446286929       0.31682944801840468       0.34646745277870539       0.32243154364698401       0.28760643913881301       0.31211810767636305     
   1.0000000000000000        1.0000000000000000        1.0000000000000000        1.0000000000000000        1.0000000000000000        1.0000000000000000        1.0000000000000000        1.0000000000000000        1.0000000000000000        1.0000000000000000     
  0.41326574693701928       0.31543556212017654       0.25967072268329694       0.35147295285530000       0.32452883423468981       0.28746376305814036       0.24633823412293879       0.38164266371327726       0.41161515999452664       0.32724311503026421     
  -4.0037631573349612       -10.836993771289816       -4.0807145193963423        10.938031822442671       -3.8714360122096139        0.0000000000000000       -2.7895322406959684       -4.2268158051908493       -2.3640073567785791       -3.9379582463122995     
  -4.0741994936001120       -9.5159620897009045       -5.2842112820665221        2.9211570185290063       -4.1198494054496662       -6.5391558807285568       -5.2397284794432277       -1.4837659125650511       -5.4841425931489409       -5.4695769970783683     
  -4.6979710375999151       -5.4856545920070898       -3.8104909491752097       -2.1012838814362209       -4.2254289649933590       -2.3570828867541604       -3.8129738674860767       -4.1592565152967325       -4.1832169290775862       -5.6854844898364094     
  -4.1810068410056394       -4.1291560075840694       -4.4043393109816451       -4.9907881852753997       -3.3778416534824158       -5.8697698039537540       -5.6597698867698050       -4.9017028519189072       -4.6723217255835738       -4.3461355825151946     
  -5.7479185994915598       -3.3123821908384370       -3.5708541825963880       -7.4094758426087379       -5.4570413867986085       -5.2496766867484466       -3.3746926558646742       -5.8062712436552646       -5.6940622259029823       -4.3016634676305578     
  -4.1199063711571968       -1.5122453121150954       -4.0496262868455837       -11.779168817029246       -5.4043288317333467       -4.4903380415350931       -5.4494100983741118       -3.6850910412984046       -2.4758354397250684       -3.7855905614194585     
  -5.1276236281616132       0.30996969675171471       -5.6965676493816151       -14.955667115222857       -5.5977256555222707       -3.8280798812951935       -2.7674421125184123       -5.0527272814972743       -4.8844816757661311       -4.4267301842436737     
  -3.9618602752288625       0.75650078551174904       -4.4296164974797794       -18.662436539021147       -3.7972043629523533       -4.0772899576759132       -10.775116120375118       -4.8918600896255606       -4.8262990022508205       -3.3371646550257386     
   8.8117918117833093E-007
           1           1           1           1           1           1           1           1           1           1
   8.3351526174886916E-007   5.7147936882564999E-007   2.2615805344593067E-009  -4.8010526031415708        3.8735136733232462E-008   1.3737527036111430E-010
   7.3063202553837213E-009   7.8664125242993436E-009   3.0597537047668788E-009  0.26516789993836287        3.0549960619915330E-009   8.2497300008202932E-012
   1.3482613099298645E-002  -4.9725581808964687     
