   0.0000000000000000        0.0000000000000000        0.0000000000000000        0.0000000000000000        0.0000000000000000        0.0000000000000000        0.0000000000000000        0.0000000000000000        0.0000000000000000        0.0000000000000000     
   2.6222910927021587E-002   8.0476670818752571E-004   1.3963816304940530E-002   1.5729693122727654E-002   1.5406498936089592E-002  0.28655123822589701       0.10424654750716522        6.8247919511849192E-002   1.5685663711026490E-002   1.7341927049389232E-002
  0.66452065523337867        2.6834489962110792       0.60661972786936547       0.79469977922627599       0.62554428843895216       0.76934960970567878       0.43544517974879476       0.55385362789160997        1.2793117647848937       0.67561690318163614     
   5.1467019553870431E-002   1.6238151600830367E-003   2.7405543364834244E-002   3.1293958902247836E-002   3.0619428700165846E-002  0.44020944082899505       0.17872167547098966       0.12579093079149398        3.1320794653924622E-002   3.5064488316692732E-002
   1.0004685946124372        1.5715997612971586       0.72566456429413417       0.78625382333071658       0.52585547401341315        1.7580948037367548       0.74291148977666788       0.73564826399295824        1.6599919341572633       0.66272283396243359     
   7.1039035621103419E-002   2.4666866096168852E-003   4.2152714984970918E-002   4.7063716667786581E-002   4.5795619262981958E-002  0.51343183890937094       0.21564998314878472       0.16382545583075220        4.7646880698441890E-002   5.3064978730576168E-002
  0.79738981349502036        1.1214819444901927       0.69866907375719234       0.69642090737136186       0.61567105826561752        1.3227467897382426       0.93977817941243713       0.67722009063783783       0.95918467716319300       0.65587603389911497     
   9.0739317673164843E-002   3.4061452210425083E-003   5.6770164473133787E-002   6.2576918129610512E-002   6.0628687351774929E-002  0.55643389180675307       0.24699188637874214       0.19317694028865276        6.4377423206354270E-002   7.1496946669308434E-002
  0.71279109489223236        1.0558811752677799       0.78157019419460017       0.57524700459496447       0.57234250338133275       0.81574795060167471       0.68697261463572745       0.59101429760520330        1.0425201295207609       0.68130129341450862     
  0.10956909137179029        4.4174721549779371E-003   6.8457324170591236E-002   8.1720883449149462E-002   7.4307359415516014E-002  0.59527492141232918       0.26795275561926363       0.21495460042632172        7.5642811975973306E-002   8.8877180033193712E-002
  0.72792100029672357       0.84814170708178782       0.53512497703920092       0.62075329796541678       0.58493581858205490       0.78239824192763763       0.64609368495973729       0.71591895122109872       0.80929619244716899       0.56518442426632254     
  0.12828447242155500        5.4708317294033049E-003   7.9683495102323226E-002  0.10018078176234585        8.8291943283867302E-002  0.62174775101423274       0.28944010181119190       0.23361546673616410        8.6354113104146216E-002  0.10603995484846292     
  0.83058253353176781       0.82183852371626442       0.67030776072454046       0.68669906011815240       0.82561822716115874       0.75408687580118705       0.86639971469178112       0.69549068816228321       0.60586930233504122       0.57515193572717382     
  0.14598110327606778        6.5613874555698294E-003   9.1103932170500460E-002  0.11788108668217775       0.10198857836253462       0.64740793664099505       0.30882453289488149       0.24935896737527566        9.5615385929306920E-002  0.12269553023397724     
  0.57093519935922032       0.76587614314399732       0.53719567369999255       0.67134370871063764       0.67703385955241291       0.87732761668990433       0.75123793307385911       0.73995970199812833       0.60734602494475998       0.66844839091409047     
  0.16330959856268559        7.6709538409061905E-003  0.10257453139625235       0.13569934887923024       0.11488474634821898       0.67027552289642978       0.32740295988620033       0.26303112929243128       0.10503854263526209       0.13882267628225181     
  0.79824775235687839       0.65434714819027351       0.67922651274718449       0.59741950670033606       0.56777392367492852       0.68766531445711465       0.64717029606560172       0.71035438690083341       0.58208492060498174       0.61592585111341347     
  0.17952853470937938        8.7734777236403091E-003  0.11400991384234652       0.15220293392023604       0.12761249160861379       0.69138327562303026       0.34450518428099608       0.27415838969660322       0.11485764485430633       0.15596218644033896     
  0.66816806236545878       0.53549155649409019       0.55807063847248894       0.50200271277347530       0.52998869350027056       0.61840279014457633       0.76502503717363046       0.58309073884845786       0.67725735722018487       0.60561633094572886     
  0.19576571850023150        9.9223088363313526E-003  0.12536459252239204       0.16818359729601309       0.14107820974629309       0.71028714063898346       0.36097340271229450       0.28545143444575094       0.12610339147364999       0.17326952067708770     
  0.57627044670938365       0.61395541727000746       0.75744148041266346       0.78393648561620699       0.59351166118001231       0.62495047321306396       0.73932746047799180       0.61280889714851217       0.56187758184253911       0.67477287925624840     
  0.21133051954261672        1.1194425253059222E-002  0.13854747218963648       0.18439393645832730       0.15458022527865933       0.72753060070190834       0.37570986931767308       0.29601623483189010       0.14014715530812882       0.19063457889448238     
  0.54334225668785174       0.63750851613858461       0.66820296557432324       0.61038209245853225       0.56900358249592409       0.66113442064279959       0.77239559914110756       0.66162921537138519       0.72188721617852292       0.60577878170238197     
  0.22631960226862471        1.2464330315023699E-002  0.15165465326570582       0.20087294134804662       0.16852468420812858       0.74330191274976054       0.39016942021095513       0.30718934909224427       0.15472248298507052       0.20853832631697466     
  0.53416502657841458       0.57397326359588552       0.70613664541541443       0.57456849120797104       0.67557639886237164       0.60937517013852760       0.60837972498018300       0.62245557591278367       0.63495090031249546       0.60212546237605746     
  0.24266189485407866        1.3779441666983356E-002  0.16566607609019876       0.21726463388376802       0.18147943506399161       0.75794191807096178       0.40297799871301337       0.31627695624979058       0.17035226997594755       0.22638428360066576     
  0.63230198514869329       0.65499295899668275       0.57476886014143702       0.58184658476848949       0.56923621301490124       0.83798852715616523       0.71210970610223479       0.53387414414717660       0.65213665504704754       0.67043088315085986     
  0.25916810308251409        1.5101963108157474E-002  0.17945240436745513       0.23320065156049663       0.19532614201308166       0.77204959565857900       0.41568974034842876       0.32500498369621988       0.18613374775860980       0.24497662081959609     
  0.67119147752704311       0.53893691434280522       0.55541595940095578       0.65339274426350569       0.58071189974457926       0.59062694433062279       0.74220292098797713       0.58105435106718073       0.68527640228924447       0.63362720871614597     
  0.27653070217327030        1.6596493478581189E-002  0.19282816494814828       0.24897506284567195       0.20930158566731089       0.78552104633796094       0.42837032667202185       0.33336146424098445       0.20256166115678284       0.26377697576490178     
  0.69799996260463582       0.54087546996622160       0.57637122879846980       0.62203974492387082       0.75174966844884705       0.53062695441422647       0.70544393150252604       0.61465628006155038       0.72027843885808962       0.79194707532261377     
  0.29401205269381014        1.8078533125619689E-002  0.20663644704644538       0.26367368208018810       0.22454990219461829       0.79858464706081289       0.44112216529041537       0.34179456806265485       0.21961655754871293       0.28085255510524865     
  0.57972333972653611       0.51060835049319309       0.62294128916160707       0.52422960177578592       0.73296005007747744       0.55720500939510553       0.67877021570888052       0.61496857881202305       0.57821167026523945       0.60336195333148324     
  0.31143110580510441        2.0081393456269667E-002  0.21969124499378018       0.27830334754807634       0.24007637200170964       0.81003541222886288       0.45287085051187270       0.35039771386869084       0.23818311227732672       0.29827797357916214     
  0.84375264767855129       0.58669113904889036       0.65530349405999555       0.55629730535517585       0.49742507178560375       0.60026414474363066       0.78599234587812872       0.57785919695953047       0.80995712392833463       0.60854787985817993     
  0.32870377624487557        2.2145555145575011E-002  0.23265762993892766       0.29301338241959918       0.25873112238956514       0.82103461493902197       0.46414331167896761       0.35907841499550935       0.25617463283177977       0.31565752370523970     
  0.73747122906653806       0.60357425735094195       0.61645468903697320       0.64115496689902984       0.76646963376856292       0.55087038737815142       0.63788893043351780       0.62884757604253028       0.62110398976911285       0.56511933941712955     
  0.34607903155892239        2.4328459767656234E-002  0.24525764662226107       0.30827098545306308       0.27811970846269152       0.83092436742938292       0.47492297062635536       0.36907892369641138       0.27367104530088138       0.33349211589116040     
  0.66177064651988049       0.58289846990847227       0.55529273962386683       0.77410013912348541       0.81760329008965060       0.54534772034663892       0.46560136776643585       0.62557728125988676       0.61326652376125046       0.69440970535730651     
  0.36364127152846126        2.6554589771077226E-002  0.25773255003694973       0.32440516685774984       0.29845932181491464       0.84060877174580362       0.48538098380202860       0.37897987151025836       0.29064018187761254       0.34895794965093063     
  0.75300808750456516       0.55102864916390504       0.53891728202514855       0.57058381020869187       0.62192966751961587       0.67467168546779799       0.64523949614350984       0.62917312598964270       0.51921580132252321       0.56064447140521134     
  0.38066070667720903        2.9010852495857886E-002  0.26932567056200346       0.34053656775287006       0.31806223499079911       0.84962667709640216       0.49643040757462337       0.39019837220824971       0.30760244613146781       0.36470591402144320     
  0.60358846902236807       0.57878073186245849       0.47018664316126646       0.69741923880190104       0.78739042038148244       0.53836578277978431       0.58224966086364449       0.62757473572225042       0.59149302980034624       0.64554332515520296     
  0.39769771333165643        3.1662066889733852E-002  0.28217195600580031       0.35727032826000338       0.33609230590499783       0.85840937072082202       0.50721178053380689       0.40133510059672184       0.32489055621488133       0.38059084082736039     
  0.55767395451931001       0.57924192015660436       0.54078689328223906       0.76398527349968359       0.76427361048277986       0.52542096098663749       0.60184329131695624       0.80030428209729865       0.55181988005092486       0.60839478488275922     
  0.41336008704977267        3.4425219554303929E-002  0.29595268778584671       0.37426736354181372       0.35340915152205421       0.86670149306019406       0.51736872827429814       0.41310249021180401       0.34186994041294705       0.39628362306333142     
  0.67936787405815680       0.52432573131072702       0.65249930420224012       0.60909952782450627       0.72114041891614000       0.52744396418090034       0.66994950272004339       0.60608406657012648       0.61457581145921070       0.58641251864452781     
  0.42826210147434490        3.7354020045605278E-002  0.31022199767614012       0.39165385438015055       0.37040255311015075       0.87493007153436553       0.52733067027867520       0.42425513780775076       0.35954204684576874       0.41258216248069163     
  0.55185785595273451       0.52242218534873508       0.69969768684325784       0.61039416875439967       0.67321576850444020       0.54002168471026768       0.62941971120756268       0.61651947320468459       0.53306052930255898       0.57756153169384250     
  0.44233992651433501        4.0311587496205704E-002  0.32447026577710014       0.40917885017309874       0.38695711640265557       0.88155531889434724       0.53680659113707430       0.43636228288657325       0.37497669877663597       0.42879641012592207     
  0.54918594706836221       0.55976917762091893       0.52371783801859240       0.67876003439873078       0.57769985552272562       0.45169138572689121       0.58528026252222587       0.58910485882853325       0.51365332105926920       0.61768809849431305     
  0.45582567529571644        4.3284920363472916E-002  0.33901929536990372       0.42634192042622820       0.40310578818549880       0.88768468671949974       0.54629824841293961       0.44886930735456559       0.39013252540196963       0.44231287565691241     
  0.64061035548520973       0.52068890919430710       0.57608789667572102       0.61740451444673183       0.72742374245701602       0.54074242113951565       0.60131430215003034       0.65029085409604226       0.52097999675310314       0.51350101822398098     
  0.46913915217310115        4.6450135660122106E-002  0.35353943577242780       0.44418573133426065       0.41915122983126185       0.89354443028768182       0.55634645428111884       0.46094926709671935       0.40627668045292731       0.45669831145233819     
  0.50817339777187920       0.52303838360061650       0.56973255633488540       0.76286633348375155       0.56442822890492472       0.50047954263789540       0.62410344337834933       0.59593070260540337       0.51497972901907640       0.74210091598555405     
  0.48242125095390986        5.0193425351091656E-002  0.36871197571768000       0.45956151664309058       0.43554033633647465       0.89926717426477465       0.56662438136536997       0.47241413600779980       0.42219495711205035       0.46917779434677920     
  0.54685217231030636       0.55212804554489137       0.69966581668868033       0.55992543788204874       0.51510766924971330       0.44653929587865521       0.77082964036923118       0.54643386123576754       0.56000224076647953       0.71946014371694789     
  0.49698250489620427        5.4002656575806662E-002  0.38424007263962368       0.47530630623398018       0.45254505688109381       0.90455415430436037       0.57483512209685272       0.48416900220090442       0.43977987843914024       0.48193763220979025     
  0.52489540206977736       0.59574893899147385       0.71138794944126449       0.61972782751593036       0.58591490578483396       0.52860811826391219       0.57740671668758925       0.71041622309974239       0.55917849405655440       0.59438142780533409     
  0.51192846045855089        5.7893332158679513E-002  0.40054218343357956       0.49047827083254075       0.46875301078216558       0.90977799834405437       0.58335782323427143       0.49584478942071586       0.45723530662872747       0.49408831307112677     
  0.63235315399250669       0.48296829570769895       0.60191405508215223       0.69975328792794833       0.61580063672877317       0.51303343653481015       0.60737355566627205       0.54139081460961358       0.53402523266504298        1.0594070276208956     
  0.52744612622152431        6.1841717179093744E-002  0.41737621779681161       0.50529013441225157       0.48546427035469658       0.91471561821634406       0.59252291459316098       0.50774068806727868       0.47408697550458773       0.50493152844236566     
  0.59948589941992325       0.47336261055998963       0.73445147682041334       0.63050807759974603       0.75266736583439919       0.52097509778903295       0.60654003069923224       0.51757902606940387       0.54481070995689329        2.4541816164703074     
  0.54325341837305041        6.6110159795317813E-002  0.43369300141633771       0.52158735095964537       0.50187574606411700       0.91964919738242090       0.60141332257022095       0.52015544675331993       0.49110175803106038       0.51455011112863913     
  0.68786636070482865       0.52202015042072503       0.56646538954264913       0.60996822749856650       0.56709275558644145       0.54222540275176878       0.52707427911433535       0.52713231826719542       0.47576203872540884        1.2223207256094095     
  0.55914392964175075        7.0445371129390977E-002  0.44946387378357638       0.53843539591428158       0.51819651974150271       0.92420217745003830       0.61063912192880265       0.53259582706260944       0.50637132765563964       0.52396614690409982     
  0.54811202741674847       0.48036042762988629       0.79390932747520770       0.61306171091159967       0.63260795264033542       0.48376686575831046       0.57939514274710247       0.50279357757659926       0.55670771799567542       0.49233395642054778     
  0.57517829243691165        7.5237128631381170E-002  0.46553397711419769       0.55497176684058946       0.53494862703617108       0.92864370054248901       0.61992877762567022       0.54473479000652403       0.52198607101636874       0.53345434379932044     
  0.57598153756953752       0.49484106162971359       0.62211474995261362       0.60554425906802134       0.75617058545939764       0.56206388767289461       0.65374752411824943       0.54726618716911557       0.55623367631298581       0.50072325009280405     
  0.59096865913591634        8.0226249566770227E-002  0.48210612797959945       0.57088820407607144       0.55147024768236141       0.93298009421190142       0.62953479141862634       0.55739199167236397       0.53683820201379850       0.54283643021884198     
  0.67437649813723288       0.47010488331752043       0.54255150103002159       0.66883016337386691       0.68288341304754929       0.48381002651158483       0.62590572857608473       0.50717662315363454       0.61307306753129343       0.54616258118905636     
  0.60623327742551658        8.5819323732782518E-002  0.49831504017921702       0.58609269474832237       0.56760797233816163       0.93730763467855460       0.63963750369575845       0.57052662917546215       0.55188160629915606       0.55533498392135339     
  0.73892975253529047       0.47844111269522216       0.58210158715807714       0.62726606729971524       0.63487539935865545       0.50049464564114787       0.65285445485687177       0.51901224545958768       0.56459016414994478       0.52396884225584561     
  0.62113848888689216        9.1507577297258780E-002  0.51416582480609885       0.60142910057559584       0.58377327056915707       0.94110143945790259       0.65032751754353602       0.58401723557930696       0.56714256535564933       0.56873093848438960     
  0.56631007520287546       0.51743283042339949       0.61885828268801357       0.63882227389816182       0.67122385968245557       0.53505744582716697       0.58282256336963711       0.72038759501550442       0.49536199573563006       0.55625649143972622     
  0.63578302570250078        9.7654064929594345E-002  0.53011906838246659       0.61696352735895599       0.60002622662824190       0.94463279002977008       0.66072514683018468       0.59729388120388072       0.58257963999459073       0.58273373986129084     
  0.77503438013950443       0.53799107387613998       0.60868141010219712       0.66630813357412233       0.55287270242740583       0.47530173683915705       0.66431268644387920       0.62125648760761898       0.61885616408764788       0.51305450495239380     
  0.65031106785127479       0.10416977256380132       0.54591141538079213       0.63265733343953201       0.61588104298735469       0.94812903639338375       0.67089041567791141       0.61204054962710974       0.59959507512392352       0.59661559941545772     
  0.60275809827775984       0.54136798994340529       0.59672546517205827       0.63500866540260315       0.61835998045198992       0.47390332713885303       0.73907033303420877       0.69149749798461813       0.50402124328612985       0.59639624156002835     
  0.66473461710530513       0.11146284409379371       0.56176817554913550       0.64977461694410676       0.63160009186881416       0.95162741111635318       0.68128908573282654       0.62712482021172400       0.61626169244336360       0.61330443924199374     
  0.64666583476412454       0.53616494656282798       0.57565209806004025       0.61165090890149931       0.59029403594121344       0.50022916700431985       0.64018459890399149       0.66403055440409497       0.53282678114918625       0.65358179686892703     
  0.67947924632488921       0.11890350384947738       0.57767905316554191       0.66723789431564462       0.64598515392684508       0.95474827166447140       0.69084902292852179       0.64230477201686198       0.63295842507615263       0.62949065828475637     
  0.56066738701186480       0.52517521589002714       0.65220305819759627       0.71075756816579161       0.55970750599191110       0.51746210447584706       0.62775690442069965       0.56518198239463946       0.63352355702702168       0.55406061905612480     
  0.69455251786961147       0.12681042462054365       0.59356837112120830       0.68325244599871116       0.65848665273985496       0.95771367554419029       0.69998895363986713       0.65743675381955535       0.64956007339157018       0.64590740077853437     
  0.64175137054685760       0.51669319650030365       0.67925580247332706       0.70961569655598089       0.51746523450475079       0.51722387818555515       0.61373465569037888       0.78719432561652547       0.56680611070957898       0.56878326616542640     
  0.70907709547063535       0.13546160108831742       0.60969527319622385       0.69990510985112364       0.67083685898599443       0.96039131744355988       0.70890017637289293       0.67227190691485617       0.66494922242939303       0.66254249573650659     
  0.58928190691522941       0.49982225406909286       0.72550856598857982       0.60156629375073045       0.52415495766087994       0.54887424703062782       0.62589978499120091       0.55302053495576020       0.50262731719862819       0.64908103215258739     
  0.72303894765270027       0.14538801556027961       0.62635040049991864       0.71611266376680383       0.68314457199536216       0.96297353807303798       0.71775471952942194       0.68725152346991725       0.68080502054242653       0.67978954922548940     
  0.59596421564945679       0.50037299558118398       0.67204023638939536       0.74679891547503385       0.59753893927176149       0.60130253932441113       0.59739521260053985       0.60305901056473354       0.50959674876714323       0.61897257076994772     
  0.73655641961765006       0.15592420314237521       0.64339644034668986       0.73180242223512382       0.69690286953443137       0.96544146149327481       0.72642609286254611       0.70109513730905415       0.69676696752679357       0.69642551967576016     
  0.58987332983167629       0.51906098501556563       0.62816740248437475       0.56965986431018056       0.62213525133050962       0.61052513798386154       0.65949789578763729       0.53826514587900720       0.55719712566423085       0.55420795924553468     
  0.74992802111167023       0.16711083118188563       0.66073328742961346       0.74734078375115731       0.70995667425031794       0.96792847682037919       0.73467955385246309       0.71467214412276225       0.71315067211850980       0.71258056757709398     
  0.50076415820102482       0.61162554326491103       0.63381798496675634       0.62237662050356346       0.66876969265820208       0.58111621468569552       0.73147618758817423       0.65388474765829951       0.69101202349942559       0.52065983702253904     
  0.76400048161948886       0.17964348200937427       0.67787317743158815       0.76303129773968126       0.72482168548922177       0.97025485317188909       0.74303786826625173       0.72971552172193899       0.73067518102751472       0.72867115053867937     
  0.61828888601216470       0.51046813684933523       0.56087744782991478       0.71699269730994908       0.55634709585165742       0.52480165946169299       0.64368987964861468       0.59108734635858684       0.59951682917129734       0.59101520442384159     
  0.77825911862504360       0.19343454860159137       0.69468944228476048       0.77568900934178120       0.73987790076549165       0.97249488186879118       0.75173988651084989       0.74565699936970409       0.74824947048618118       0.74540718828149166     
  0.55881253242204609       0.45440427609435269       0.54204273805655523       0.57415918546417244       0.64852090570169030       0.46253558522974431       0.52137699836340523       0.58293160123704113       0.56134138878107553       0.58600139423376119     
  0.79358269209848864       0.20839936667638440       0.71192172325459591       0.78862358172452296       0.75620643461361414       0.97457710107242634       0.76036705676716065       0.76288679255536374       0.76662276057315026       0.76287224611105287     
  0.59230352914568918       0.55964462794066128       0.68094275419376826       0.63579885613281639       0.63760109846626356       0.57071458568434452       0.56919397224291290       0.71065969495028081       0.55125797938727317       0.57191674257021652     
  0.80890022327761402       0.22436952549076264       0.72922402159447430       0.80087210408876186       0.77237623974719116       0.97661897403795561       0.76881848827965271       0.78032809500572975       0.78517334238912706       0.77992863963918224     
  0.78258365293406140       0.59136214873404391       0.72530777382543299       0.52450706686096593       0.63997485943238452       0.69068338319177980       0.56158338360381843       0.64698029602989848       0.59134798805986177       0.62528872147593872     
  0.82378435692589547       0.24398376829573654       0.74733347816825735       0.81337856747512460       0.78832227289078083       0.97862132973925886       0.77727110789948006       0.79738828031972908       0.80340368556660002       0.79643527108385237     
  0.67175791381004779       0.53669382110257424       0.65066870141609656       0.58374560734568415       0.75742248233362652       0.62072039568522130       0.61012539849589753       0.59421186728609154       0.58991326226436169       0.53891297826843765     
  0.83849423535536283       0.26446127233505018       0.76476176147817321       0.82641000796456110       0.80411710524953306       0.98061971630671141       0.78553434301058278       0.81486065817926157       0.82184139288228686       0.81184355689931875     
  0.59480863468486633       0.54520645701474613       0.58749017180764462       0.49241792398023188       0.62639434933219851       0.51870885495957131       0.58583974883181955       0.65290914791622834       0.57962223264794221       0.49646222315176020     
  0.85206113661589167       0.28717766817910140       0.78049039981779411       0.84004423125142091       0.82116074787711091       0.98254161236289050       0.79383993011161680       0.83199559986329052       0.83876767457909551       0.82646990717237456     
  0.49691628040828678       0.66982367521823427       0.54871533737223033       0.65130397466980972       0.66316676384266426       0.64679815433858456       0.61481804634847825       0.77507124091613866       0.56019005604645433       0.61542044961058062     
  0.86558769234729649       0.31042446764619430       0.79581030741390391       0.85470538786805039       0.83832897812984486       0.98441482174524053       0.80226158674892645       0.84839142969414438       0.85454422641894556       0.84116449734146492     
  0.65782311795309989       0.56894631658691763       0.57034928525973927       0.65777562370464471       0.64691687555487987       0.57471908873058319       0.60234450418653818       0.63826702466918339       0.50537405660476065       0.59857452481907913     
  0.87776861524636074       0.34057570740601451       0.81063699897766983       0.87003998048215314       0.85635942592139924       0.98600487062028908       0.81121314480041584       0.86434775076587889       0.87024542102922542       0.85540196651721767     
  0.55793446897036647       0.67081916405627062       0.57381805490046933       0.55680058909011632       0.62974831432940037       0.68174982308296761       0.67865948192734893       0.53590176363304554       0.58372445599758649       0.55478493431237541     
  0.88992790323356896       0.37258903781806729       0.82593386236301192       0.88577085333815175       0.87437031563317213       0.98744734530078759       0.82025595775770754       0.88011666367636354       0.88525900526552104       0.87047187232203349     
  0.51290131354680824       0.56253761167610750       0.62797812067540437       0.66269509497070844       0.72264832543773039       0.70373886706728284       0.55682401659716840       0.57989535658111824       0.74928733112035262       0.63733683995998724     
  0.90246513307654086       0.41169387382118405       0.84654365981413071       0.90103291194702451       0.89092331702523175       0.98897971548566632       0.83093486936955085       0.89539351958296587       0.90030876545120953       0.88723538575306893     
  0.58665348256955030       0.62432467136306125       0.70732636289790984       0.71211051409515258       0.56500982544151002       0.56490260033181416       0.47591152570924439       0.63682464681812889       0.51713964546632729       0.77577496078349750     
  0.91566743623534197       0.45723787752990730       0.86686554177404584       0.91628843565092233       0.90731179242923243       0.99052647637746905       0.84191747183689758       0.91034855884427623       0.91534913469573298       0.90468363829331433     
  0.54328418809831691       0.63683194825572353       0.65263183066326524       0.58376241047787258       0.67146544596603386       0.69321948774979925       0.57971472474384533       0.60583219430945745       0.46004703942592051       0.72168174746605851     
  0.92805073774891200       0.50834609312641377       0.88475782342212683       0.93089498647277613       0.92317926751042678       0.99202555930721914       0.85389595403720564       0.92548988803228927       0.93004040127268939       0.92219450270680647     
  0.52176155699446192       0.82760741368330515       0.75206009415414643       0.56196968174767148       0.55835524059506880       0.72752987385284706       0.69229721116219189       0.65709200501358223       0.71362423780180395       0.67442022163631399     
  0.94072352624343791       0.58219680420720832       0.90230383374706546       0.94497058019057179       0.93958192794473083       0.99353841636110418       0.86616640559824498       0.94076915754113499       0.94451441453257445       0.93863305949613518     
  0.48845404568093004       0.78945208896106489       0.65149689267034927       0.58308878608542192       0.73504733070845485       0.77647670761555554       0.54308085567342679       0.77842439720771606       0.50917434887697832       0.70770077016690069     
  0.95534012439277349       0.66418073029989388       0.92455759009139926       0.95864121494366772       0.95366716841249932       0.99491360539936136       0.88372479216885402       0.95598295322766513       0.95925435129036019       0.95300118542932322     
  0.56374656518831656       0.88465303069291623       0.71175030397275485       0.63599999126956808       0.55601174844174572       0.91599006794643334       0.64880463409024491       0.81696294252918411       0.67397732011441325       0.54404922440038994     
  0.96981841262769297       0.76876721007155890       0.94720946922525751       0.97223810605029115       0.96793388925315660       0.99654400582029212       0.90330000595687165       0.97134027888905716       0.97406990708094032       0.96787372382860315     
  0.67788042305576546       0.93656270952643561       0.71337032137511447       0.65513918009400629       0.56674717130770957        1.1339873565657721       0.53648454050389127       0.77210293657613094       0.53900705609588939       0.62961396319966234     
  0.98492452718715862       0.88240682245195479       0.97280595749346266       0.98609753102062403       0.98421891587746857       0.99829162683700157       0.94337334387491523       0.98542124837926937       0.98698276380720162       0.98327873582788872     
  0.62676711198245028       0.99377197796717798       0.78993328827205622       0.64813596040629329       0.69445050487121940        1.4824589470642586       0.66315311920947917       0.78565878229192820       0.54855305665591869       0.56261476223743723     
   1.0000000000000000        1.0000000000000000        1.0000000000000000        1.0000000000000000        1.0000000000000000        1.0000000000000000        1.0000000000000000        1.0000000000000000        1.0000000000000000        1.0000000000000000     
   1.4505714364721378        2.1592507550272768       0.80563904357351201       0.54835446662536025       0.71361996616670353        1.5719072342795073       0.43423684851121169       0.95526570040077585        5.8084168007697095       0.60368215600155373     
  -8.2839930661601322       -21.358064388393625       -5.2542609099173632       -11.940578033190404       -22.538031799722319        8.9931530244181346       -7.0507214936208138       -7.2988619539257682       -8.2828575471875059       -9.7212055870484502     
  -13.913020203644654       -7.3387475779288112       -10.070333687070036       -7.9590014491752497       -11.602869644083468       -3.0361372375964630       -8.0441455231516308       -9.4979500348758741       -8.6628032431332365       -9.1964372838412789     
  -10.371692330851575       -2.8993748821024088       -21.346839426215936       -9.4005864757564783       -8.3919147729780050       -4.1094868361264618       -9.7618023330083261       -11.303724750302086       -11.622098435858364       -13.780925220587985     
  -9.5316872629677452      -0.93436697079216768       -11.590841692417447       -9.0824040971501887       -10.109029184604994       -3.0095170038622472       -12.750062356868655       -9.9665141013300786       -23.028194331825762       -10.317982377379309     
  -11.493561222881228        1.5182189898276095       -11.194964931581124       -10.177063054141172       -12.158784172193579       -8.3090065825692534       -11.410962617096670       -10.684987391555925       -9.0332041709537076       -19.440113366081270     
  -22.718676464967164        5.5707922241753662       -12.863719033066300       -22.330474024756690       -10.651382098917583       -9.6607082671119500       -9.8605610106005503       -12.014987915954027       -11.961063402448948       -9.8549591287291545     
  -11.268268358972833        11.012398201321675       -13.572058286331387       -13.419828015805207       -7.8281426102262257       -11.923999162617141       -19.822784117753017       -10.184429597825483       -9.9854213410211266       -12.510362156031979     
  -9.5656287172573009        22.884931757541789       -12.138239619148454       -12.625952346588104       -12.221217139663903       -17.658761646178331       -11.476005530174389       -20.059918150624334       -10.975803726963198       -12.516214871786302     
   2.5319769716610273E-003
           1           1           1           1           1           1           1           1           1           1
   1.6359498256943313E-004   8.6839807499983343E-005   4.5156154244459561E-007  -12.335402186487892        5.7725405234658418E-006   5.0544177433644274E-008
   3.6346253566526146E-007   2.8091750579467478E-007   4.2574002196342643E-008   1.4896569123361210E-002   4.2499646005990134E-008   2.5623676756746646E-010
   3.1691881358578242E-002  -12.620599317260096     
