   0.0000000000000000        0.0000000000000000        0.0000000000000000        0.0000000000000000        0.0000000000000000        0.0000000000000000        0.0000000000000000        0.0000000000000000        0.0000000000000000        0.0000000000000000     
   2.8753564375946065E-002   1.1794988078609808E-003   9.5158811750563153E-003   1.5451052983619788E-002   1.4224783781279532E-002  0.12369560676880674        7.9995107120271636E-002   9.2250123792883207E-002   3.6659528429431938E-002   9.8382775118303553E-003
  0.62043604791544749        2.6813882580258852       0.59099110482151274       0.63751463887108573       0.77130373270095998       0.43221597762633590       0.38648558376401360       0.50657366029219575        1.1312217883790667        8.8509574764561485     
   5.3384972722606554E-002   2.4248255858657104E-003   1.9686856601816786E-002   3.1015909158527942E-002   2.7852413089753364E-002  0.23936253426455947       0.12714610559506345       0.15006090511506581        6.9016033927933443E-002   2.0067232944946896E-002
  0.62997569393494568        3.9431819279677227       0.66760870291013219       0.77254305808112034       0.57918772078292524        2.5610035959232955       0.65748740173217246       0.70185172579669919        1.2753923633901534        1.4959790186047783     
   7.2536118389172372E-002   3.7669249515339528E-003   2.8501073909307020E-002   4.7892696978625679E-002   4.2362103332090985E-002  0.26171890274505899       0.15149917670053983       0.19310913458084000        9.0965162360654453E-002   3.2915712664565722E-002
  0.73427731585764977        4.3895855862563007       0.74186553979617054       0.81240509931133065       0.67934842793304417        1.2841726356332444       0.52249850760292882       0.61498731482084723       0.96668886684868627       0.72673884362243590     
   9.1422285495940586E-002   5.3293044047488854E-003   3.8317220533414270E-002   6.3033741153396564E-002   5.6260260460459378E-002  0.28851581805071241       0.17037137193911558       0.23124465813348691       0.11263765586644550        4.6175484102927017E-002
  0.77909033926117355        2.9653325106713231       0.64934437968437608       0.66767773247161222       0.75313235639135456        1.0709549198720432       0.61042449711723068       0.55523577528983326        1.2887730416501331       0.69239390769258058     
  0.11035187619765727        7.1969998777245015E-003   4.8330023969749378E-002   7.6308821401114516E-002   6.9762037420938769E-002  0.30606120912206669       0.18554606865429557       0.25890057768887498       0.13267728012124561        6.1875985881045197E-002
  0.66403242462875167        2.4731409440351397       0.76686168943758815       0.97363800495283759       0.65926516282068515       0.96232451421441934       0.58969114727406502       0.61838706842738100        1.1187889788919874       0.85446748896859748     
  0.12987684979656938        9.2505344100821171E-003   5.7828184885076413E-002   8.9370770472365940E-002   8.3003636843723264E-002  0.32381833105944391       0.20026943126334737       0.28296239624442499       0.15389445252999950        7.7306167452090319E-002
  0.66335062671363532        2.1618457175207726       0.53340997325590733       0.47246953289337812       0.64272794345725659       0.95525949334423543       0.62539566359890442       0.61167704651418531        1.4318836478914359       0.61506967096895426     
  0.14867218327311718        1.1425842763577767E-002   6.6817052800774837E-002  0.10280411556849897        9.5036652207944397E-002  0.33882291889055677       0.21448919106257736       0.30206778860617900       0.17689869972342012        9.0906299762024009E-002
  0.72709996541805477        1.6120112114729226       0.90698294111750977       0.80472828235662752       0.68657980155546083       0.76579972050511091       0.70975880496646571       0.61992533347982381        1.2173854767971382       0.56328888135148403     
  0.16636941557024829        1.3820310305227398E-002   7.5690037607829094E-002  0.11668523054123907       0.10895599378831877       0.35354121536196814       0.22780868624359782       0.32104034864696912       0.20125450044936921       0.10450234776154946     
  0.60576636972686204        1.4636211284287610       0.85451679450967866       0.69538764969286448       0.68892073393443232       0.94650682626455251       0.63906097159860742       0.57450182292025709        1.4394984954531462       0.54957797617479409     
  0.18140812683868218        1.6222311267891205E-002   8.3826470926445976E-002  0.13062026091775417       0.12304388722776119       0.36565341105515714       0.23933529686565222       0.33900235520320415       0.22000625952668038       0.11852825051540905     
  0.58752354321585853        1.5069010657298840       0.74428764175456941       0.59605656857806666       0.54226395676052797       0.72064788409121461       0.61874510501959035       0.55252564034552565        1.0804185351494444       0.64300244800305506     
  0.19559975819886427        1.8911553485675664E-002   9.1688034749539890E-002  0.14614407110554717       0.13827513979156020       0.37843655032713058       0.24875849098085001       0.35539410119932485       0.23753768841047690       0.13342210614352257     
  0.62326106302483408        1.4163857414407970       0.69573590049736445       0.75529635425745989       0.68724904422726985       0.91400837277627445       0.60494863860741077       0.58221502655986657        1.0255486926704622       0.74755353585591655     
  0.20910713796129174        2.2113467880253441E-002   9.8921346962245318E-002  0.16329105846881303       0.15271969705183691       0.39057727777296836       0.25757124141407139       0.37155035286290644       0.25582373372271899       0.14959887298145247     
  0.61651078485133060        1.1861167812159739       0.80639761120602405       0.69993757006245461       0.68411045405806814       0.76479400964549826       0.51039009871353780       0.48101138396095044       0.96153683641961807       0.57804252214710206     
  0.22280983674335025        2.5557413001206265E-002  0.10531590190955241       0.18045618193879592       0.16709166326896180       0.40248504260724055       0.26878310325088484       0.38728857580001147       0.27331474722490451       0.16658688750309855     
  0.61155880495490522        1.1749564939283645       0.65452903085599690       0.53639368994205250       0.64044755834829759       0.75538190224215029       0.66351205644038158       0.61752779886121845       0.94701630390351710       0.68349450640594955     
  0.23716701446547703        2.9837817023543732E-002  0.11189389120545207       0.19571446714984000       0.18101891675726267       0.41398355012427140       0.28173690853685684       0.40316156799538538       0.29003407502435430       0.18373442513623883     
  0.68931857538489494        1.0990679368309331       0.68754501116359945       0.92432107809024167       0.57176973138164600       0.66181083948887209       0.69294767849916328       0.59856370017594962       0.81117129166490776       0.61531088992319027     
  0.25240182691674912        3.4510072882297564E-002  0.11919675413769119       0.21112783365459553       0.19474457291340003       0.42609541871633594       0.29392660689411454       0.41925728768398363       0.30680041787102519       0.20063967358432847     
  0.68958570503506300        1.0870559987685771       0.86137879251251837       0.62789514506466293       0.56432140226891137       0.55617905579542803       0.69990450951948602       0.65273728144133769       0.79272143743755463       0.54806041602872613     
  0.26874683894942103        3.9619746312271824E-002  0.12675270872539135       0.22729011953688191       0.20977302900273312       0.43777603945193438       0.30573707941144834       0.43493166505166009       0.32539315221221771       0.21567081227046503     
  0.90762114157912532       0.91143546348621507       0.61413506730857881       0.67415206860904531       0.74696185380878477       0.63057149846618055       0.58744012822262337       0.68306846934037513       0.82011534483166160       0.58703581385184744     
  0.28362196566191722        4.4969474137804270E-002  0.13479014289899680       0.24507947531932703       0.22518144406370302       0.44916128225284774       0.31691174173497177       0.45093622238359193       0.34437207867566000       0.22944037820465971     
  0.77732720043713921       0.77862810348761058       0.87818148519381600       0.58774689154563342       0.83214885531365468       0.96476509751711004       0.84412649338155155       0.65475226241726847       0.92155332944648805       0.71826310085448686     
  0.29844429090559965        5.0425401032309948E-002  0.14285841373487482       0.26106293657186663       0.24152829759343300       0.46001226540186685       0.32777083374200444       0.46619765577414574       0.36178340873733877       0.24473984824663625     
  0.67800365408887642       0.74118546757944359       0.54414961861645716       0.84375689285303823       0.87848235709645417       0.71338576030929912       0.70487756599180273       0.58328106887789810       0.81383816659498076       0.61721883297858371     
  0.31411572752215167        5.6586424395686542E-002  0.15103074099817373       0.27617054085927373       0.25752539557902798       0.47060385414645284       0.33875754815518588       0.48047192895113527       0.37838631646608251       0.26228725724639457     
  0.67298159379734823       0.90395164121672766       0.75719911244840865       0.70901006883613349       0.85323700636588629       0.61766836756535048       0.55496097292056501       0.78297297892948603       0.73616081050673132       0.67307315795583122     
  0.33062011420764303        6.2947125810190643E-002  0.15916801204346190       0.29085520123412462       0.27327623283455477       0.48086338104170129       0.35003644840377784       0.49436350543160013       0.39440150303899923       0.28172832662201597     
  0.56131727028782863       0.53571103812059939       0.61328373498219069       0.58455838584468200       0.61563849392728032       0.69629215250343635       0.69076292491618896       0.64917302846802594        1.1876183303057060       0.67792784225099745     
  0.34755805332689227        7.0259431406854020E-002  0.16735132383626530       0.30524634173930015       0.28966519653425177       0.49133239499754128       0.36159359331715357       0.50874418002508914       0.40968767624544006       0.30097977185773617     
  0.63522198551243514       0.66145080589200089       0.59430616681387372       0.70355435724101356       0.78585843113603115       0.74830773831986652       0.82849457453074304       0.72040649291797454       0.83933869704801167       0.62072505491859042     
  0.36378549634406976        7.8326698156673757E-002  0.17564159914228267       0.32038964303357531       0.30485953602535348       0.50221888126064351       0.37301318106709719       0.52324275996058411       0.42461384711632499       0.31836497850533313     
  0.76974166136285715       0.72272549130995711       0.73596402893125856       0.60724979102957743       0.71493747046901357       0.78095296286033389       0.65386534672720176       0.65391614311705182       0.69241674742963299       0.53579105531918181     
  0.37936446866222762        8.7052065150766425E-002  0.18418142302897866       0.33534165412198824       0.32164474215560085       0.51326230229247150       0.38406135694023308       0.53714518469461159       0.43963514403718978       0.33553860959649034     
  0.80663981146230201       0.60017906999458293       0.61854433297499589       0.77151495982974383       0.51363793790006684       0.98265690958248508       0.72593203273903895       0.75443719947181864       0.78922615908911442       0.60132768981467610     
  0.39547624356154204        9.5782800366549514E-002  0.19207394836559760       0.34897626559434830       0.33807088207258362       0.52452578076401157       0.39498239046083267       0.54997528048502808       0.45499287782384723       0.35305989192679815     
  0.80154006169993175       0.59340973307438472       0.64203236570942557       0.69233295043923126       0.82247683252088155       0.59883048412860862       0.67130408086168969       0.64589913275584632       0.61792319793382278       0.69235334948923288     
  0.41173152510092226       0.10451622586875121       0.19981136044463002       0.36282442184331914       0.35408931676157246       0.53621523145825323       0.40615601760084213       0.56155754784696610       0.47066300504708375       0.37191640434776507     
  0.80562248763541633       0.61998405278301127       0.56726354795269640       0.75215743200837504       0.78699678086083869       0.66756479116967105       0.80965948205219529       0.69300042519950700       0.79042152329598236       0.55529546009302799     
  0.42662629689724063       0.11372887971279107       0.20749094167900947       0.37705866877929761       0.36869085123045298       0.54829665273264561       0.41747101075724613       0.57283237818517574       0.48635359848128690       0.39069028728731775     
  0.60652689602283361       0.51701422759401972       0.65772721145796398       0.55295469341317360       0.64830479303203936       0.69434889841985181       0.73521586633540048       0.68996580739104973       0.73805439450400689       0.86425657513200282     
  0.44093390082534173       0.12345123572360631       0.21612933353493649       0.39121162419825384       0.38498131155500404       0.56049447857441659       0.42821293923441978       0.58447500624570736       0.50155248542417763       0.40857809633215020     
  0.67714136009523940       0.51674059496363789       0.70306540129888395       0.72516669121971533       0.78776297292441977       0.75424665432315918       0.70831763974968476       0.79242452398665519       0.69528478603595667       0.68264340000600532     
  0.45505848604419130       0.13385934844497244       0.22546801237552383       0.40548514404465108       0.40083547690962501       0.57221951748515598       0.43799377229829572       0.59688938543710068       0.51745080305012325       0.42549879922060452     
  0.58504776655726720       0.55245160198811638       0.55071106476610920       0.58487480125460090       0.64673047200515199       0.62849401063040478       0.81445796173038876       0.78311848937457573       0.68127936735342653       0.74693510685889553     
  0.46984234162901201       0.14708917436560426       0.23468008322472614       0.41909803547857999       0.41973478585797336       0.58347349610630161       0.44744953591860825       0.60927337838432849       0.53215622206104396       0.44296048266938171     
  0.87408259667867416       0.58728989812034926       0.69656509836173308       0.77108664103688829        1.0817925874473087       0.80282291940424155       0.60362945427662440       0.60299482912006397       0.67316874685569417       0.68314268142751389     
  0.48625691415674771       0.16156427762369238       0.24337256920340394       0.43284347235960635       0.43809369271860699       0.59471701620215178       0.45696315468030207       0.62117464046781368       0.54626304640510215       0.45907994044594580     
  0.77975173245506146       0.61126511910331105       0.76232867722092268       0.76511724843983031       0.67780093695679866       0.67920185555425594       0.87174689255037163       0.72176009452647871       0.56833755639668082       0.73179487308589797     
  0.50256262523125916       0.17608070857161237       0.25242662845956643       0.44762148858074297       0.45548328532657018       0.60577380524262725       0.46682158926117323       0.63319782189702134       0.56011561018596856       0.47471107059685219     
  0.67083414679661124       0.56507299966271185       0.78145567262510185       0.73624564669581882       0.95720232943449213       0.69496678415427293       0.71360776621213973       0.82743308770149915       0.65146463012558276       0.55720328633347482     
  0.51790061764584250       0.19071870549779668       0.26177578388282502       0.46307851716653747       0.47235825382822577       0.61657611366495102       0.47708075432874980       0.64540958007289939       0.57417823009254232       0.49104300080198671     
  0.68887538867430942       0.50047942348983987       0.75104376950308938       0.85636379263102214       0.88211355051146734       0.70932011149672902       0.86306673068942763       0.69184562109930559       0.53256557699184870       0.57406836707050479     
  0.53219427953052634       0.20520211755955384       0.27160890045409070       0.47900285181203145       0.48988364828089853       0.62734112597963965       0.48768222950683343       0.65814616325861819       0.58689388930173447       0.50733047886157867     
  0.54974878236116664       0.49201317109360404       0.71581343671348230       0.67827082440384978       0.60444355163030150       0.82734486843276167       0.65557350527580804        1.0246486531929062       0.82802605502913951       0.51542542302779804     
  0.54665056551764646       0.22085755232015306       0.28258000900717289       0.49529486540091322       0.50642989638093661       0.63805500863294784       0.49863944273498539       0.67119113506479156       0.59876222649160327       0.52435036243662780     
  0.66646311065938169       0.49395872457207701       0.64155688531258159       0.76078948826881709       0.55556620131547796       0.79853701371137353       0.54278261751756951       0.67616110343256819       0.76888693421179044       0.56085522191863646     
  0.56239098031491785       0.23728500019875631       0.29337392185926453       0.51192852406013378       0.52106619491099837       0.64867463331247388       0.50886238038467890       0.68380345093150563       0.60984144407659635       0.54068563401211089     
  0.65544937953384985       0.53910507349475290       0.84914786294092326       0.77088318163017566       0.50870955409328722       0.79979574291121869       0.88776037362733140       0.84558767593861472       0.51075340751086784       0.58060130393269394     
  0.57845533652118120       0.25488387045893962       0.30368571999750782       0.52783076392564232       0.53632571955633124       0.65946246015828225       0.51881716214522766       0.69800213074581796       0.62177347195031485       0.55627410789658838     
  0.72271189309959150       0.42643108694342569       0.64054444103951647       0.70901996697058678       0.64220078152830162       0.71532176542362869       0.71962989473330163       0.75499347110575021       0.55901741399083404       0.58402768949486672     
  0.59304547469933899       0.27336580071429173       0.31431738176535334       0.54261593047798840       0.55102816162457835       0.67093908062215746       0.52831168866192058       0.71097760784175634       0.63413000986997781       0.57107047662025023     
  0.69112313259868052       0.57790799680109006       0.77594974367031344       0.75408817634248926       0.63720599021780100       0.53812106880059385       0.83384567689635791        1.0160263973652464       0.78320610039605987       0.67838132108751925     
  0.60835254088248880       0.29310827637340992       0.32604187633483228       0.55711000274053357       0.56621719492550948       0.68318592968997272       0.53756829332711276       0.72377848897591901       0.64772653595441054       0.58771618209258580     
  0.73802953352277867       0.53811489558150938       0.73083076440640937       0.66468526269234240       0.68886025588254074       0.72899135498150847       0.85156264668872239       0.90972330666892764       0.59360771875198171       0.54250004634693394     
  0.62533286133212640       0.31337444551451188       0.33793119205669975       0.57264375129846257       0.58343656495104146       0.69457464653249745       0.54626925978701713       0.73711207277081836       0.66052954944172415       0.60516366894488505     
  0.74886370242936651       0.64042175673000856       0.85210877026302312       0.62802047437265440       0.91653743089694406       0.66713396662128299       0.85407698527473064       0.83561052546021286       0.67860486960261823       0.68361768128707712     
  0.64168023766627558       0.33350057270819899       0.34915810361278926       0.58889610582902285       0.60017423127556557       0.70450154687137734       0.55527435516548485       0.75007744254201392       0.67313354391805147       0.62340966695462408     
  0.70136709222694837       0.48704245267451562       0.76610883517171113       0.61951538672821227       0.90947568772635379       0.70175645315045421       0.78569809269013380       0.92429175435203970       0.60997125570772959       0.71052420307329101     
  0.65660792623550557       0.35397071618094389       0.36055879682746733       0.60588736692437717       0.61708063866114715       0.71445194705007198       0.56422694071281421       0.76291479809191809       0.68474167637472538       0.64200565980234536     
  0.70760621008395264       0.56044285047140707       0.64755749369423987       0.78712451551562301       0.72093316800264073       0.81318622235099525       0.71095909896646770       0.75367825282316347       0.51512149416008801       0.78980714750109571     
  0.67156801635741403       0.37512876001794410       0.37292795420041536       0.62232131014906622       0.63351791871495544       0.72449415037239961       0.57355518708407738       0.77363855391086267       0.69711146992616513       0.66044326620630545     
  0.57570352093427191       0.57918738884978194       0.67334284967459979       0.69838097018338063       0.83757255945156228       0.69149306094083762       0.66829333363766663       0.98997535937848269       0.56677683199855067       0.54805680954085723     
  0.68717808635310584       0.39608449208241564       0.38538413022463808       0.63859903249888350       0.65118318711188661       0.73515803206106234       0.58249402172262599       0.78537466619311369       0.70918847722093170       0.67741123668723136     
  0.68257510854673165       0.59976731139120665       0.82809180931283410       0.75734683210927234       0.80022402746169985       0.61546853286490988       0.68015647876523966       0.86693703226656416       0.46879185315337690       0.70052894791180298     
  0.70268759193557428       0.41911848307231386       0.39703204762283850       0.65511997283573331       0.66901907953443185       0.74589084117068782       0.59175487349091127       0.79490690445225876       0.72213879810374981       0.69378691200764497     
  0.75344196651000794       0.54461662597990279       0.64760413787211191       0.75674967080485023       0.69032904427050701       0.71679616471167207       0.72162355054621830       0.70239306844149230       0.62541076140258123       0.72134167166011121     
  0.71692031370213993       0.44389365893751354       0.40857765260698242       0.67170453689018983       0.68272432935827110       0.75687307613853394       0.60167964167100119       0.80425749541549596       0.73590972620747519       0.71055261088125199     
  0.91474308914936886       0.54580910542247840       0.53132189839840493       0.70892769810906564       0.71956959363287731       0.54082250676903643       0.81244924838708099       0.64702108207863918       0.63078134973176914       0.74407980278588626     
  0.73145689339303577       0.46955805948981888       0.41973193171225781       0.68841187573713092       0.69560405398944314       0.76846822995206210       0.61214546178972717       0.81466207620592279       0.75018140971989444       0.72954570342528513     
  0.57295919815584395       0.44944981376238391       0.72401422684489447       0.82668971013485704       0.63676974802649577       0.70543427961181027       0.65761374725281041       0.91077530782214589       0.58220935802722573       0.62691111255094556     
  0.74682328649524010       0.49418360045743875       0.43069707284038067       0.70527945729754016       0.71002163012066544       0.78034086397313684       0.62279282610892528       0.82595760324987166       0.76473436109805482       0.74840311682165561     
  0.83912320221690839       0.51987979454636235       0.54205965627951658       0.80675406539521377       0.75898799513035875       0.64479728051262275       0.79934485390612153       0.71138913720060803       0.52511317733311480       0.56931420558135570     
  0.76261766752888538       0.51834702463184046       0.44293607519090133       0.72181275821589264       0.72410758945753217       0.79090831006251583       0.63393823356125789       0.83765367603001928       0.77899794457492899       0.76696853547522359     
  0.83774979934023275       0.49005416716861377       0.75464277432928351       0.86708958995898655       0.69059012318490132       0.42706554115494466       0.83887095707478043       0.79656309853162111       0.70826426927998731       0.53749635133379081     
  0.77865275069138740       0.54261662772835084       0.45715469742473008       0.73833750267990050       0.73813948386265904       0.80071182888709858       0.64598557928333844       0.84928212406169956       0.79281664700237742       0.78365282680287851     
  0.70921952498807439       0.48184519578895768       0.79491325383160349       0.64996427842793258       0.60954682160292717       0.54960832906849788        1.0382263587238814        1.0355654972986388       0.68211674209980944       0.57487317359361623     
  0.79485467150263478       0.56576960250031560       0.47261753218221531       0.75509812868729587       0.75192483223463169       0.81088413834398121       0.65859049507794909       0.86070601369138888       0.80562172256984388       0.80014905827784188     
  0.82289712459295639       0.51334863147364340       0.98859097585495725       0.96843974594784410       0.80070487351032216       0.68295851854137646        1.1978083804443662       0.91113063160854646       0.45626538737184957       0.69437971548642197     
  0.81083381376055963       0.58965282182755230       0.48816800594119303       0.77126705968481468       0.76559340768881756       0.82209746760235469       0.67072268989174810       0.87162371468832611       0.81794215469277298       0.81588817273465020     
  0.84958864349588259       0.56746123539460580       0.72561669122524952       0.67309657393556011       0.65339138869650959       0.63173413978321336       0.64393311730765868       0.70857256057363061       0.53014677852928449       0.62584062254564221     
  0.82749366610928032       0.61378084623971274       0.50593875028380708       0.78694902259072108       0.78153190291584296       0.83329868757076364       0.68192859610846390       0.88186190026829547       0.83007358386579466       0.83192939040545333     
  0.64476641296611403       0.51533310371886087       0.93528308227576373       0.72933732637085413       0.71387660037822442       0.73852202689123436       0.82359304224448071       0.93111707532726085       0.43614983011206210       0.54589219899158781     
  0.84393065487560459       0.63870267219009103       0.52472323054390158       0.80388564774914084       0.79932259141421236       0.84400273065480469       0.69266440796616380       0.89023724474035737       0.84256678372518801       0.84800145146819061     
  0.72709349789701339       0.44373201477041752       0.57001619167546036       0.84407912084627901       0.81165727024834855       0.64435807602669204       0.65698382983949277       0.70525958074719564       0.69662921328336413       0.67394204697161419     
  0.85954616165244280       0.66346554247639855       0.54198411332674901       0.82069345988658782       0.81686527749605431       0.85511568956795458       0.70332181925785731       0.89841146168127395       0.85587328851392330       0.86468928495018627     
  0.78408730002888338       0.49949914712321519       0.79033898390768309       0.81153375987605048       0.73873601444155657       0.63190626051195098       0.81412709205655642       0.73747673660124702       0.47817335517663212       0.64162465367306853     
  0.87440120517217845       0.68815661015562801       0.56171051987926646       0.83706443737473890       0.83368954672374507       0.86658693530629582       0.71404951826116936       0.90668523965051884       0.86922776105064481       0.88173354651065672     
  0.76942270649398814       0.45868189124766201       0.72505306750765341       0.62961840254000323       0.81196323097986411       0.68965587466592582       0.68157030948937103       0.82629332085430784       0.61321532018709168       0.62026490380790900     
  0.88767632594213031       0.71311445628796333       0.58425805792293684       0.85361055954720688       0.84975154362863325       0.87910327162238300       0.72592586910444590       0.91597319284043988       0.88239039974043343       0.89977007400139286     
  0.66681343111292912       0.57879865911946404       0.99458460835817208       0.60712837034820022       0.87087402911273526       0.67424739374401288       0.73276368777924228       0.67299095012255694       0.55667926177497240       0.59891384752145582     
  0.90052825012678739       0.73828109705329648       0.60857832894124531       0.87011964385554175       0.86638864315590791       0.89209923229736154       0.73733241211205935       0.92550589907462011       0.89577343217110683       0.91599587845003783     
  0.74759924889796936       0.49143824197617897       0.66853423176342641       0.77588480324586362       0.60320649363725898       0.78248471159729971       0.75641813953814163       0.71148823746628542       0.54134385074168556       0.54246455766529489     
  0.91243855891454329       0.76437334809070823       0.63367249036428863       0.88715179568325586       0.88315426353023840       0.90481477429282076       0.75102114812576171       0.93444530121519365       0.90937928335642515       0.93124674018161935     
  0.66354045184655941       0.41516224516609063       0.74987342747988717       0.67550469976082550       0.80195427731141478       0.62973502567708595       0.95748403635525448       0.66228058267092249       0.48729447071331844       0.68918119547303791     
  0.92495630073098511       0.79160752705621784       0.66170603844702347       0.90442658369994744       0.90082244455641636       0.91681219057212182       0.76594245358378554       0.94277128349964301       0.92328966438432825       0.94451698058300870     
  0.77498959289676850       0.43411080901479199       0.72961403976081640       0.77136157012313245       0.66659666797221084       0.53728088028320231       0.67514394730753580       0.64944203412824952       0.62396467328266458       0.61366597754325791     
  0.93787832483834432       0.82066441360134890       0.69432587129253287       0.92089883648398108       0.91973728615133010       0.92822392407776555       0.78387256198336064       0.95128703503367829       0.93649104263917937       0.95804216700146938     
  0.81697609020611317       0.49738238550640534        1.0742871937562293       0.58097601209735639       0.64111381365718301       0.48801498645535696       0.97195846905096706       0.82622988064697978       0.54112613610175042       0.77289035835522402     
  0.95016659082513133       0.84996243063353871       0.72710269382126513       0.93695205350845268       0.93686782890490605       0.93954742808735925       0.80209317485221976       0.96057702493334185       0.94930145322824910       0.96906663469127730     
  0.64013785469782059       0.52709603947029349       0.68586108333868068       0.66385868420258010       0.70359321547309517       0.68881068586809480       0.78946379200678085       0.65130041735320077       0.52132837934866860       0.63724753861945471     
  0.96319669621875592       0.88272913828318045       0.76220698205904003       0.95296183801128009       0.95251409923821495       0.95169823401728759       0.82601081730093107       0.97012504794879162       0.96226068592623470       0.97912761706193008     
  0.80292563940276962       0.48042624572169507       0.56054727193932818       0.74595852020655506       0.64066367869323237       0.67274468944365395       0.81300258925148561       0.80557600739742430       0.59800790004323068       0.88727184692081129     
  0.97546770633340241       0.91486305172016180       0.81136083054777941       0.96878072048407970       0.96840726966080248       0.96402486292470790       0.85203858684624945       0.97982871794933857       0.97525976341783038       0.98744765020453740     
  0.85821032150397392       0.45243980194352063       0.76498422744334094       0.55934101342002485       0.95425126735427257       0.58849816020220225       0.63920322422335762       0.66940263303251391       0.44236719096382204       0.99533239709110688     
  0.98822980958133688       0.95629377670429616       0.88961091964084593       0.98459391215768333       0.98429288559782990       0.98125991792640554       0.91038162430811020       0.98966403276421777       0.98762274462999700       0.99388210718883108     
  0.65501677607829545       0.44445459331031478       0.86385150531252464       0.85035749526768878       0.70441319098928878       0.59977610661068559       0.77514569663492716       0.65657145965105490       0.46566831828704081        1.2831886458781641     
   1.0000000000000000        1.0000000000000000        1.0000000000000000        1.0000000000000000        1.0000000000000000        1.0000000000000000        1.0000000000000000        1.0000000000000000        1.0000000000000000        1.0000000000000000     
   1.2143404261205053       0.43024622872985657       0.59946192152609490       0.82388174361079125       0.71329686627562494       0.53711843557940353       0.46379793392420193       0.53076902676563442        1.0466479331632550        5.3496904283630666     
  -2.9380647146330920        21.778939089447775        4.2145596766243205        3.7194262263701341        10.524883066246352       -8.0672999644333050       -2.9222875713975931        5.3669127697192947       0.60001746157875213        1.7567739943496892     
   2.3729583769869000        2.7193437132934792        1.9341769826157509        4.6459646490239166        1.8711401272894304       -3.7475547635696551        2.9968115065493577        3.2090090017753221        1.4433076103757383        6.1414325466438298     
   3.6455164610476820       -2.3738045633825582       0.48663593680058187        5.7496331156029203       0.51094076045400849       -2.0291424464244563        1.9984447028323751        1.0774146926136068       -1.9022619914593413       0.26987026092602268     
  -1.5590553434469201       -6.4085035707747435        11.323871855757208        11.048770213657482      -0.51759537590935767       0.66677990321852576       -1.3841488932055466        1.3922118678828113      -0.14635429792779533        1.2077818737103043     
   1.1651243907071434       -7.5237111894066828      -0.95021925304563937      -0.60840187120831279      -0.13028054896598165       -2.2662009977948041        8.9234375249003506       0.34731290239224355        10.672992494761635        2.1846487854886201     
   11.157543213318833       -10.135878966554619      -0.52175171681685695      -0.76481120410013759      -0.71388114111249501        4.2468176562765105        1.7325654426221420      -0.68590427233976203        3.0520656570738716       -9.0575182484420633E-002
   1.6744215830831632       -15.570579044390680       -3.9051975890380839       0.21224648337392177        4.1847519110495615        5.3192563910570438       0.96951501206519897       -1.8069598128698423       0.83331651495761272        9.9283337473392610     
   3.2035060879708057       -23.094234274919760       -10.852553143076653      -0.78188667955043289        4.1204793089045291        12.231534685754214       0.82963954313113208        7.4765953847727902        1.5917633774755424        1.4491515548670035     
   3.3364650822365386E-004
           1           1           1           1           1           1           1           1           1           1
   6.4497055989501883E-005   5.1163175369923245E-005  -6.7241797007620338E-008  0.82033630120668510        2.7848056473117698E-006   2.6924033630695411E-009
   8.2273461039273218E-007   8.2813634573188960E-007   3.8751122794141709E-008   5.0414142356599828E-002   3.8735145072200154E-008   2.7939690631291033E-011
   5.0000000000000001E-003   1.8321444700184302     
