     
 Soft #          73
 ME*wgt:
   1.0055065962470093        1.7592835102391490E-017   1.7496489001718786E-017
   1.0000454519833346        1.7497284251845306E-017   1.7496489001718786E-017
  0.99999995977576028        1.7496488297935818E-017   1.7496489001718786E-017
  0.99999852215697793        1.7496463144654605E-017   1.7496489001718786E-017
   1.0000095315678192        1.7496655770690304E-017   1.7496489001718786E-017
  0.99988674143716505        1.7494507374519794E-017   1.7496489001718786E-017
   1.0001844220922371        1.7499715740827288E-017   1.7496489001718786E-017
   1.0153315191930794        1.7764736758660142E-017   1.7496489001718786E-017
   1.0000000004999963        1.7496489010466967E-017   1.7496489001718786E-017
   1.0000000000499998        1.7496489002593605E-017   1.7496489001718786E-017
 wgt:
   1.1111111111111112        8.7802644611091802E-007   7.9022380149982622E-007
   1.0101010101010102        7.9820586010083463E-007   7.9022380149982622E-007
   1.0010010010010009        7.9101481631614222E-007   7.9022380149982622E-007
   1.0001000100010000        7.9030283178300443E-007   7.9022380149982622E-007
   1.0000100001000007        7.9023170381686416E-007   7.9022380149982622E-007
   1.0000010000009998        7.9022459172441786E-007   7.9022380149982622E-007
   1.0000001000000101        7.9022388052221432E-007   7.9022380149982622E-007
   1.0000000100000004        7.9022380940206446E-007   7.9022380149982622E-007
   1.0000000009999999        7.9022380229004993E-007   7.9022380149982622E-007
   1.0000000001000000        7.9022380157884857E-007   7.9022380149982622E-007
