   0.0000000000000000        0.0000000000000000        0.0000000000000000        0.0000000000000000        0.0000000000000000        0.0000000000000000        0.0000000000000000        0.0000000000000000        0.0000000000000000        0.0000000000000000     
   2.3998447439492088E-002   2.4060675137128885E-002   1.5622505597866069E-002   1.3126540067579278E-002   1.6908949638308850E-002  0.13748404548620075        9.5212896172349806E-002   7.5069783309317600E-002   3.9064292426213412E-002   1.5241299927956784E-002
  0.33969854915055819       0.39980462174237297       0.43154228843684833       0.75853160941434372       0.38388252712234455       0.29351727200669303       0.29351727200669303       0.31813454952872139       0.57951199359350025       0.36315542190699945     
   4.5920482705620790E-002   4.7548352604488822E-002   3.1095459953720546E-002   2.6718510868871677E-002   3.3314062508759727E-002  0.28296791978188007       0.16358906098781600       0.13671162829481825        7.0256817350544287E-002   3.0211535356517234E-002
  0.49412308586448506       0.52193477075201655       0.33974903583480692       0.59681985135792215       0.39116066731322929       0.67825361767760395       0.55158963009577078       0.42361788001571793       0.49583268102652533       0.34918686208436472     
   6.3660676665609706E-002   6.9492739389883748E-002   4.6287011860206478E-002   4.0711477994836119E-002   5.0030554690178863E-002  0.34149433885877550       0.19643084991889781       0.17782365140086714        9.3698193886742387E-002   4.2412870450791430E-002
  0.45694720773970954       0.40775955862425911       0.37609959874191112       0.41913456861071691       0.51307635455637712       0.66448742095512303       0.41788099966328429       0.44463445273181607       0.51102701926695815       0.36205170545216941     
   8.1253866699522059E-002   9.0749802909805999E-002   6.1069897690933864E-002   5.5069331609613428E-002   6.6537146176421480E-002  0.37466724121657741       0.22404533815901692       0.20983137224078682       0.11595870436717064        5.4837751436390914E-002
  0.52403267658706054       0.43557081870232212       0.40727031367373884       0.49803692553235113       0.40063285587405806       0.50485509419003483       0.52426270937324759       0.44631917136899019       0.53760860813558131       0.37286806170944264     
   9.7746659588864290E-002  0.10878694956854464        7.6770747536729841E-002   7.2431918574471038E-002   8.0696259604365439E-002  0.40419529604353760       0.24163657495599358       0.23387769920576945       0.13861102380510598        6.7200314837228117E-002
  0.45579305969782108       0.33445769979615875       0.43722332670192293       0.39993703249451334       0.41323035908911276       0.46492640232724797       0.37030690873065314       0.51549493939164970       0.49483717145043904       0.38480525039412533     
  0.11412726064889356       0.12665764957082384        9.2388791192899000E-002   8.9450284948253758E-002   9.5104140314550362E-002  0.42951602484040496       0.25953927947747402       0.25362643516455691       0.16193798215544830        8.0547547683245388E-002
  0.51358850996672778       0.41889844039969726       0.42075674967971305       0.45254082276154889       0.33548572838501489       0.46042701013469722       0.36998982041523937       0.44394761310887493       0.38292535721360277       0.37567548223491809     
  0.13016547490394642       0.14367916131953706       0.10861933028020572       0.10887688206088347       0.11102724560176422       0.45121397883482917       0.27312243134130770       0.27093192629999063       0.18448479679386648        9.6033918873272187E-002
  0.36370671230178309       0.41670786058820020       0.45993986272004178       0.45187897592660375       0.38435008838016105       0.36847346828850980       0.40598921433933255       0.44103323688365775       0.48990230393269163       0.34972756809917421     
  0.14628062509048190       0.16106208993345192       0.12471875370175090       0.12976433969411807       0.12678019519226957       0.47033333129123645       0.28803692714909146       0.28563505151875129       0.20646622675817908       0.11173497877720993     
  0.37993294053599919       0.36005854376685797       0.39219807295056575       0.45456600797393087       0.40294919975199067       0.44583956627587545       0.35945886538734906       0.37537121204594992       0.54268830372542143       0.33228532644483566     
  0.16237902035398474       0.17829659704690834       0.14066277083340109       0.15036458341261805       0.14367037105698716       0.48953343325938803       0.30300224043931057       0.29907281932060448       0.22770343199323967       0.12734973796444879     
  0.40485435891968974       0.35041814259417453       0.47443887209860341       0.44760628139992586       0.34001073306574559       0.36638484553567641       0.43224232789959066       0.35095752730309115       0.39884635210714670       0.38655313469694452     
  0.17803665555903378       0.19541535999697773       0.15661767405548574       0.17068560664517116       0.16053269416096549       0.50891907713289730       0.31772143531130942       0.31194845179480390       0.24751410894077794       0.14278444143533975     
  0.42058189550650382       0.35244548831194022       0.42646541284819450       0.47429985997800284       0.43282200627309980       0.36179472567779425       0.40473817104011051       0.36976684351362427       0.46445914296983815       0.33961328947166047     
  0.19332756934678097       0.21189845652444408       0.17242641539895748       0.19122186892247117       0.17717899449324886       0.52599468390174853       0.33216680953745265       0.32467255644344356       0.26659445317115310       0.15840862882430062     
  0.30711207285824471       0.43478187095394377       0.39998732945029097       0.52607773308521499       0.43504814776379985       0.37810338036030183       0.34275287742589233       0.39810193625936174       0.34988319740157137       0.37247901343327749     
  0.20895557662177822       0.22799814293207218       0.18814947590028153       0.21210238359775779       0.19303168895235392       0.54176584178467591       0.34633172649848765       0.33719556763501130       0.28544640108730451       0.17438001427090977     
  0.41189991155927158       0.38461519463929861       0.38251382451924770       0.44047491901926100       0.44067945257671409       0.36473078780753887       0.58223952132843482       0.40737583908712482       0.40830129860863346       0.35241135997917045     
  0.22486046845606952       0.24350452637412667       0.20386998599000111       0.23362794503151080       0.20882938861342260       0.55620437070819606       0.35884343843205163       0.34956647637249655       0.30474634010768459       0.19036354261989352     
  0.44093208151449176       0.42103961839220694       0.35077177210204397       0.39432568608568769       0.45262303827535294       0.32380909921490936       0.38107039085050826       0.37142231011259896       0.43087607149335466       0.42091066444337782     
  0.24106183737507139       0.25841743238581194       0.21987428634324016       0.25444220533986595       0.22466118916186187       0.56983723732268876       0.37077138104216462       0.36183351360353749       0.32454141494857869       0.20633622310149985     
  0.38902432916769791       0.43435395381512265       0.39661815024329655       0.43873760018468194       0.39168375925880816       0.39124910903146920       0.43524474180724471       0.41847766781983226       0.40833501917918108       0.40108300940791525     
  0.25775732557713227       0.27303016578348771       0.23595735641830468       0.27438881414453986       0.24034462414446808       0.58391367585305853       0.38269594512504834       0.37414896222339239       0.34393323802953979       0.22262420716872636     
  0.41896729509785763       0.37362825935626087       0.43736353067650485       0.40347429959255182       0.54655685807676235       0.44506609119748397       0.42915353612609858       0.38678957244941192       0.36936262142346465       0.40522669795898164     
  0.27420154482395892       0.28719266022589390       0.25193972619956334       0.29382376923249864       0.25603355009728251       0.59799662441101742       0.39368249229132246       0.38675463354345374       0.36293714482801903       0.23939327079266653     
  0.38040990174747036       0.38160841060156681       0.41586957389603457       0.36349594018439757       0.41119575677887565       0.47161854726958330       0.37177925249976118       0.43487176675669342       0.38325944193371053       0.33275948196426292     
  0.29033288112085937       0.30092494901812789       0.26781809706430060       0.31301628282306615       0.27175566040649174       0.61199345248521786       0.40534834326852676       0.39944929735694612       0.38138865018028811       0.25693144420697678     
  0.40186549398564148       0.41846295911058401       0.37939108192183696       0.37989811580057503       0.42641428502901879       0.37424838993883108       0.36438594652585082       0.42003187430870803       0.39616718185444716       0.38101878416864660     
  0.30636320116996391       0.31517972315916576       0.28312565385549271       0.33108707673997384       0.28742338921821586       0.62589181685860351       0.41698139308837545       0.41209333357453010       0.39962096493943888       0.27522913447758118     
  0.42069407098913497       0.42677115910751023       0.42529947462310319       0.38735187011750893       0.33737066105282842       0.38320058982122734       0.34714290707871853       0.46146645228999916       0.39875500818489462       0.36635827375302760     
  0.32219375891587843       0.32998293017681440       0.29814165097534701       0.34838830961024830       0.30278435950932481       0.63821477489927625       0.42924538584379907       0.42479424791470954       0.41719978257688289       0.29342868500499697     
  0.35727701035595216       0.34809108844589792       0.34559669641226176       0.32503369810915855       0.40485606516569728       0.33763031806927851       0.37677933260038188       0.39332636998871484       0.36749421799108817       0.39925180449246322     
  0.33769506883404316       0.34465439673356335       0.31339458238352164       0.36573197228298077       0.31823510260622112       0.65047047904574729       0.44161620691748177       0.43733554896988591       0.43445019366188919       0.31172556776881977     
  0.41566527149355237       0.40619213480962729       0.40901444671433412       0.33547081431441089       0.38262542460909926       0.37796662060739095       0.44094603394147297       0.37862130181598469       0.39423564415644052       0.46213593148329063     
  0.35250668698219340       0.35912775261131508       0.32969127432584111       0.38328995347919265       0.33346485115431856       0.66227432444727519       0.45391328532746145       0.45015264271414823       0.45155009031763271       0.32957111067059008     
  0.37255040950041873       0.35762746842596455       0.39111178137612229       0.31444295850095461       0.36122353961686499       0.35821129189366929       0.39932476688482804       0.34025740061705673       0.39541140433158461       0.37793830886501101     
  0.36730911596046417       0.37305023922129449       0.34647217102301359       0.40081168865683764       0.34865617318535347       0.67433397299164055       0.46617855589884766       0.46313216613801211       0.46882386025265488       0.34673939504532769     
  0.43674216367332153       0.43678581206643763       0.49532108770732797       0.38863190641800688       0.37413857067549633       0.36059336244273898       0.44222757388538070       0.40309616207065030       0.37466340890063332       0.45058497554484528     
  0.38221538235283525       0.38663411979015605       0.36329482971556099       0.41869021776761095       0.36400375729401008       0.68624815723424470       0.47810165800743643       0.47604992978004146       0.48526272634751028       0.36339103251972615     
  0.36805707035527235       0.39044132787796237       0.39196915079417594       0.39558749428672363       0.42999217049789784       0.36855893742375206       0.38809327350887468       0.39458401715143426       0.43379482251340934       0.42059471189865255     
  0.39701903189700949       0.39894812979663008       0.37965005430000592       0.43621887393599679       0.37938694789884958       0.69834805460854221       0.48996637850555286       0.48912101808384501       0.50139074143383167       0.37967982826149016     
  0.37155323878304158       0.30703839206628869       0.43315761467885694       0.37391887718791905       0.34837651432101674       0.39791294192831306       0.46272547663836749       0.41384398568442876       0.36697794752585738       0.42620131278961848     
  0.41173373242765776       0.41030417677983672       0.39352905894401524       0.45357089851571014       0.39516265234896181       0.70872604339893353       0.50126997710731425       0.50225145031158325       0.51687181914900526       0.39512420437770679     
  0.34709339160865876       0.38520265614390947       0.35515660275087907       0.42095929959172446       0.41013554969588928       0.37192177623536510       0.36169419884941700       0.34670429991945889       0.35239160836460065       0.34252562214662807     
  0.42666077182027201       0.42341474370976839       0.40751283095460894       0.47000670215066331       0.41062930248990748       0.71916913030372753       0.51278993842822462       0.51592842946055895       0.53220887628710933       0.41017408748692996     
  0.30505056035842254       0.37150924425599791       0.37659869288102188       0.41304098311323661       0.42165549594548335       0.51210333305984723       0.43663671267648735       0.38906191454006867       0.35978157006490646       0.39393850960706578     
  0.44196174463259896       0.43738818639838084       0.42166196913960635       0.48575588879099674       0.42499489606977270       0.72975356383888645       0.52355921774842218       0.52978254638796463       0.54625889280082451       0.42443905229531953     
  0.40927600096543132       0.39472441978156281       0.36202969550809994       0.34310822169981703       0.39360912802025988       0.37180380586928385       0.40962743831464138       0.38724077498574544       0.32517627984568798       0.38452035475525814     
  0.45720053820536133       0.45068534604380711       0.43779470977559354       0.50111503940120505       0.43937251394282256       0.74006524872829571       0.53407889286439447       0.54322595829514209       0.56009341789387901       0.43827851470275048     
  0.36227353313526023       0.37214071380219554       0.42824177824278137       0.37596248245620328       0.40090101674466150       0.41462332879349140       0.38971230155961240       0.35073500498777466       0.34110947588412810       0.32956814453302752     
  0.47217634445893780       0.46366508141531682       0.45424724025260005       0.51638076831610347       0.45305162180678404       0.75002292728804232       0.54448813321714895       0.55643431706198310       0.57346294151588262       0.45205400879618174     
  0.49221115873992322       0.33951926197366450       0.43025235795659372       0.35102333030885119       0.38960993668061183       0.36841904064907521       0.46130638645401278       0.39177546002781338       0.43823363501377532       0.33872087257376277     
  0.48659474458470636       0.47644160085985093       0.47036576854208850       0.53155393911914794       0.46798218999458324       0.75979013861221056       0.55502890950144557       0.56957730881591595       0.58657176972174996       0.46554294210070857     
  0.37425471103312086       0.37090305840634064       0.50461483972120535       0.34946541610400167       0.35776128702243837       0.38001007099842898       0.37703998685084622       0.37837926655283671       0.32950809164421435       0.44692984031048022     
  0.50063739354969072       0.48911638357957538       0.48593816225442821       0.54673605926404600       0.48431385326520243       0.76904519073516098       0.56597697833187088       0.58288722791874115       0.60072926106904112       0.47833113778505348     
  0.37626675424965672       0.34936011884663110       0.35009493764311445       0.33759626906625562       0.39626693391119300       0.36785795238873553       0.36426985366686720       0.42525266135493522       0.39032952789616882       0.46891235592206049     
  0.51506071413694376       0.50251967397215602       0.50095703514273981       0.56116343176209993       0.49987826236291100       0.77831759826413693       0.57707001910872846       0.59661846531882812       0.61430636641215786       0.49034953243674745     
  0.39402357544497102       0.39771200173475035       0.39412985674326673       0.35638432252636959       0.42355535649865883       0.43741153549652295       0.48605122829897579       0.43116887686040106       0.43578519543230204       0.59847398566818910     
  0.52998086479787665       0.51627412737298894       0.51683907454181777       0.57595298994528832       0.51475458977254107       0.78710469403331373       0.58735609462013694       0.61013616857566189       0.62785313271161824       0.50312480246754243     
  0.42453616114966719       0.43042183086100883       0.41286382378921493       0.39090048624449469       0.41004903119413466       0.33229554717636839       0.37769122366422547       0.48522044110962576       0.37244439481063413       0.71862317687444410     
  0.54292870626345158       0.52999860246903829       0.53292090497990785       0.58933354880676669       0.53055303383689301       0.79569302142808718       0.59764803902121477       0.62353199998966680       0.64098786764270388       0.51613670181048221     
  0.32271802786159509       0.36739759013096285       0.38092288324231360       0.39090336398616643       0.38541418100235775       0.42362836655184916       0.38361379002498547       0.37678358688177671       0.35557333686261855       0.62672062847851440     
  0.55526989783333180       0.54367445117930302       0.54898384648863285       0.60277034784502859       0.54684317015890971       0.80398677001949692       0.60796790519972477       0.63677129645761354       0.65409554793846902       0.52984875871900960     
  0.38406028042544910       0.35483365516152476       0.41746434161297080       0.34055935606720528       0.38830415625095938       0.36093565172120856       0.40276460444175866       0.38322984120132059       0.33200686641774796       0.59699992344654784     
  0.56766501086502363       0.55714066715007604       0.56534295207753582       0.61673750399651883       0.56265896348907596       0.81230562176420562       0.61826217406263662       0.64983366201828485       0.66718597993466910       0.54354311831979518     
  0.41654698081640618       0.37468965839078866       0.43641270941846644       0.35961219151934104       0.42309062299368272       0.34566895442485240       0.36190656120411108       0.34402083964628699       0.41149111201112931       0.44639033182590199     
  0.58098909660019638       0.57066549565645242       0.58088719243765063       0.63088354235771138       0.57810060591264401       0.82042073138876215       0.62887007555897845       0.66312284087944640       0.68019675144524483       0.55795502427230526     
  0.34661920363645898       0.37860903084902969       0.38009612460147030       0.35215670455768083       0.36323023642111568       0.38035472088479466       0.43835730558753599       0.35537426697568197       0.32474494226685852       0.43226883863917570     
  0.59507045645122658       0.58395882653895814       0.59613675064062333       0.64532515263275603       0.59499908185994099       0.82839216323480602       0.63962613071598895       0.67629499244969637       0.69301459774722485       0.57230235462953549     
  0.41613368885930496       0.34332346980000006       0.43039764718613377       0.39066161305901381       0.48006816846653139       0.34359822623057390       0.39976009325215162       0.32404667590293712       0.44071050692781816       0.36994341175985174     
  0.61031663360916522       0.59676884966739741       0.61215755535489613       0.65967914134692551       0.61255285254250347       0.83627446940854377       0.64976510807767196       0.68941242786311863       0.70625170352268618       0.58778824815061737     
  0.38754279071435410       0.37020032277158649       0.37786744671435696       0.38506413084099822       0.41613635015286643       0.36782603831039457       0.35674704576476313       0.39805471452570207       0.37294848417536247       0.35097842309180166     
  0.62667047032003720       0.61081102629292594       0.62817063382757987       0.67259507353905901       0.62913119600919210       0.84422810822329963       0.65978821948424393       0.70310930102497293       0.71984383331573010       0.60324636506563356     
  0.43584313991657891       0.39634904496484225       0.40799415991805416       0.37126830269452687       0.37614369088600141       0.35815607345241762       0.43130361542317164       0.40233612750870795       0.36684807110902007       0.42137213525701867     
  0.64334364256204968       0.62354737544154293       0.64421273938441015       0.68563887268476398       0.64549104981328631       0.85226430803610242       0.66975132033731732       0.71712455970342281       0.73396237182543111       0.61966918133752091     
  0.34999057372395542       0.39666748182212985       0.32294819305321848       0.38434876606290386       0.36769600555504006       0.40111268349738094       0.39595747387544039       0.35457015536374642       0.43364368186370766       0.39709343883690851     
  0.65937840227865163       0.63548949165052993       0.66011667715112055       0.69860363790148350       0.66076237665032012       0.85977788113650566       0.67978382177925778       0.73091280975201256       0.74793853351338546       0.63585439376409458     
  0.41042173319533104       0.40348191479388035       0.41223731298261174       0.36161010795915094       0.42905375729388112       0.34991553880066145       0.37883897614183387       0.37092117268051478       0.46804036557554868       0.35650462799487009     
  0.67552380787356359       0.64738534797496350       0.67644541267938341       0.71148948951745261       0.67555674641739727       0.86687839175385761       0.69007483122215230       0.74423863970344351       0.76161951323020372       0.65399746034635819     
  0.44902450411664330       0.43562730727393573       0.42311955618434394       0.41343494932185448       0.36326862695485479       0.37329463818557584       0.37938273017677704       0.40784115800406590       0.38997360209652276       0.37937049200479700     
  0.69168499351843615       0.65891260239379745       0.69283916283281799       0.72507209195037015       0.68989118785137071       0.87389087990904768       0.70023369393643031       0.75691529426576432       0.77517172603504625       0.67215906481756760     
  0.42189220922916681       0.37210367650046478       0.37896526904202454       0.46107874911411445       0.36397701901362423       0.38556105518158851       0.43458803166815962       0.39973651497309426       0.39391488100237343       0.34751449310683524     
  0.70810643234255488       0.67149856612994285       0.70840253520329322       0.73836838011258621       0.70436393367083294       0.88105943096540951       0.70921253358368341       0.76932902626421851       0.78872207046344256       0.69048559461488845     
  0.44706346698867072       0.33725329952462096       0.35744142050193017       0.36403009208658677       0.43695351650292735       0.47665208190643177       0.36298740827204740       0.36146965507892465       0.31499954146663428       0.49755933428599192     
  0.72461479293841069       0.68447136861114821       0.72408635576920855       0.75139670521532376       0.71926472204192970       0.88830325737159832       0.71824881449357636       0.78189525089818335       0.80114084025244403       0.70844363365763674     
  0.45594126008267777       0.40203292771067300       0.37849401418719669       0.37778020695549230       0.35094807570347680       0.37253238881869588       0.35650628194655026       0.41772390863752767       0.37843589298821811       0.43367786166610134     
  0.74161524000039147       0.69812639705323465       0.73894212569722995       0.76412544197404075       0.73445748471219985       0.89508522679038038       0.72775686909756232       0.79427243821357585       0.81286549831184052       0.72532915566813805     
  0.38830123598354621       0.50060220809814981       0.35919626408084698       0.36289657874378095       0.34992505136415364       0.40193533350143867       0.33910001685977004       0.34853829541558135       0.34816242128448838       0.35476941373123277     
  0.75880766621075990       0.71232503675861758       0.75381235156643644       0.77658894098512965       0.75057539684675234       0.90181694478564567       0.73691934130314862       0.80726648011595070       0.82463676889964577       0.74200759994171894     
  0.37757751336655115       0.41800407249550647       0.34531061377183908       0.36811140076140719       0.52564147595764332       0.44114706134451959       0.38372781941640494       0.36929951761094243       0.35454027663985682       0.34640061457991567     
  0.77507012842285505       0.72747619762809035       0.76941554792349753       0.78935206546809988       0.76740391085112147       0.90824735732879658       0.74656676875147765       0.82104144810170898       0.83721110581183023       0.75833292624409021     
  0.41861433206529319       0.48040092636639864       0.38648650002415524       0.35087950254186856       0.41746110810773390       0.40911733526094862       0.41608058787534191       0.47782692248127784       0.33122320930971422       0.35864216814431082     
  0.79057539552054357       0.74285822689095604       0.78469906597866035       0.80123703718670503       0.78367968515854136       0.91456780752609701       0.75631177611595179       0.83391602944443144       0.85011815373874855       0.77456605727101591     
  0.50371876855877673       0.44894488678609590       0.41563623602759642       0.36984251228291037       0.42022554102604376       0.36607594062221233       0.44879315304563666       0.39406734229815499       0.35581030960621668       0.47659348191169060     
  0.80582150074269721       0.75834018244094625       0.79939431899804470       0.81317066961563500       0.79941079121377645       0.92077852862422171       0.76606690285043277       0.84576912212480060       0.86236137751046393       0.79164674615913033     
  0.39894010124278512       0.36474587398918384       0.32579761075196756       0.35706788543355766       0.34390719246883855       0.41504289259256599       0.39748037094214533       0.38505682434108551       0.34542516252050698       0.35435547883008606     
  0.82103363234726001       0.77379549089963140       0.81459765258951677       0.82579970910566658       0.81515546027260466       0.92701150812400812       0.77562217490373719       0.85818874097403641       0.87440564772013496       0.80837918905924788     
  0.43250843824445373       0.45014965381978167       0.38122569415929008       0.34737726751790576       0.47417595673943091       0.39957949226375283       0.37543952196558783       0.38549663753192609       0.37254196247751264       0.43778810679796681     
  0.83651208941255684       0.79031903277774829       0.83074865973694989       0.83864999710290133       0.83091290687513231       0.93322731922784175       0.78568603968767792       0.87125611544312065       0.88580927168269563       0.82491577815991191     
  0.33175114352889279       0.44089935240685335       0.39896906451940106       0.38547009199294319       0.39155532642842306       0.36786000789441820       0.40605556099254064       0.40395510412293228       0.31214573142706814       0.38568369574434991     
  0.85223157992275378       0.80682489600773932       0.84697117333482785       0.85184531735885138       0.84703211964865011       0.93944575639844974       0.79533291836264208       0.88430649006164852       0.89728183922665994       0.84156966999808847     
  0.33846622087264688       0.44885668643680093       0.40398556834422100       0.43067866796888576       0.40123962425852061       0.38777228986285606       0.37431740180985795       0.39273856290655346       0.39647631074845852       0.35025255706273056     
  0.86777668501120697       0.82446187103754842       0.86039044642592566       0.86511974175286632       0.86132472371734170       0.94517376126370001       0.80546132475405174       0.89721506278952212       0.90914654828110952       0.85747079715659147     
  0.33913165702569092       0.47423049829400060       0.35797282348434406       0.36544380773371837       0.44031521469182788       0.37475393661559364       0.42573170422950607       0.34740463226530571       0.33237758798500028       0.46163968915712056     
  0.88335101633618385       0.84231753921154640       0.87364170977494859       0.87947779913596325       0.87434567018157705       0.95108970302283602       0.81565360027319722       0.91004002549744556       0.92107769638378556       0.87383490577272571     
  0.31095440022919979       0.37563090023598400       0.50293529939090720       0.42881714122017389       0.33297596530301077       0.39644239876164150       0.41894353399317902       0.49028997314892120       0.32237576709574756       0.34097878938058912     
  0.89876282668567287       0.86102045710468378       0.88843098259654563       0.89308870949756003       0.88731347008926076       0.95696082493174672       0.82746292979743119       0.92295793345296551       0.93223110643853213       0.88949469165625028     
  0.41338665628577326       0.48005235484395697       0.40713710629790506       0.37954887544244886       0.31401382762443691       0.33887897045367754       0.38105936847365507       0.44243456240861939       0.35883684946976468       0.36346228817910797     
  0.91390067777381079       0.87962082092068472       0.90315018315226825       0.90578043699774047       0.90024673223389506       0.96263628364171072       0.83972392569412657       0.93609232938084774       0.94318900070910650       0.90546226263144203     
  0.39121918502047170       0.43487938539392557       0.38921153256554269       0.36019738316609606       0.37370931901701571       0.43307622396557849       0.35753960977729993       0.46759580070658285       0.36772883197210487       0.44844408556686799     
  0.92857870264138931       0.89870060456356871       0.91846006138386826       0.91826930158236020       0.91639395059367434       0.96809503842408229       0.85299695471924364       0.94937475878244437       0.95450781147893371       0.92041640708977679     
  0.33761223482867242       0.37177093451069082       0.47082317958852776       0.43608466556644632       0.41134810181524917       0.48458988878063325       0.40858362065195930       0.42293815816674135       0.31750551698547808       0.43186761451908506     
  0.94339876846909720       0.91870768063059027       0.93401912571735779       0.93088749320238939       0.93256514564672199       0.97364576953860338       0.86647217284805100       0.96020822777037773       0.96599648202663180       0.93508895237344702     
  0.39836985092288363       0.37849242586249748       0.45993135811517333       0.34847786945831910       0.37012847739698651       0.40934682485419355       0.42503246634963143       0.38514900810202080       0.34393517700686377       0.39281211620542172     
  0.95672944007404104       0.93838424484402239       0.95068190860254331       0.94376348305273783       0.94963005925915056       0.97961228170382042       0.88484203446730381       0.96970245493945462       0.97535446859605324       0.95186629153004776     
  0.36741166790757090       0.48295963408974246       0.32912389366284167       0.39000554830024453       0.43224329572659415       0.51069194750746305       0.42122509294556076       0.43409021330301639       0.36246778209272401       0.44159369387891312     
  0.96970603474256267       0.95799366245013140       0.96738153139136551       0.95935354541218110       0.96606419513459307       0.98552828615037835       0.90551980972985047       0.97916834164102895       0.98498959517867257       0.96828309138805679     
  0.35488503806011940       0.44614126377699803       0.35261684807298804       0.40328102481861500       0.38700976732236941       0.36768556347919790       0.35583619443770886       0.48513574965386386       0.37727700705973533       0.34789374786007021     
  0.98482270867740540       0.97873642433169239       0.98337733383530024       0.97909691777640617       0.98318852512200583       0.99268081146487919       0.94578427425981038       0.98856354453744610       0.99252024352088786       0.98422177943687050     
  0.40707312533303774       0.37911636900922158       0.39118004421611802       0.49853875053631846       0.36501977107470468       0.44116541427124084       0.42559005983092724       0.37017887397970001       0.38296821083925836       0.37237292837125036     
   1.0000000000000000        1.0000000000000000        1.0000000000000000        1.0000000000000000        1.0000000000000000        1.0000000000000000        1.0000000000000000        1.0000000000000000        1.0000000000000000        1.0000000000000000     
  0.67929766452540918       0.41704593018766495       0.42360085977208728       0.52292816469443182       0.41833655138986331       0.42096805893137551       0.29351727200669303       0.40784072382640191        2.2318921805143681       0.33327773173030600     
  -7.5161160180865165       -2.0237912601993022       -4.2827363339541229        18.921621618557317       -5.5916049891657558        0.0000000000000000       -6.1388970926577171       -8.7342049862272404       -8.1354184326416998       -2.9591764513154111     
  -7.2537152654529820        2.0384659398312408       -6.8603265480263058        5.1791946343832223       -6.9054239471189147       -4.5086018498562535       -6.9203292597337818       -6.4963432026143808       -7.3628522918524997       -3.1954998585304826     
  -2.1021241917054492        2.0562543696821013E-002  -5.1015027803901933       -1.4535048271727204       -4.7568402387444984       -4.0310012143413836       -3.7818080697320977       -5.1149843037050893       -6.0676256097992098       -8.3739971582596091     
  -6.5338456316836746       -5.5370959719429562       -4.8202342968997351       -5.5294002277732544       -6.2089819842775587       -6.3784527824163026       -3.4804005298760092       -6.5041970955650932       -7.2096310349345503       -3.0370758973642951     
  -4.8102515254503855       -7.3433492664642888       -5.7471808394903618       -7.2551641326594645       -6.2521342178270327       -5.7492088303326865       -5.7653440380066332       -6.7821027285428022       -4.5241640236654366       -7.9113903041582718     
  -6.1737117363957310       -10.362286596485704       -3.4451425304413248       -11.940077476153117       -4.1232202342812654       -4.0778401282563292       -4.8688116913761386       -5.6490637332239304       -8.2107913893817912       -7.6388262896408898     
  -5.5596122863512436       -11.691251273327488       -6.4498432573586575       -17.045437868916604       -3.9367960486455016       -4.4054340197599213       -6.7009890103375485       -4.0749269648960178       -4.5784738965328362       -6.5958454113056204     
  -4.3102098040775472       -12.517763344174352       -8.2528042060963998       -22.762551685278673       -6.2495577308530370       -7.0002037811340907       -7.7407850786908758       -4.4865255598134688       -3.0479369494452793       -4.6413437797899215     
   9.9821253594474899E-006
           1           1           1           1           1           1           1           1           1           1
   4.8482940266956215E-006   3.3487821060996612E-006  -1.7166587043672934E-008  -5.9987869585308093        2.4157424269181087E-007   6.2380901909651272E-010
   6.3040791937549335E-008   6.5190024847796598E-008   1.0824607981626042E-008  0.16320844759936298        1.0811104881049129E-008   1.9244333224328972E-011
   1.1636247667591562E-002  -5.2049129313879918     
