   0.0000000000000000        0.0000000000000000        0.0000000000000000        0.0000000000000000        0.0000000000000000        0.0000000000000000        0.0000000000000000        0.0000000000000000        0.0000000000000000        0.0000000000000000     
   2.0473212079087900E-002   2.4673504493800420E-002   1.6205913325275722E-002   1.0863453779690819E-002   1.5840690463898223E-002  0.15941816426755012        7.9156765426569936E-002   6.4645452716527593E-002   3.5955154176445701E-002   1.6059279505164944E-002
  0.30629285259486200       0.38997574083240399       0.36675372654816440       0.54703154923883623       0.39585879692205084       0.28104152097956087       0.28104152097956087       0.30436036440308378       0.36782279580775612       0.33332469668054993     
   4.0859157804351155E-002   4.8949449210886294E-002   3.2405440245649370E-002   2.1424821169323122E-002   3.1986598139134785E-002  0.28653553212007915       0.13163647463410308       0.11689279250975172        7.0310469329894862E-002   3.2147326083761862E-002
  0.34620903514262358       0.42588165138674677       0.34706033779151751       0.49283055942803655       0.30872129528304759       0.74459939747367376       0.33235262313799258       0.32787511627083465       0.56204402618928628       0.37523553382572250     
   5.7913309018135670E-002   7.1223998064367439E-002   4.9782405301965059E-002   3.4720582455836604E-002   4.9019325090683130E-002  0.32909167585490878       0.15791020142255577       0.15566778456275543        9.7131059425614771E-002   4.8249088027837506E-002
  0.39334451386030028       0.39151099300273862       0.43084534635200733       0.42553304619053628       0.37718663976153843       0.52334254858301721       0.36132877074238018       0.36646189938406754       0.46203338101054298       0.32951660692967738     
   7.5422860338698453E-002   9.2988336450232884E-002   6.6697640689009810E-002   4.7902269129286565E-002   6.5902522526925356E-002  0.36650767322540595       0.17880969097288640       0.18772742986663901       0.12287221659841581        6.4373269817608852E-002
  0.47508054075353467       0.33938070498612188       0.37380745082800454       0.42957310010527566       0.31491819227099660       0.44620100699008564       0.48806500886671500       0.40901233890504329       0.44482863179421039       0.35257752644160101     
   9.2025239409081250E-002  0.11436184174106682        8.2421105147800058E-002   6.4193939320409524E-002   8.1600721223074268E-002  0.38957520324246969       0.19456874707091310       0.21452957087180466       0.14689374021216747        7.9892906093484733E-002
  0.36301965387918567       0.37048923493699126       0.35733994324470014       0.47369090835735683       0.32987845390673709       0.31019980697510646       0.39206849081427131       0.34740569462373788       0.46685356100566217       0.31166830614882152     
  0.10854266453884411       0.13598404322306376        9.8023035648248477E-002   8.0386618201378185E-002   9.7253162085961894E-002  0.41148515655610007       0.20987274492434993       0.23702916044323100       0.16910971287803200        9.5507131030356379E-002
  0.39603689846701756       0.31401456706315944       0.39371126505622295       0.35645492499447812       0.30165986556290453       0.39022063012194924       0.42149295915223223       0.37917780696087189       0.56034563007954785       0.35543135444633889     
  0.12448345472157235       0.15620863810687685       0.11409956346326112        9.7486420885438713E-002  0.11252724472282927       0.43074739460975386       0.22438465596128779       0.25517412030238096       0.18984575107554869       0.11105714196902633     
  0.29549201610089959       0.36975211591017687       0.39677794976423186       0.33319138085096628       0.33835955506818244       0.36087233660967771       0.36774817836964052       0.46170108067118343       0.45119529857264412       0.36136137490974624     
  0.14046313141671773       0.17580942937575539       0.13015527304297964       0.11464405979922838       0.12784668883262296       0.45003554751630370       0.23747755483098029       0.27213527651051406       0.21051514127809828       0.12637267254115950     
  0.32721713032946337       0.34799190566004157       0.34525739485907431       0.34689881472891698       0.30014278475820227       0.31757108695980796       0.35053382078389383       0.39752976246509708       0.35485197299401300       0.30123747557286390     
  0.15608927444035606       0.19321320285502544       0.14678578891969576       0.13191369394429692       0.14369664018467804       0.46843885679458575       0.24893582585831409       0.28829805787394780       0.23092404334100267       0.14324698369139516     
  0.36581542457706384       0.31621892309061989       0.37141968797448460       0.41063516227642682       0.40570946034506011       0.36847212463221984       0.37269499501268100       0.39473596823440715       0.38544268820080407       0.31392046457383699     
  0.17205344521707300       0.21062736285629138       0.16354849127643903       0.15014735327635265       0.15967845457361379       0.48579237295403693       0.26001896826324072       0.30326350562564841       0.25188461612090812       0.16088589539178558     
  0.33955845542709601       0.32931214914022156       0.41420610646498962       0.32294783022690721       0.35781845414420010       0.39503988698165299       0.34704762547272944       0.41946318448399572       0.40815269101230062       0.40711122154034241     
  0.18794001936471766       0.22801003543993348       0.17946197222205731       0.16796070961217502       0.17644768391466542       0.50190046410443012       0.27063480005882545       0.31720387257837346       0.27351222947400522       0.17937993189552853     
  0.33779920371056166       0.35174457485578126       0.33793422582590854       0.35912954114762713       0.37082054749916149       0.33323367770697854       0.40511121727857957       0.41628583468546426       0.38168264101014121       0.43275000268801223     
  0.20327118621827608       0.24509782103497427       0.19476936357584915       0.18565145638266228       0.19327297647676661       0.51712707420635240       0.28084436905561072       0.33083045489406016       0.29398735011758415       0.19821005630608010     
  0.39917429118748965       0.34462463579468322       0.36167104195121408       0.30121284405673021       0.30725143438317110       0.33474767671389261       0.34085583740343683       0.33775900344458532       0.40998098139458561       0.38635819288774564     
  0.21852756115646099       0.26176373936253472       0.21121196020565919       0.20360381284630741       0.20969358360949808       0.53176552188650883       0.29064421201794560       0.34404017468024173       0.31355434990656134       0.21577964723607551     
  0.30616427609684133       0.35100940935130581       0.36307312110494344       0.35315348476426128       0.33611062251199109       0.33335030663796683       0.37196145963909794       0.38185947515673152       0.32506885142629172       0.34051898108420231     
  0.23386303317092011       0.27795924923863935       0.22743926457619870       0.22196765368449811       0.22586365481866361       0.54555184225601416       0.30012731274557769       0.35742194033967456       0.33334689812980561       0.23288102583944154     
  0.32987656372483615       0.37324811978956451       0.40286546460204264       0.35449429571031188       0.38338567554604797       0.34354286240492465       0.37362296885578766       0.39665879178929558       0.34893671284567895       0.36194662356107704     
  0.24975969693487510       0.29317492524084671       0.24361475057242460       0.24017272784826560       0.24158741431252787       0.55901367789345224       0.30888259222111225       0.37024013527427990       0.35355951649051470       0.24899256873038322     
  0.41105173080665836       0.31810228862926060       0.36065163512462128       0.36872104449035648       0.37595978006541902       0.35452542785184765       0.32515783163859524       0.34459915808415087       0.39884488881982438       0.31665538742248356     
  0.26448966370197213       0.30860063119934411       0.25980279249684385       0.25798331647858191       0.25715575879543567       0.57251300380334202       0.31760086575294466       0.38303073483594152       0.37296368360923937       0.26500288107601561     
  0.30121284405673021       0.37279001022306629       0.31457033959472658       0.43994786598768820       0.40366633451963735       0.36495131847705037       0.36181942638576159       0.33612237855127819       0.38280717247674073       0.33700651378576552     
  0.27843434907426101       0.32403158373707708       0.27459986302686146       0.27685773332131802       0.27216891802494741       0.58627507708461857       0.32633079662548869       0.39620761465504650       0.39186205939774149       0.27967553589601613     
  0.33013496802354247       0.35917389996769511       0.36511860972301191       0.30616370084866468       0.40614515734644435       0.46494998766045237       0.39371489534230575       0.37084896291749780       0.35427414913539174       0.32767298123928734     
  0.29229321356652760       0.33942544289579119       0.29025325120375883       0.29558155502953753       0.28687368992973239       0.59883223608897929       0.33499396348011867       0.40926542943364652       0.40925162414303462       0.29403528551209773     
  0.35541108483261125       0.32795952592011995       0.30923419702740718       0.38437424621975586       0.34568818019483211       0.36187860929520022       0.34339116653149487       0.34234271381277309       0.31041976999886278       0.34663150935588427     
  0.30714882492650836       0.35411218119022148       0.30589563397488856       0.31493442282076467       0.30174942931964832       0.61043815864600004       0.34314623040177700       0.42191717672093365       0.42623697700506552       0.30933402734915533     
  0.32503979622659218       0.33100922362562046       0.31902170402172786       0.32757306304912293       0.33465282073523345       0.34300676764459520       0.42181314420212246       0.32561606908161622       0.37569486327009427       0.30768199583893352     
  0.32279845274530139       0.36853120019497365       0.32127242439460824       0.33419576251842653       0.31665125740686478       0.62131541942741142       0.35134241280376505       0.43440350249256149       0.44292465754253796       0.32455871166070999     
  0.44536479894067810       0.30901909748504247       0.34548432594973705       0.34535189998828475       0.39082095649726378       0.37624458634154567       0.36240154480712827       0.37211339240700514       0.32980368893725892       0.41739877140441756     
  0.33902341974905043       0.38271931062233389       0.33800857401564594       0.35234066247540624       0.33230336607642702       0.63156799717760848       0.35938419839277153       0.44616459398186847       0.45951578414577482       0.34055005796278098     
  0.37281998298435748       0.31840179613735459       0.36279228201802932       0.42793150042826367       0.37170561691363080       0.37287756102419234       0.46947563359504629       0.37992912890707875       0.31147407558891577       0.34353882087589116     
  0.35543085387085444       0.39700721575036790       0.35461251487854195       0.37043770031487228       0.34840297377675622       0.64211596369336776       0.36712070049106432       0.45829422138144404       0.47621053262548674       0.35667967007624862     
  0.40982141452845827       0.36455141154204879       0.37060110968672749       0.33399618096235389       0.40514287734264576       0.43200564606058828       0.36704464780594959       0.35490594747592041       0.30242073580376905       0.40223316582719176     
  0.37130748464915453       0.41158374083819788       0.37158442686988574       0.38830939168344941       0.36389122560220771       0.65266329577607196       0.37436783221039338       0.47105710405221513       0.49272001950531297       0.37116850179464983     
  0.39354255931128396       0.34137797124692476       0.39297675019576855       0.34777609844210983       0.38947220912343966       0.32762891459376819       0.35006109130744989       0.32252519283410591       0.32178280677538751       0.36863871563458389     
  0.38746314728530223       0.42610250463426402       0.38836675331616927       0.40617432470005177       0.37917053846261445       0.66293242592213153       0.38186511595999562       0.48383422194221332       0.50812484500102617       0.38614400817980482     
  0.36265277618325142       0.31767695634216814       0.34184770019257954       0.40802367724075461       0.37355731923818891       0.34624553389720147       0.31783793320342107       0.29886170906725867       0.33175840123307598       0.37079550445620929     
  0.40194471992411379       0.44037873273271511       0.40470120130606602       0.42379610467351142       0.39396076590776652       0.67337300358379093       0.38926686183863868       0.49740626165105412       0.52316482193037561       0.40128862081329736     
  0.38671904335157314       0.29686479943612543       0.36426521556298019       0.33119121148032932       0.33422342509685266       0.36026547138262954       0.35381711177344294       0.34569033470929211       0.30908788986507202       0.35097742642458563     
  0.41639698821463156       0.45430641943327704       0.42107571075643224       0.44140857787696913       0.40833102342691069       0.68323494158224396       0.39661467634983066       0.51084069764395768       0.53853464363141335       0.41604434707699861     
  0.38184863297736021       0.33104580299362557       0.38451541057856981       0.29047615320935360       0.37205826796320984       0.37120362873410279       0.33776688098831403       0.36904910204854419       0.30682650079100121       0.33529381918592183     
  0.43108413732685291       0.46778562044081756       0.43766766984558481       0.45813248501521792       0.42284266470868420       0.69272857075011196       0.40393733469427590       0.52489156779571611       0.55402758839019439       0.43128083218777447     
  0.35630870372222950       0.32703298529023039       0.32816208850783984       0.37007710561778717       0.34204351914116210       0.31523922216743200       0.33241906469724625       0.36981159089981813       0.30121284405673021       0.34848436538675476     
  0.44563063633915201       0.48090880575806749       0.45422731579124598       0.47474733940632524       0.43744314642853488       0.70222814676602952       0.41141673424706304       0.53888342615730278       0.56922698972508423       0.44669954937185757     
  0.31478007855408202       0.33084430917810309       0.35910232449612989       0.32692087348282434       0.42591439678342669       0.36027285072316845       0.35133723657422367       0.39032346593253281       0.33538155614225029       0.37080229981953766     
  0.46102406232300369       0.49370293811024779       0.47080803675984728       0.49137033341901232       0.45265795440863821       0.71178269462483190       0.41912498182742736       0.55251978678640445       0.58449940367067210       0.46063661160065866     
  0.35090070547295549       0.29606672864574313       0.35176620750985560       0.31863837062575978       0.43086128909848337       0.28644558416815069       0.37850283215331743       0.36488690229540122       0.31764467912356309       0.34545174780159321     
  0.47617901099915994       0.50715275091464729       0.48744898898040728       0.50766232869745387       0.46814212731594379       0.72059311976638496       0.42696914174460177       0.56613996257597332       0.59946714752079444       0.47440716846097936     
  0.40446403231083189       0.34057369955847494       0.39243803671248856       0.31625710565560583       0.36312996266376241       0.32337766408603053       0.30396004606366678       0.34263791717960917       0.43111167177859966       0.44531142695691106     
  0.49123192762438911       0.52122890182740333       0.50391265633036941       0.52393247394887155       0.48358273661733719       0.72881378900422600       0.43483068712648354       0.57943096032592278       0.61434737756584368       0.48818056847367081     
  0.34649179134448788       0.37299927254674997       0.37028057842102535       0.31866183918493962       0.37952141953574159       0.30436678516960586       0.34762896886119504       0.35700768280156125       0.37170616836526199       0.36571462359809154     
  0.50664334115133458       0.53557510413908527       0.52058873434021502       0.53996179266530164       0.49912354619859411       0.73720743409891931       0.44266771678249328       0.59268296806752874       0.62857690928027676       0.50176865944158011     
  0.38393304795131100       0.37505861911258387       0.41611339058618146       0.37699607978825800       0.31267280509065176       0.35422783066465507       0.36434705437026127       0.36039541514313844       0.33017042335397723       0.51539207531775133     
  0.52201707961332566       0.55006410849165632       0.53687186037047230       0.55502345681275156       0.51407245454219630       0.74564228748188699       0.45050468784400532       0.60623493627892211       0.64269508302086475       0.51511089875255633     
  0.38965000712185305       0.35002266775338098       0.33554181337360833       0.32115119049655533       0.33440619047867054       0.39596129906514310       0.40104800168138577       0.34947672010916031       0.32619907320996577       0.54885228372469097     
  0.53718076644612078       0.56405782901420842       0.55268658756974043       0.56983366052824092       0.52905092584821323       0.75377218349953157       0.45826156790826567       0.61983156227644554       0.65640320005958874       0.52861848722197557     
  0.34852835673450094       0.35370026183756859       0.32786728045227159       0.33117667222307912       0.37616094476064482       0.35665973033755466       0.42678787447562655       0.41917539551065308       0.32797803610452342       0.44143408577990045     
  0.55260805073496477       0.57759984242505547       0.56778805169367241       0.58577468081465733       0.54413513681607806       0.76171426113407903       0.46596976652739225       0.63309043418022404       0.67010594740471430       0.54171222005850994     
  0.37105687030226220       0.33886454513596953       0.42365791215053916       0.33049745277098302       0.35084029673666633       0.31281641168988422       0.36413977796027897       0.33739120909936648       0.31453603382976281       0.37349566037161119     
  0.56862317372812277       0.59141345157922787       0.58196252281446703       0.60173403288933980       0.55936278466806244       0.77008515667174438       0.47376870754165407       0.64626739776541220       0.68397719844194271       0.55533935850027150     
  0.33432815904959851       0.31061643678708112       0.33235903722262822       0.37145388828163878       0.32984438315372849       0.33050572193040156       0.36576803831681975       0.38635324761690226       0.31595879072300936       0.39116232882699364     
  0.58355089128075122       0.60573853653572984       0.59566208334479387       0.61622098674108006       0.57465922890087440       0.77855361887419750       0.48163745167830913       0.65948059291429029       0.69799669854925661       0.56995325291752996     
  0.36745304866367229       0.42467589640642112       0.36268050880012492       0.39288661183120283       0.35692381924849259       0.36028677911202694       0.35072050734985938       0.30957078305060021       0.37769614211606167       0.31158261047876828     
  0.59844677219501574       0.62008918811760982       0.60927819877621925       0.63077667991326802       0.58989324235011187       0.78713956223127668       0.48969362425993829       0.67278362491940902       0.71204456469967192       0.58437193753377248     
  0.33456088074696877       0.35094883266831861       0.33317958763191402       0.33766375683585764       0.37051207788934537       0.33262258432747704       0.37738335008171908       0.40066350189248290       0.30804307455810204       0.32710753642793539     
  0.61439064863122728       0.63463739505025885       0.62377149414807276       0.64544342927428300       0.60585163707711520       0.79577298224165927       0.49786885366020611       0.68637506411466065       0.72615665913777294       0.59896723121494044     
  0.38800453817162994       0.42370226159874919       0.35348717345411679       0.35166718376731682       0.42949504013027162       0.33717539779580274       0.33683409298236772       0.38725506417592465       0.30601857140919086       0.36641157085293385     
  0.63031070607547179       0.64914912759336585       0.63914380266150961       0.65981680351748662       0.62162546339670044       0.80407967265537283       0.50615179915493425       0.69972102520450419       0.73927338059748116       0.61336179568980342     
  0.38063046761129571       0.43756273960516018       0.34255361267666173       0.35875544789569774       0.29616752142002323       0.34518315984735531       0.35456854672315752       0.31715809362973429       0.28446310108346934       0.36074666773398162     
  0.64591003865499041       0.66354705098341438       0.65467641319345293       0.67368148931626826       0.63906469941237432       0.81226875747793015       0.51449430447160982       0.71346116064694387       0.75243747754673984       0.62866363604483089     
  0.31042690922275856       0.38812369044439243       0.35467149066401071       0.32968609497518753       0.36671240900693758       0.32789820557362115       0.37885633853081363       0.29590209125771094       0.32022194664732162       0.40025538979336339     
  0.66108007429463189       0.67754550761805166       0.67028979451422155       0.68712364086417588       0.65574548435143842       0.82034769199262336       0.52289554387002557       0.72699192777662891       0.76549548985415761       0.64366004777309005     
  0.38504269658867923       0.33851152991211586       0.41084261396842758       0.33188109437382768       0.39175911898577825       0.40207391688238547       0.36161261151478058       0.35889253104808660       0.30473013678361349       0.33664964129608094     
  0.67458961303340659       0.69054413302997375       0.68509816006657820       0.70066908774900916       0.67199790728952236       0.82830147428064538       0.53102133795726936       0.74041743277998762       0.77852777581985966       0.66008932314317592     
  0.31615719946968318       0.33375480656594431       0.31465901477754377       0.34407967032029058       0.38763587973584057       0.29821358712831109       0.36177115811556443       0.37097497646010147       0.34155877482616653       0.34590172336998704     
  0.68782478673434266       0.70362100020467322       0.69924181487170667       0.71360993191233257       0.68822084736360478       0.83619586657580669       0.53938815871294865       0.75385854906939154       0.79139973191172019       0.67703061083579075     
  0.31169437361129165       0.34270662385578088       0.36081547842708328       0.31402290989829063       0.35500105726086312       0.35182259636970753       0.39056182694552755       0.33901070514686305       0.30121284405673021       0.32328350231422198     
  0.70155053245868781       0.71664163450965224       0.71347096214472427       0.72755208502146218       0.70413598226371055       0.84396064728193843       0.54786549139288998       0.76680453405304549       0.80422723985180211       0.69398168673762339     
  0.33018585113190529       0.35198447140166805       0.34188012294715292       0.36271266818310210       0.31492923831904290       0.34739587653001014       0.35966025237674404       0.29445507404629184       0.31899593676138921       0.33244633913361804     
  0.71584977363052271       0.72975333756795624       0.72803152340303467       0.74164124600859371       0.72006617881016266       0.85160312817026296       0.55659638814568946       0.77976526827963055       0.81680052246491763       0.71054967749367670     
  0.38265016946845520       0.35538532019736985       0.34225405477621818       0.33616541946225198       0.40346639743968599       0.40251644063520731       0.31795445336465156       0.32769651811949130       0.38737883958445074       0.41325263596973805     
  0.73035240048532535       0.74363155432308004       0.74321228385399674       0.75598305028565216       0.73615829938426858       0.85909338450959416       0.56551555105442308       0.79255805990896888       0.82944594424778850       0.72773929243803392     
  0.34901233977041451       0.36740334048035261       0.39076441179504712       0.32667948339624825       0.37162610578113192       0.33282401513364346       0.31542828439400805       0.32609941729433733       0.33227405198478499       0.39559402083706702     
  0.74466806395498197       0.75753769158712259       0.75870957900784108       0.77036076165909884       0.75190035067802097       0.86662916152253078       0.57510198998552542       0.80538042698209966       0.84206757140755306       0.74503216486375823     
  0.35816518531449426       0.33071386564027938       0.38413871405612726       0.34855313299927465       0.33363625298357286       0.39359050536682505       0.35260850160217810       0.30205377058304633       0.33726045993040082       0.32756098280999485     
  0.75989316759858161       0.77091862965599511       0.77457400530659337       0.78402174299007799       0.76657682964915919       0.87443919734011688       0.58464775759378662       0.81815529532238984       0.85486205041693075       0.76109303047121801     
  0.35357184503421513       0.31974714269924409       0.34143063953389802       0.32699823261041489       0.36004115337616022       0.31408027371796865       0.34415384061979465       0.34168701956367858       0.34760731126571875       0.33624128743981391     
  0.77520473910390375       0.78445974005932584       0.79069821624227943       0.79760168468173342       0.78150073141475851       0.88229355757047967       0.59387713269084919       0.83084224629879877       0.86742350702448201       0.77698548820600399     
  0.37946612734830976       0.39293651724635870       0.33662215264633522       0.35787057199525391       0.38895048766419205       0.33744977731389653       0.31664018621655404       0.37413913751854783       0.34350602371789879       0.35200272535012833     
  0.79113630213911257       0.79899417224195113       0.80479372527410009       0.81124855729131018       0.79615029885520949       0.89018173439089243       0.60343776437332530       0.84337255165267133       0.87996267289405827       0.79346338911685210     
  0.36381944206981337       0.39465639514490092       0.33682447061200793       0.34728953854998085       0.34136349530743593       0.39356169940309038       0.32624772194104273       0.37954280686137537       0.31094935131394669       0.36022202805606390     
  0.80737710169748078       0.81360888046665591       0.81807990861047319       0.82469203167025540       0.81117264330724292       0.89798972799359356       0.61384536360228847       0.85546833339588779       0.89187096230861329       0.80985467916892173     
  0.31823791342904068       0.41758560541693757       0.31274270363486606       0.31231746782771680       0.38264788106206460       0.34124745783752103       0.36991436284540113       0.46413701472213398       0.33038257141865890       0.38773444251275541     
  0.82427663207026380       0.82862090008882339       0.83235725207650790       0.83820792448281423       0.82655870037653367       0.90561306985194290       0.62465327745801036       0.86780748869854640       0.90369688647591317       0.82531802223235096     
  0.40229980248920666       0.37630181207568497       0.38997645134441306       0.36151425064546661       0.36600958664066191       0.32227841069349350       0.37221040823829776       0.34061990080556726       0.30928434540182448       0.38073230877343284     
  0.84103327266831907       0.84374102611492330       0.84669694882794544       0.85207365980905303       0.84201815080498033       0.91310225312573312       0.63613600112611457       0.88022752217822808       0.91539223179111129       0.84088375332535870     
  0.33494136603880331       0.38144695642787052       0.34918484517129933       0.39495106373012756       0.32573073190454310       0.33531594732483355       0.35320479802339028       0.42781994639477366       0.30864601339340325       0.32384606441477909     
  0.85713078659064168       0.85897804286002488       0.86214818938009818       0.86550243918271885       0.85725049480397630       0.92050408152257790       0.64800939541690550       0.89245824785065875       0.92692215383814625       0.85645998208025886     
  0.36017940901792062       0.42779975495014394       0.31997505417627986       0.31363742365005398       0.33141581100431955       0.37138969615530959       0.39245276355073960       0.34268824577918283       0.31675345340566941       0.31429645445396154     
  0.87330834894975429       0.87362148677440499       0.87835937829641897       0.87894040903990533       0.87200827934573943       0.92779974795957398       0.66148438136333887       0.90451514529621524       0.93740665673043411       0.87177340111781698     
  0.35498498936236278       0.39083458938860544       0.44447333355561758       0.38259818121788847       0.38077094938257755       0.29945840108951571       0.35462877969924311       0.35754523506345931       0.31667784942720117       0.42431080600263893     
  0.88984818078388983       0.88824420230106915       0.89440474754108312       0.89200570530968581       0.88743636060326148       0.93551499004065763       0.67574166632852239       0.91556081133553102       0.94748370951670291       0.88833984640577623     
  0.37786462167821799       0.36876319160226279       0.34566162743082218       0.32122238108049500       0.31736654749631693       0.42092598573685819       0.30712502898750027       0.33732147497238213       0.32711790143881364       0.29482354872766764     
  0.90650001299025218       0.90256663798036763       0.91038330112685562       0.90521947630905397       0.90283920358689174       0.94338400134110523       0.69174101270212729       0.92696221710911864       0.95699405699690288       0.90511510493319425     
  0.36155544965612224       0.38702181800787516       0.40116170466111573       0.36936259141213018       0.34953399919802164       0.33697342219342818       0.32268339050296413       0.35677917807444393       0.35303403281653534       0.39032626633149003     
  0.92200800874333555       0.91830097361701968       0.92585458572037738       0.91907062408026452       0.91909703298966128       0.95169799838523128       0.70930268570312360       0.93822418948385056       0.96640239301440178       0.92152154516131823     
  0.35731473225592131       0.41700884882385159       0.32983274426497261       0.34873055834441219       0.38135152978498854       0.41027471584206981       0.32762104836921729       0.38394254922268556       0.28994959781551893       0.35096513229103105     
  0.93789433816733481       0.93394469703955663       0.94157619109545776       0.93298820230693669       0.93483632307338571       0.95987160006291417       0.73019476567616814       0.94932881219781540       0.97519080964276939       0.93740450022013788     
  0.38324142005806788       0.40050202161981779       0.32758750842665996       0.41357458365161542       0.31830338781462847       0.36369574853817371       0.43537079574161791       0.32268681317878317       0.32775716946711592       0.32379953426869640     
  0.95345857069168827       0.94914270028488146       0.95613756187322940       0.94735153768452174       0.95130209559232837       0.96854992844696897       0.75741872433289603       0.96085818266859124       0.98333440894115209       0.95328603561420311     
  0.35161837833275422       0.37480674627005517       0.36962039438130573       0.35595747417166312       0.34117496211597631       0.37961390918676241       0.33398042284813784       0.34128372904454574       0.34939350071716119       0.39050596795829429     
  0.96887931584095666       0.96400984303448178       0.97043750763027337       0.96157586991486454       0.96738169714782796       0.97722217577058845       0.79689555067823414       0.97237975479964889       0.98980524391172009       0.96911451575308549     
  0.34461579079613119       0.49655668558736443       0.39988973952181522       0.39959824500741964       0.41445445750180882       0.39072318491626756       0.41822901682161606       0.38746134284041878       0.42197966734636305       0.31589867482610129     
  0.98455378871049015       0.98185862453043260       0.98523779763010744       0.97990389967333646       0.98368673397594308       0.98840384985522722       0.87335396309807822       0.98599062949155292       0.99504118699392463       0.98457111141746101     
  0.39635598908959552       0.37392965723087773       0.35190041190065879       0.36457364254412555       0.42178652369381525       0.39732891243567259       0.38606732313747866       0.39364798893567660       0.39864185670829355       0.32135058265627553     
   1.0000000000000000        1.0000000000000000        1.0000000000000000        1.0000000000000000        1.0000000000000000        1.0000000000000000        1.0000000000000000        1.0000000000000000        1.0000000000000000        1.0000000000000000     
  0.41307728932097393       0.37800255642742187       0.32262148589219919       0.51183630531007074       0.34896143326368717       0.34946564991639284       0.28104152097956087       0.37463693515118379        1.9892710792998751       0.35023485052021130     
  -6.7747565030504973       -1.1054602832867748       -4.2451163518847546        20.177244694846515       -5.1403627734347186        0.0000000000000000       -4.4195340319836509       -5.0851346407645464       -4.9456825908378015       -6.9681706514344617     
  -4.7626997074956261       -1.5345155901134595       -6.5678381585810071        5.4564853855083939       -4.0462164958188360       -9.9284483039226537       -7.4397810579957371       -3.2717032142203828       -5.5289402659522695       -5.9467653225462218     
  -5.6428662470775643      -0.89319787581944043       -7.4253176020178291        9.8674278189689740E-002  -8.2290307727940810       -7.0146113512008990       -5.5524048798730092       -7.7927365896735372       -3.3429856396903679       -3.7475055913635145     
  -5.8319197773322475       -4.6899847922963067       -5.9005516347835520       -4.5260526329417070       -4.7987296404489888       -3.2360848295854900       -6.2821730883084355       -4.8766040800433554       -5.8948253942990334       -3.6799129252255218     
  -5.8942756577948705       -7.1571263367589770       -4.7026012392936227       -8.7041131554956266       -6.0109234770454325       -4.5594925171568299       -4.2719112450367387       -4.5450674131481792       -5.7793107056793014       -7.3310086520853224     
  -3.5042756291971848       -9.2584556436528160       -6.3791264008134414       -12.664401338440616       -7.0654083360062208       -6.8911946139564026       -6.6388199607239047       -7.2100047320689518       -5.8213381552098928       -4.3797578708870715     
  -6.5055796410293221       -9.1153080685937038       -3.3307029232254459       -16.620676826800455       -4.0972851805522765       -5.5939089717807677       -2.1919538525826381       -5.7252745707760244       -5.7553668179980972       -5.9168644776123944     
  -6.1530053036000956       -12.083688665556133       -6.1680317196912338       -29.044462947736356       -6.0797543854226292       -5.4884412261529256       -7.3617651537040247       -5.2129993342298580       -6.0776700530985615       -6.0243131908949223     
   2.5899737934460394E-006
           1           1           1           1           1           1           1           1           1           1
   3.1818301465923997E-006   2.2839814571814574E-006  -2.8271066871625599E-008  -6.4283172778692776        1.5802089774263818E-007   6.2983842681654382E-010
   5.5898068077897329E-008   5.6283349421266950E-008   9.2898951862961787E-009  0.26774631963204870        9.2640436921857705E-009   2.8036057401451976E-011
   2.0369558516897909E-002  -7.0810170017580916     
