   0.0000000000000000        0.0000000000000000        0.0000000000000000        0.0000000000000000        0.0000000000000000        0.0000000000000000        0.0000000000000000        0.0000000000000000        0.0000000000000000        0.0000000000000000     
   2.7102335984629064E-002   2.2996802774562742E-003   1.5187403010133936E-002   1.7058209170017293E-002   1.6399042931594155E-002  0.25227518208270416        8.3456741769295101E-002   8.7011057072148179E-002   2.6853202224927236E-002   1.7098910618329525E-002
  0.50543780721850529        3.0865007028284777       0.63161685269465739       0.53002298909006096       0.57026069547881375       0.75685309102114395       0.38811071374491779       0.70441773508645855        1.9888931791423510       0.63929062174588513     
   5.2215836252533919E-002   4.6770817601409706E-003   3.0577973846099428E-002   3.4230279198008959E-002   3.2280136161128112E-002  0.41199982988699324       0.14524606761896053       0.15187833448576524        5.5034224751465896E-002   3.3387111435294860E-002
  0.68275504317879854        1.5278779823172246       0.63293630875055429       0.62415661076963624       0.63116462700278309        1.4918813982238119       0.72887368682265419       0.79421575495518526        1.3853758232775641       0.58715587874026920     
   7.0075735206307263E-002   7.0741826914679541E-003   4.5291207081453996E-002   4.9251992052503801E-002   4.9027807042937112E-002  0.46700925561685047       0.17260734614131842       0.19004766280106322        7.5010719158392483E-002   4.8732308648672854E-002
  0.53186747207484419        1.2262381267344065       0.62250334328302559       0.70651612479208115       0.48644266672927600       0.92598085452762280       0.56308743176960629       0.69605126905876435        1.0752413016552005       0.55005768844290581     
   8.7508208269860291E-002   9.4302269641099116E-003   5.9617679433865728E-002   6.4668992979026924E-002   6.6232135947508236E-002  0.50552953003940759       0.19493390754279633       0.21615751095384791        9.4122834307632366E-002   6.3762163218071544E-002
  0.68472685528718535        1.1510875210479508       0.66203382184107384       0.52540754186987149       0.54014829583510215       0.89882097006676609       0.68189236991149715       0.54199864063024450       0.93698864864575704       0.55427285494231415     
  0.10346141340404473        1.2024211844468459E-002   7.3189492200546880E-002   8.1647254970145022E-002   8.0053006164177778E-002  0.53547789448818717       0.21013482485779275       0.23570180659454723       0.11151158501396603        8.0280409260282112E-002
  0.50652289145321205       0.96717007090056872       0.55831709422727172       0.69041157383943375       0.63475515024966611       0.67268620286029746       0.59726563669831911       0.74449445325454855       0.72148092217718918       0.58136795407938424     
  0.11944488487068565        1.4508389994495651E-002   8.7088253394054488E-002   9.9005661643477891E-002   9.3429490501754073E-002  0.56078315167307058       0.22380581361513088       0.25263475391681961       0.12821391781333444        9.7713610039050186E-002
  0.50050097561433549       0.59617623593410896       0.51187282550923319       0.66231094993442197       0.54522622174747259       0.60223684279105649       0.61502112459449332       0.72831654531592660       0.72370123114498441       0.51987558299662118     
  0.13624508382562134        1.6947572337147561E-002  0.10185213220742252       0.11591233596258355       0.10856110044286346       0.58425611801511734       0.23455476551569177       0.26718104635298545       0.14497824687902447       0.11527646592726030     
  0.57397192480498282       0.70992322908539396       0.50681617060812001       0.67516863619280709       0.55655733574740063       0.68758627008307904       0.54047586145556648       0.55972009976017079       0.66778180029086187       0.81721032166961571     
  0.15300466949418501        1.9709201230330441E-002  0.11630153085108728       0.13302781403478925       0.12360389024787029       0.60518163255570934       0.24565282618129258       0.28066858072392370       0.16181404713964784       0.13286897832733097     
  0.63970911148524368       0.60536181711568759       0.55798470066429640       0.48878067944780174       0.61186676009047791       0.61587157796858683       0.72516159886246800       0.66320858973121677       0.73617843673495942       0.62563409857797547     
  0.16912419564786990        2.2748409213733944E-002  0.12971840461091366       0.14886475773937180       0.13809939959152048       0.62497441694147415       0.25677465101846325       0.29210594597239270       0.17879664519696681       0.14991609574538292     
  0.70195917415140374       0.59538523171051150       0.56335737637929095       0.58033993427330399       0.58868627471835189       0.75700889792034354       0.58742925986666827       0.57128118695163799       0.53598166066310893       0.62351805835881369     
  0.18539218096742199        2.5880959100801668E-002  0.14327941017090506       0.16507117534877286       0.15263327912908436       0.64268145615561034       0.26784312299748736       0.30361900179772772       0.19549052886050114       0.16681374949318914     
  0.56932146679022466       0.66869117128361466       0.58187417990414225       0.54331645695969855       0.53632388646522333       0.52496851356290619       0.57683774823843625       0.51210299323375097       0.63869828344800605       0.55603748744634851     
  0.19980079175394350        2.9123491597396176E-002  0.15705872098265330       0.18129108210173922       0.16831608845080756       0.65997954421438687       0.27927651476363813       0.31479959642668970       0.21211415468893521       0.18406161862822940     
  0.60061271882172751       0.63705028166642086       0.71027027184042646       0.56948896565186258       0.57572418255330726       0.59050116875770586       0.66483737474585669       0.57457219374791257       0.56138342361344151       0.58346055515556672     
  0.21552559030097063        3.2407318879846873E-002  0.17058179859993924       0.19747985654222788       0.18387974744665889       0.67454466470230801       0.29036287382839959       0.32548185405576902       0.22911164018871596       0.20088732575098708     
  0.59016090887776618       0.52289026879016509       0.56697326080204724       0.60122385868753569       0.66598570428848070       0.72151941492291360       0.66131023073116502       0.59030349931321524       0.56453053592154478       0.54406871055231365     
  0.23018645564272841        3.5818073968893527E-002  0.18402736432311770       0.21219192254574412       0.19957775895865587       0.68909294919105157       0.30081257693791968       0.33579574798925116       0.24696418969049183       0.21740399103884780     
  0.52679416079610220       0.57789638801016319       0.66405082838422302       0.62428878225621964       0.60243788682503929       0.57200617072264226       0.84738372385012262       0.61786604035505233       0.61950170060522580       0.59170369573869852     
  0.24515990858942763        3.9246407336735123E-002  0.19788902448696005       0.22649621400384889       0.21535918499199894       0.70152975224658176       0.31119184236427305       0.34597557947730306       0.26577198698038562       0.23308773460565360     
  0.56345001127929240       0.51729850631145635       0.68367649602231151       0.56865806135544184       0.58598397624251075       0.50869199022265332       0.66774930058525661       0.55632074318385127       0.65314961347973655       0.56392584371121990     
  0.26107727976576822        4.2846263914222568E-002  0.21277911176350228       0.24179578465366267       0.23128688869855024       0.71458570646908781       0.32061530390083226       0.35666632048733043       0.28440107455010999       0.24875939309252765     
  0.58445270378885317       0.46667999297282514       0.67753708603345253       0.66722212851453233       0.57943241950580715       0.70816275305933940       0.67302650949615206       0.65859500015876438       0.66969714625864607       0.56013136116840467     
  0.27711748776141026        4.6450627157229196E-002  0.22740812843489153       0.25715338175696412       0.24690649222678496       0.72635640777945687       0.33003034900028472       0.36738264306655499       0.30281516148523369       0.26441282620049406     
  0.58651955781743625       0.47730476769712693       0.57526247693085275       0.67966380738547316       0.54531559292749077       0.45579768870422716       0.75431643996551845       0.63283397478286763       0.70344126635891835       0.45813806263088719     
  0.29258899725000231        5.0302807776436774E-002  0.24222633339200858       0.27280725979272141       0.26233166006248798       0.73798939460234769       0.33854920221073770       0.37885135426859085       0.32042873766719238       0.28230690328494562     
  0.51168070612124461       0.50230065107185740       0.54153827967849488       0.67465652546977717       0.57059193209416603       0.60491112163581306       0.60969292599748814       0.61717393878223004       0.59084938095462636       0.60805377883459577     
  0.30822711817069448        5.4181197503623935E-002  0.25678804095362634       0.28848218542518594       0.27790565652839855       0.74875752184875588       0.34699613893410480       0.39071730218852835       0.33634811554996047       0.29803918667065077     
  0.49260909291791671       0.54486881595135894       0.51859912868310298       0.68173806643453916       0.66067885350583699       0.47290649949699387       0.65220898154266704       0.62414374086030688       0.57587700772046380       0.56948463343136657     
  0.32251261570772022        5.8508616317452175E-002  0.27099899203151390       0.30449317245579649       0.29383780206667948       0.75972920476388561       0.35554452425692712       0.40267381017656645       0.35235497001612570       0.31353201552941806     
  0.56607804496835556       0.55462651400474561       0.50364221819194388       0.62757541290538055       0.54403197867588404       0.50264885937276815       0.68425747602270903       0.65990316668854965       0.52912268306769128       0.50859331603776736     
  0.33697068335552333        6.2795726576895305E-002  0.28571838961067675       0.32044341904241996       0.30930565599088944       0.76936377045683790       0.36415740892380061       0.41455953832415599       0.36833580537981248       0.32919270187222704     
  0.60221950910716471       0.51202418044696318       0.58712557590254122       0.68604559151790634       0.53811417433331632       0.52580252170710828       0.59549070624324807       0.52146262856261083       0.51000037023756306       0.49523199509274685     
  0.35155476379891221        6.7259878380744639E-002  0.29998149654950640       0.33663283173507352       0.32415374361676413       0.77919232235473235       0.37210930527787295       0.42560765737377626       0.38474242704628320       0.34426941755277052     
  0.65166916788063267       0.45284310929666993       0.51629265109396139       0.58420014479208493       0.64958782597336828       0.53988959719085905       0.75459070931084715       0.54898473087525257       0.53118767891113450       0.49477975694950971     
  0.36622657958802335        7.1708800897772831E-002  0.31414322327630384       0.35141783341654931       0.33927127050748490       0.78706236726342915       0.37987749323576492       0.43637946184157861       0.40170858753092414       0.35819058211382510     
  0.52348046068303800       0.46299643819459974       0.60257361634282269       0.54347031612771601       0.53720329905525366       0.51451607044482717       0.63457107988404016       0.44189010870118867       0.54720876607267888       0.48760061216145306     
  0.38187797485844066        7.6926695331590036E-002  0.32930903602216688       0.36546337446106403       0.35477571686560638       0.79496693716867184       0.38705382745383515       0.44689749699615805       0.41854509045169080       0.37252852588986213     
  0.55598793334432461       0.52132757030356980       0.65168092210909057       0.52303039818281782       0.53988477299234172       0.46405435342339829       0.63595403616389801       0.47699375051771165       0.55008702956730560       0.52539976468138705     
  0.39676807270384312        8.2394150544082861E-002  0.34503967056282725       0.37945666475376283       0.37078535664467593       0.80281381627818094       0.39384877734458046       0.45733019254534485       0.43527697749739969       0.38797881380905364     
  0.60761506942286359       0.51332078435287576       0.77807720058822916       0.55463552161529872       0.57618312021004503       0.56545129027281060       0.53416519443344290       0.57568517181660905       0.54432255462941181       0.50670736568000030     
  0.41313106497302943        8.7639844514780268E-002  0.36020782505139642       0.39357768027647605       0.38721525770436005       0.81070222717180362       0.40131169513564241       0.46783490620293283       0.45138523998539198       0.40171999399910274     
  0.55683895257752369       0.47564328404271283       0.57291800339783361       0.51209034576822066       0.55698637891819813       0.49467109410433774       0.66002402979539054       0.49769791697461158       0.55258807770624052       0.57264301661029482     
  0.42952886502494037        9.2815436477403535E-002  0.37515963131395619       0.40764085710354575       0.40386916723566263       0.81847706984831181       0.40881089789669894       0.47806485607743776       0.46657997169037341       0.41354756918842112     
  0.55324188682051112       0.43343572442091516       0.61666251588613596       0.56770269770387316       0.64025108053959112       0.51236087799059493       0.55608414702877551       0.53430678823743172       0.50874501582922416       0.41519794329995141     
  0.44639703314473311        9.8718095627264524E-002  0.38980390343460125       0.42195499606265480       0.42070176069013976       0.82610149414200507       0.41690206908011351       0.48897557740752057       0.48123501888427939       0.42622615745802056     
  0.67474308177719622       0.40406788754843120       0.56637771125242553       0.43330335795180958       0.65932977453271724       0.53234383935980623       0.59660414715937082       0.44256461654990281       0.50043872857959204       0.43330056271856893     
  0.46256513982778230       0.10499843822504827       0.40370465765138785       0.43718434385055560       0.43721001473441468       0.83323368641770368       0.42535507912136505       0.50033205105131984       0.49515841279495609       0.43950081263486990     
  0.56900998975405770       0.43889216139479731       0.56246626295254487       0.60645408326851635       0.56746568323523849       0.48221738681038601       0.64028270991271885       0.52795071417045358       0.42529383775354246       0.57543633471098921     
  0.47740848988450540       0.11146903887529748       0.41864857725549537       0.45267093177978157       0.45364141279653569       0.84044735831916906       0.43337874742199656       0.51310701022205329       0.50968930956122505       0.45294809307973816     
  0.67722078125756646       0.51340961487107406       0.58209783467110487       0.56554086516654234       0.68052232465556750       0.53280175725237988       0.63204392984584035       0.59068717580527563       0.47742685355901826       0.51395500384072379     
  0.49195902999105606       0.11796200473885265       0.43376590187038083       0.46792312969206706       0.47006871214784096       0.84726025222287216       0.44120898028669681       0.52626160342275041       0.52444749528407597       0.46661919796650930     
  0.58013173482267888       0.47572992827410882       0.66814227524028380       0.57342249146029367       0.60276532092066903       0.48508082162574068       0.62763093052891816       0.51384185300041973       0.49892866522569801       0.56521843982169606     
  0.50736813635741462       0.12501931157555893       0.44734256979353465       0.48301747091415725       0.48666984506158401       0.85396069462312485       0.44855418518129730       0.53796700950327447       0.53933204054411943       0.47881833627429538     
  0.72151040652517173       0.49186737898216837       0.62434100063206632       0.60646706655846772       0.52587386074808706       0.49217858165150430       0.49739282618420466       0.61032907113145252       0.59265500116922909       0.57072823518114491     
  0.52344058080017142       0.13248656373048057       0.46068781623405924       0.49795734943715608       0.50331104148038108       0.86019474817127450       0.45577510224206563       0.54940369869056471       0.55439964233868055       0.48950326506478792     
  0.61855798439492982       0.44600978289394660       0.61137340568468623       0.57763551246221612       0.56260915606815309       0.51221887471717797       0.50299447615209358       0.48157225989569968       0.57620211331249893       0.75646603617931407     
  0.53846048177743899       0.14007757771887130       0.47577070552274003       0.51249896231757419       0.51940561738508684       0.86634763431603778       0.46345630121844794       0.55969259493196055       0.56943862285560010       0.50207557694832228     
  0.55404688560900972       0.48847226102593105       0.57097420662487008       0.52859329782625164       0.65377166724516456       0.51260845574051683       0.62654601632840623       0.46514025331898234       0.47878797889968749        2.7775293658613633     
  0.55337420708692764       0.14770450363656148       0.49151557677528468       0.52640143978179710       0.53572481179269937       0.87191311993455556       0.47105034939140283       0.56984204440086239       0.58444859755081857       0.51511314223043381     
  0.49919331526867250       0.51791292637414399       0.61266793094180438       0.66210424548909208       0.72725680676413917       0.42968775538873949       0.64155183775050606       0.42070487519507055       0.62234533263521630        1.7697361411580836     
  0.56851996628794732       0.15681354583136820       0.50296476231712128       0.54153816219300943       0.55235930057783389       0.87753324647213848       0.47888345888475820       0.58195831457599367       0.59969025589575875       0.52962829974692915     
  0.57317790889291143       0.46464216748461618       0.52085234545331971       0.57031917858357339       0.61640057270326776       0.43040054382410603       0.64625491722802342       0.58137940287882228       0.50188948364845265        1.1452803603234096     
  0.58422635481653251       0.16635528012850623       0.51433085048993887       0.55735312675198134       0.56853621450706815       0.88297958016022027       0.48668605908047025       0.59475567030441412       0.61468108510677066       0.54459909381420657     
  0.64898989386263828       0.46750811814849896       0.50767310484374473       0.50742916796441173       0.59521022880437946       0.53896409342206442       0.48306189096457641       0.45647453770680663       0.51017390415120989       0.62404683775541303     
  0.59889496346351245       0.17615814043675865       0.52721930409687112       0.57269265919263757       0.58377269221524308       0.88836527193779447       0.49445603085771622       0.60788049121895116       0.62857412919888278       0.55972894759710856     
  0.52012443408823728       0.47955216810529661       0.59127805802787969       0.50967743546675037       0.52104824243104930       0.46347724330141404       0.47720887433851111       0.46039661760685729       0.54440636840724166       0.63977079234691459     
  0.61329012796598137       0.18598086766575289       0.54047418758183230       0.58800417596012566       0.60023024104653133       0.89370233420915590       0.50221482244955962       0.62105266882441956       0.64203760245180852       0.57470714719705474     
  0.62288860118069067       0.44780253598753744       0.50292079039968218       0.58358035161555255       0.63613070279184381       0.47680970719068849       0.51968721051845868       0.55636722759817314       0.51169347345796479       0.54628748167768826     
  0.62710985431454158       0.19728536676627748       0.55404208500595686       0.60324082273242974       0.61827914609247347       0.89897556001942991       0.50951021938051033       0.63498806170898514       0.65546065462202285       0.59076527482211538     
  0.56238443170234031       0.55842298591934303       0.61568749254718735       0.57015835155483952       0.62084801995677119       0.57012257568882130       0.50636027059192334       0.50490675742174507       0.48159646721802096       0.52286806248551687     
  0.64066115314304950       0.20930415218312304       0.56790656853506405       0.61863349134747936       0.63579371432928589       0.90430687604065918       0.51671839316215173       0.64899305661136730       0.66897203599382760       0.60725581507015469     
  0.80716786143978159       0.43451666979702913       0.69278872244624701       0.53547044778567010       0.68973385111468599       0.60964797431075757       0.48820137618379000       0.60216653702428968       0.47137753382356740       0.56966373299670980     
  0.65500556305896118       0.22152948311493942       0.58219766117116478       0.63484353234820035       0.65158050248165977       0.90954527162091381       0.52409708447704917       0.66324453847341158       0.68261812867163962       0.62394867695379719     
  0.54550819988678445       0.48105788772519958       0.60125251909772803       0.58742713802951729       0.51030673091222367       0.53780367875914115       0.53930113633816912       0.50962569287236326       0.61803533627975105       0.61609793891563047     
  0.66956267722389773       0.23366326417961666       0.59663689885476501       0.65108379495676061       0.66714664541445312       0.91454611673744768       0.53179673773136849       0.67738954554864883       0.69625563745719532       0.64041934827029667     
  0.53707272006608908       0.42480787847616941       0.61699856639260331       0.63922943263888177       0.70682635111578940       0.52941785589988266       0.54085054719796699       0.59512393747285175       0.57661891277425326       0.55211097707752332     
  0.68542176244902220       0.24830738546504752       0.61112468428682953       0.66680717543670820       0.68199062936201282       0.91927579618650812       0.54001813339356020       0.69154315781274667       0.71020206655048168       0.65764852761430836     
  0.57750156937534791       0.53998972417280278       0.64082329858074105       0.59133911432871034       0.60172582547620912       0.61867929787157572       0.59355525574996704       0.51348600643731002       0.53256624779506245       0.49667655396873461     
  0.70142095531050908       0.26336587529384164       0.62519399318705837       0.68253470070273714       0.69719975350617469       0.92362426499481998       0.54831474687566173       0.70534443754474663       0.72444502326887827       0.67440641729576223     
  0.51843844402560924       0.53318654866156878       0.56123914264002361       0.55739902991220980       0.64152874729942977       0.50198913465167239       0.49842042124405556       0.63085269962268453       0.46222121642074171       0.58279430484351413     
  0.71787953345813194       0.27879739808130433       0.63945472969734007       0.69744913111515761       0.71392420254626565       0.92801110444132340       0.55682963269180463       0.71866157848210144       0.73904499625369036       0.69223353469467541     
  0.61933506101702818       0.53009119230984436       0.47207516447258036       0.53208033555923651       0.67324117507944048       0.54990970504173142       0.59302216192299784       0.59267990517544544       0.49299598457498806       0.64144621426916837     
  0.73407289304221046       0.29430446767124374       0.65382764629406476       0.71236219093421116       0.73060237553021212       0.93245643960754532       0.56569805764918579       0.73250230930961990       0.75398988170411962       0.70999697824325048     
  0.71743205173782199       0.57509186170246240       0.54707504233598458       0.47884064118180186       0.64912349945788539       0.50335724243054092       0.57138143072017977       0.50397108581490802       0.40997154167887728       0.53630263299777814     
  0.75067250525007578       0.31415641988590298       0.66919348493319319       0.72843801933285590       0.74542245774281246       0.93693648080907199       0.57370602904149415       0.74832350859161989       0.76883390469918511       0.72742952844612141     
  0.68572449761929599       0.50113202340941099       0.60474124184854428       0.53481777725416546       0.54103212486589392       0.44937117986346503       0.53337115744892660       0.47150238969756009       0.68998697693521638       0.59829512652587846     
  0.76750489688187451       0.33368975434887471       0.68509453058266201       0.74511233753869666       0.76041609270509558       0.94121328153231520       0.58143057371278783       0.76403835496633354       0.78359710459967613       0.74483910797628117     
  0.66024079987625317       0.44555666113871689       0.68226109155189540       0.59714642496679360       0.53790015036047822       0.45127124893744297       0.52640930294767496       0.54811552376145078       0.51125353141049157       0.64988576227099015     
  0.78444690717030230       0.35596312823696985       0.70162941014856095       0.76001418845008706       0.77350884800828523       0.94531114096392133       0.58959309838195706       0.77949988234741729       0.79823954962809995       0.76243889792058850     
  0.55061743639945770       0.63690774177893095       0.67858643684630660       0.60389736908167335       0.61318084317578647       0.56114371224668669       0.56081217043581144       0.53087900155019530       0.52637678200906124       0.52427763149497797     
  0.80088137588639674       0.37945284197678136       0.71844196678755579       0.77422877490150510       0.78660625304487597       0.94880744461354261       0.59737711378871872       0.79458049913295503       0.81244782788869752       0.77997720518326963     
  0.53632036136406580       0.52831125001825596       0.55229849164807165       0.52106216817133832       0.59023879857665118       0.49940337705245585       0.55341050283845628       0.50461745495164612       0.48889059428757686       0.59929475878321525     
  0.81704230401356936       0.40513137946760791       0.73499556370567298       0.78936054200140104       0.80062659374023604       0.95225491212899671       0.60815945543707750       0.80947043904849370       0.82670372071769527       0.79710149124107921     
  0.61296196759033861       0.60448892069626015       0.57122570085217605       0.52225834935836724       0.54716240812215144       0.44932349601587362       0.70644381379851762       0.54274913327805896       0.58238191512658166       0.63311370216938856     
  0.83330167348996809       0.43160354207491242       0.75185530981348281       0.80494674886924023       0.81461826972382778       0.95556814719266281       0.61874811091177639       0.82506565748207061       0.84126905394641327       0.81383613214629202     
  0.51612488758793817       0.63828716138276864       0.63774034156710691       0.65002058058288381       0.62442546280732014       0.44109706226318557       0.53181839602257364       0.60055347270872694       0.69607078507851050       0.59563488214157201     
  0.84961926625198891       0.46036917525445198       0.76896977751331463       0.82146323938355437       0.83055802667957046       0.95888603669035377       0.62943495255245374       0.83843846267587296       0.85539074231336198       0.83000538128792167     
  0.64505298354895790       0.54118526384302812       0.59169660691422066       0.62726448246372024       0.59129993305303075       0.57497435828618637       0.62762891221670325       0.70537659384872708       0.50403104533148735       0.55196555207103570     
  0.86632681835584868       0.49224771293248681       0.78597485512364329       0.83816210671775726       0.84610700977277475       0.96252676938962567       0.64039638718173619       0.85239829392698263       0.86931025353055114       0.84607871397934120     
  0.54135143745556102       0.60911745051060495       0.64849216719710367       0.54252445246178760       0.68430578407278231       0.54398842768177291       0.53447965367772721       0.58745672185554687       0.47484645264002806       0.68071915808791428     
  0.88196176215162958       0.52557476646828893       0.80267814906296253       0.85492845920719307       0.86231728468862834       0.96607020602875882       0.65202697238754670       0.86764927892017618       0.88268757109036378       0.86247483874301689     
  0.65456676247688506       0.58618519996419860       0.51019012494479588       0.69414600049460840       0.56847789454145514       0.57322032935704859       0.60527044212634296       0.79606336714743975       0.44786142131315987       0.51411664141425428     
  0.89814176208793695       0.56540586545929428       0.81929082478666315       0.87179021890837738       0.87851847274168227       0.97017373845777599       0.66428712327656914       0.88255914933989166       0.89597361204139359       0.87880479751487328     
  0.56424020760719451       0.69409601110551644       0.61602964376185287       0.74992964454704003       0.55137158023405641       0.77392856432237367       0.48796170205283473       0.74648730316323586       0.55984783322335441       0.63823361843506066     
  0.91346290647882644       0.60734957237052756       0.83580291649112337       0.88809679733360614       0.89457236411573948       0.97404826934785427       0.67811305817591350       0.89758198358886343       0.90938905076317877       0.89428041603887110     
  0.53887628434700519       0.62609013893046117       0.53479196105027604       0.62675845230798166       0.60101350418114519       0.64203721403835345       0.57083237951698584       0.70145961764969589       0.54958909538230039       0.59965097066158002     
  0.92856798261603612       0.65776961848493110       0.85210827868628536       0.90411897603612146       0.91070042979481491       0.97777176373568442       0.69252952050569927       0.91158329319688469       0.92252291604907855       0.90939904962449059     
  0.74403639171802938       0.78001534248221605       0.49262504453905748       0.66851849658571361       0.50900749081738350       0.61811120419362164       0.69632067121414654       0.69376765064534729       0.58510977996245106       0.53365424009830009     
  0.94263148962659282       0.70935595069650659       0.86939528546356337       0.92042380180932282       0.92529921053751274       0.98121672475912547       0.71032364356577371       0.92428467416482807       0.93577414653977298       0.92557972435198144     
  0.53034208445611775       0.53368444860070741       0.59786816619684091       0.65364370712931186       0.59088463240646905       0.71520919020395968       0.66387981655763406       0.67284694592482486       0.50050642085670694       0.48363293711433120     
  0.95607279797313016       0.76407056534643447       0.88736976589581484       0.93728245699763335       0.94007029559376676       0.98460537823895922       0.72961778787075182       0.93720922411273211       0.94911599112086542       0.94202809027699375     
  0.61767190330329824       0.63636979453005504       0.54845261241202659       0.57804385210998288       0.62051804591992699       0.83275129799828984       0.58151407912797626       0.58589376392250614       0.56502469512008002       0.53605780535638115     
  0.96701186183302690       0.82273488637954151       0.90985383088032601       0.95345729251772449       0.95504077149054822       0.98798927950014015       0.75497887255786300       0.95232389669736206       0.96238997157939554       0.95670294182984550     
  0.48776355328565590       0.68336182511818377       0.66937856164435194       0.86466304708136599       0.57540352035476472       0.83024981551691213       0.58950861924490505       0.83082152888986238       0.46108297570801537       0.47260676703782112     
  0.97783081935708471       0.88923522331488691       0.93592976034326969       0.96951327587292147       0.96984719970413968       0.99146136400580231       0.78853780999144552       0.96804173059822540       0.97518316197270016       0.97100728632806277     
  0.50428817087537892       0.83315540357183726       0.62447457454974586       0.69378892507988266       0.58285904304515501       0.87767257042087887       0.62999672753970348       0.90700685133164383       0.49649304718186393       0.45674250211872169     
  0.98910884183749037       0.94651677843823756       0.96624094996504251       0.98491703633862937       0.98412213526315495       0.99534382175791858       0.86626100296334418       0.98390612858074333       0.98785037991210078       0.98547740297191155     
  0.68605979412423990       0.76085201210709308       0.67982654237175388       0.53204228832581080       0.48276634212629543        1.1358863450847978       0.61905160712485308       0.68489202118096781       0.53059667160149593       0.47280756430960047     
   1.0000000000000000        1.0000000000000000        1.0000000000000000        1.0000000000000000        1.0000000000000000        1.0000000000000000        1.0000000000000000        1.0000000000000000        1.0000000000000000        1.0000000000000000     
  0.96546187445215537        1.3351441870647782       0.51934490785822995       0.52793377210076320       0.65382567143381665        1.3550728982953868       0.37732771404729132        1.2350129194164023        1.9930485011254959       0.57646084598305003     
  -8.7492086992896656       -17.138806636428050       -13.659830981785309       -5.9489201294486866       -9.5337414447398903        0.0000000000000000       -7.1662862497674471       -4.6641063791049540       -8.0929075127186092       -9.3253027779891884     
  -9.4065415423713024       -8.0049717938765248       -13.901890065141215       -8.7731787399825691       -11.571520511269933        5.0553931351432686       -8.5433433498297759       -10.932032702376958       -6.0430294190791392       -7.4598097375684107     
  -9.2344122044650856       -4.8527607687299579       -9.2583868685792510       -13.490999367538500       -9.2813118095257838       -3.5037708979038249       -11.919543523798019       -5.3942330187385039       -10.405785776735643       -10.834047068872506     
  -11.949215452145385       -2.6206408604550520       -9.0077856126415394       -8.6699763219543602       -6.2176885653779319       -1.4587160661228578       -9.1374403882487218       -10.449460507108611       -8.1651932485997936       -9.3570224276551137     
  -10.964599316960827      -0.36500920027386030       -7.2533012501296206       -10.991582803496406       -13.323930595765781       -4.6227040920228202       -11.651233084903453       -10.930601016656533       -11.697703919328141       -8.5781809440074692     
  -9.8258593911265812        2.9974434091001125       -4.5295944506474415       -9.3398763433083172       -7.0690486754495439       -6.3082571462536743       -6.7335355550646439       -6.8759243357314315       -7.5251795940150297       -7.5439522779940322     
  -7.9770645197848040        6.0160952954771387       -4.8650929803260858       -7.8956561260231810       -8.9648558673187555       -8.5875893421055860       -7.8624635214188379       -13.028399078938822       -10.777605537520435       -9.5952888397048106     
  -8.9407141421739826        17.309686465105834       -4.1741003716870670       -11.025618930250985       -10.482822327538955       -14.157734713922808        45.416020366192463       -7.2112857993643411       -9.1921124706261566       -12.631685813812839     
   5.1446518037981230E-004
           1           1           1           1           1           1           1           1           1           1
   5.8896997674022707E-005   3.1592332221716092E-005  -1.2972966933112185E-008  -8.8178668293262703        1.8418650667750678E-006   1.1050874147946360E-008
   1.2102308416763830E-007   9.5163279099385217E-008   1.8833075913571827E-008   1.8246296165142568E-002   1.8818498664387203E-008   7.1873730958806439E-011
   1.8656390561549746E-002  -8.6401882373693297     
