   0.0000000000000000        0.0000000000000000        0.0000000000000000        0.0000000000000000        0.0000000000000000        0.0000000000000000        0.0000000000000000        0.0000000000000000        0.0000000000000000        0.0000000000000000     
   2.3422510672046565E-002   7.9141881704422969E-004   1.1893585549828618E-002   1.7068069932005717E-002   1.4399206795138945E-002  0.31648781231526063       0.10287399964846615        7.5430932684760227E-002   1.9588788484022131E-002   1.7090533309598761E-002
  0.47617222052412439        2.5229456096399687       0.63936302652448451       0.77183969447249468       0.47392967637408256       0.77074103074872269       0.45251372977924664       0.58275022113336761        1.1935622299856243       0.65043243748654245     
   4.4633302819409075E-002   1.6074536627063479E-003   2.3889106085516990E-002   3.4247307251479883E-002   2.9008738592410918E-002  0.49941400926677604       0.17359929064810445       0.13204352891986265        3.9194150302058792E-002   3.4625127759926440E-002
  0.76926031201317879        1.3862763318791897       0.52526786483626409       0.58014192374392382       0.51830170875762338        1.2938141606695581       0.64936206750130587       0.63072809453880785        1.4394252506430789       0.67246467894921458     
   6.1577797994643205E-002   2.4534609657054923E-003   3.6254767482198698E-002   5.2379951205736935E-002   4.3494831446538047E-002  0.54822950092857248       0.21135491126799621       0.16652733997055522        5.5309528704999000E-002   5.2754204954640581E-002
  0.63373228310833907        1.1874812337546592       0.55651878072416316       0.75457570708106547       0.61800098361823086       0.71168296496763905       0.69520406036534299       0.52463944123000861        1.1599288454334991       0.71098942963866152     
   7.8347426769351164E-002   3.3598454561046607E-003   4.8726155170920937E-002   7.1468823763100486E-002   5.8089139209786429E-002  0.58801218457382842       0.24190815134694552       0.19102475097663010        6.9467794960995602E-002   7.1095532624309302E-002
  0.57525596744462604       0.98413243090288971       0.70607998499704805       0.65150173913116827       0.56436834805222580       0.70614102501993625       0.60748345559686245       0.48523616086758725       0.86776646052351092       0.84623081884891749     
   9.6114297084500172E-002   4.3643751988006046E-003   6.1109794914470265E-002   8.8471599894795860E-002   7.2167459218512656E-002  0.62448568776221358       0.26700187450443569       0.21096001780304630        8.6075112750792576E-002   8.9382157550676786E-002
  0.69388505560654934       0.88687358317647835       0.68120576617221595       0.56949645090126988       0.61297424064638029       0.81809273992170572       0.64297765190447564       0.56923223187668337        1.0133415790515132       0.64053072389741639     
  0.11372032326069026        5.4550640284216443E-003   7.3173740621307160E-002  0.10545877855458304        8.5949079281002802E-002  0.65055477564575981       0.28871125766782801       0.22728159843160556       0.10286095454154248       0.10756908727487512     
  0.62546292511839641       0.99285165067994408       0.54476602576164468       0.65950259116667165       0.66076208194490538       0.77836179241328463       0.68360950688567679       0.59795866655021523       0.93637751340110098       0.61983021046288711     
  0.13146398941033186        6.5836551487960570E-003   8.6217689447554494E-002  0.12091034415519943        9.9668835788738669E-002  0.67551474074888385       0.30775826086901187       0.24257142752387353       0.12030980251706012       0.12529572360293201     
  0.68132519421480253       0.77680946493707970       0.52022347983158002       0.66689748793953307       0.61639017217855319       0.67744194285617976       0.67199955812795464       0.67330837962651657       0.94377703087235354       0.58916676156468317     
  0.14925160738059712        7.7544333930214294E-003   9.9680764058877977E-002  0.13643865723093984       0.11383511264026243       0.69672545216602255       0.32558847863110857       0.25493661361509135       0.13807325708210938       0.14290631605307968     
  0.64917631880756177       0.72119289197619618       0.58555883680966458       0.80295082629645020       0.57888158900198627       0.52083341018258678       0.76465514171403115       0.57382116282322448       0.86576691111016890       0.53785532134984981     
  0.16641394299987941        9.0938253716637586E-003  0.11372873020989259       0.15266911500938010       0.12967622681893187       0.71717324285406170       0.34194517807104102       0.26645466674559826       0.15461584569794462       0.15989196311541129     
  0.58623598192214887       0.74050230150346796       0.59002230559424163       0.58695661239449870       0.53976562466621003       0.65235747035035185       0.62822332112934032       0.58140174572141168       0.66839970653293468       0.56793124530469696     
  0.18388664587614703        1.0446474300034652E-002  0.12770279318312105       0.16860571277664632       0.14602985355537268       0.73554675432159466       0.35773186178793404       0.27629704733700650       0.17012766546941577       0.17618392873376504     
  0.56785991818309800       0.68554825736897917       0.68037013407478797       0.65193558505387661       0.62987526668765870       0.67907171916870335       0.65949323148951411       0.81882405429800142       0.75716806164660755       0.66854827105026315     
  0.19992300628017379        1.1976132467753885E-002  0.14210683812091579       0.18361828053579615       0.16258152081500715       0.75277752885895688       0.37316574360869786       0.28591533902688787       0.18606969066190215       0.19278469384509944     
  0.58617297172023020       0.67148800111692752       0.58185919389445850       0.58244548529888951       0.73352950033246878       0.60908025498141771       0.68497369981468315       0.69056679312949576       0.66051484005970373       0.56637771799115977     
  0.21581097151076098        1.3529305924331417E-002  0.15619056983734725       0.19905615106792476       0.17878461952454694       0.76803897317277858       0.38761550507051751       0.29582233714037692       0.20355500384188771       0.20836901364780192     
  0.49624261494691996       0.73526354709431385       0.61755536965133717       0.73758225508923581       0.57191277099710025       0.59715336756150028       0.65675858894277939       0.60236681832479455       0.72366380297562238       0.47847880621802497     
  0.23145764089485471        1.5183642312797061E-002  0.16934217616277358       0.21526965653291780       0.19501448547286523       0.78229405108147576       0.40151497203593378       0.30573677630155688       0.22118612526016168       0.22398002310028808     
  0.67520189341394210       0.58508269080797992       0.58712016957689483       0.55043793357680260       0.64389751084596236       0.56643557612472673       0.62668015603681504       0.62243626264316232       0.62866842778161591       0.71122401706502436     
  0.24691114203097300        1.6866872808901395E-002  0.18274086584674790       0.23126825440984045       0.21095918309536429       0.79569956222501415       0.41448030518767437       0.31585743517504605       0.23960329781353340       0.23958624831483177     
  0.53519240610914742       0.54696470740580472       0.58251672743232341       0.62369499436419817       0.75089124159065479       0.50487210018325512       0.61299806823466574       0.69568683163954725       0.59405890935646177       0.57912297056800777     
  0.26343052595771532        1.8682721194590832E-002  0.19627502545275269       0.24720693997166920       0.22650948905183374       0.80718853507780441       0.42660112109302017       0.32596372492042097       0.25773858731217869       0.25549383679334386     
  0.61520734580884195       0.55840161324618709       0.70964523368225396       0.58778220384659174       0.62931595225934678       0.52671008895487614       0.79099003278426161       0.61891502495622031       0.62602634985509187       0.57829529209613617     
  0.27908964714914913        2.0693965714768541E-002  0.21037588736815221       0.26273045037087350       0.24213665736273729       0.81735678690477109       0.43863637502589747       0.33619165393000283       0.27665341206949812       0.27173976218493767     
  0.62153770595373325       0.52147982413346528       0.59157682508286757       0.53293920442418841       0.65379790047957764       0.49068949698867081       0.48858862260873032       0.64329984544161212       0.78812308255948060       0.55570226242955856     
  0.29294953619119263        2.2787321291766745E-002  0.22405919223474396       0.27624880569372268       0.25765827005543851       0.82722995339321082       0.45068875193209829       0.34639182911245381       0.29424410018645847       0.28746674882956091     
  0.53079948544946609       0.51685541164999271       0.67071325666593395       0.50150255767009988       0.71519985923926577       0.53402158931210919       0.79888115259842929       0.67316983656223894       0.63236903648824716       0.65083752416369756     
  0.30574230201341446        2.5046639492992937E-002  0.23752561187293039       0.29057948666916322       0.27274325295663859       0.83697380234976237       0.46275646309434432       0.35688969433395629       0.31093621368787233       0.30243969597776671     
  0.56487036649881528       0.52325676145118039       0.55978718596505384       0.50508770770769851       0.61941251727300128       0.53597209708795457       0.61847722651629045       0.63526280800959334       0.53135762648406193       0.61650100137398522     
  0.31878627786509256        2.7377336171041804E-002  0.25119959805008946       0.30571442771451307       0.28752634143029310       0.84562768652939457       0.47492442042621297       0.36747929102364774       0.32790483958486155       0.31758240259671328     
  0.59333241448760299       0.53267135283032319       0.53392052086366260       0.61513715018342663       0.60759942013014834       0.50567276383712767       0.61898377078922617       0.57083299120452857       0.65051085979437140       0.57069337913000306     
  0.33324004500001236        2.9804717058748088E-002  0.26500285091770548       0.32085681629796725       0.30258045893434532       0.85384398683634666       0.48700420064823158       0.37765335693988983       0.34409628842745815       0.33276551282181827     
  0.57606935926717318       0.48230670094945144       0.65467350697186655       0.50423608405386622       0.54900586712738930       0.55470936019331607       0.60849204758108044       0.54895874958348856       0.50960887540465338       0.50038612936296656     
  0.34799145780966895        3.2248417851123173E-002  0.27957026082095215       0.33456166967052481       0.31773778459803087       0.86180543471591065       0.49918332566747275       0.38764415067476049       0.35988030496624263       0.34808716143940394     
  0.72843994080994179       0.53873782616148347       0.54616978158877549       0.52812502168020092       0.65693224845686171       0.50336600383566843       0.57466143967107897       0.61613919293572195       0.49124128787454946       0.54447446037482305     
  0.36190070941839275        3.4646411413801322E-002  0.29401657532209280       0.34866443486950571       0.33334139697975423       0.86971899402165675       0.51022809776115374       0.39811710817696755       0.37668787261414716       0.36353066825197200     
  0.49986512036342146       0.55003463729211832       0.55393830445706571       0.65233574153430784       0.62438821236294206       0.58391005697998133       0.62107060208284715       0.61472037330530183       0.57491096195345370       0.50770954402441382     
  0.37622560121929238        3.7103366825759772E-002  0.30771661193784289       0.36305540485549004       0.34950712670036788       0.87664492166228269       0.52066050712036238       0.40884160548562787       0.39392723424404436       0.37863525470273462     
  0.52896128406494258       0.46134860526431520       0.53388226082722468       0.48811079340325131       0.56626430908826908       0.51890503472431171       0.54430798105920342       0.53321750168765314       0.53394487518584766       0.56509699299688232     
  0.39090983219159914        3.9932456554373955E-002  0.32170141710798500       0.37783417493813748       0.36563446213528417       0.88325297456896934       0.53039987363461072       0.42000924243168397       0.41130524141152025       0.39382647450588726     
  0.54697969113328138       0.46848702666857533       0.49861155753015535       0.57410811562124742       0.56629698761006075       0.55224785723104786       0.52853177617503710       0.60864206427997192       0.47195465138134507       0.60834129964614148     
  0.40438807419672573        4.2775571434212963E-002  0.33623744547063905       0.39260699488400802       0.38218478621517571       0.88928873738145942       0.53987961840315879       0.43133667357969890       0.42846344987828328       0.40865677270703560     
  0.55412863448079308       0.48500880503134702       0.59723684699508339       0.60206268422034015       0.60262010503444707       0.44217973976446179       0.62476241745073846       0.52195772665683482       0.48278478574215478       0.58135458761756742     
  0.41633327927080116        4.5935373464889524E-002  0.35089952227937005       0.40716846686585201       0.39909735374795596       0.89525355843331711       0.54931083616991794       0.44272932507414342       0.44516142865581454       0.42354408900775614     
  0.57536960256354619       0.52755878208277074       0.55769129033821441       0.62833207379825073       0.61839013222109918       0.53314190686174245       0.75406994979611286       0.55646570996158295       0.56382064981044588       0.55021150679700048     
  0.42870241460369707        4.9076099536583762E-002  0.36561203395471925       0.42172333578635135       0.41553840035589440       0.90046602497151473       0.55760819381417925       0.45513181468635316       0.46213833570614005       0.43841198950693960     
  0.63170842406412953       0.44724271351189421       0.63951496308620170       0.56812732358075257       0.59730814723001135       0.49098954484024643       0.59882625897949415       0.64610782324839489       0.55729342961614403       0.55167352398791591     
  0.44109688226621657        5.2656328257268452E-002  0.38077604583543917       0.43471578927171761       0.43071564252519451       0.90560269849708241       0.56564998138432421       0.46893347284940889       0.47739067697104165       0.45297478738866065     
  0.51728283461726710       0.50684954692757811       0.62951962660964689       0.51616879364822954       0.62169668981603665       0.47343296343347752       0.54136540188389004       0.61833917835190355       0.46161365833948675       0.58696391496644362     
  0.45420150812669258        5.6293443337638124E-002  0.39653509020422656       0.44706572634084607       0.44593456094549833       0.91045110622414416       0.57377208078733910       0.48287240287566707       0.49252589487776599       0.46506539834643712     
  0.46774005767840665       0.54666483223102069       0.51129863844829360       0.54395176820415614       0.75656467707655450       0.47436886725273192       0.59304002518846177       0.55800730533260956       0.43350954021102550       0.52043131560305245     
  0.46748777285375426        6.0110430011215035E-002  0.41199757695798694       0.46230502339882978       0.46092828589734225       0.91532573546061535       0.58190379828163585       0.49714877862562368       0.50654964044393147       0.47663607607041225     
  0.69641088382140615       0.46038903061680653       0.64756871535457095       0.68585527793864931       0.59718880969198407       0.54877169880440335       0.63254717178906505       0.57642479013615322       0.48499220701071566       0.65699138010504032     
  0.48075761513562409        6.3984219270510956E-002  0.42735229004989661       0.47692206990135577       0.47737947197584329       0.91983262005436883       0.59037775087286215       0.51134979912274958       0.52027061016249010       0.48854004713900806     
  0.50074799206248688       0.50282774418809661       0.46878184126544659       0.60075141911902630       0.59891874742232509       0.50150511054743707       0.60996796202549197       0.55509863354233480       0.54863048771783429       0.60279721367908701     
  0.49388797545076912        6.8387740977547379E-002  0.44265933845639327       0.49341978959201777       0.49441677115333066       0.92435399757052616       0.59871981878718561       0.52559981116202359       0.53372923580679388       0.50143506693381723     
  0.55799225073533087       0.48814780786736350       0.59047127764083118       0.57011024045440228       0.67629746195144202       0.49249392371583861       0.50930880322431116       0.58356237211026274       0.52496439821460972        1.7498248927777502     
  0.50802926626133649        7.2831734375453372E-002  0.45760847902183560       0.50988131302343997       0.51204560397716048       0.92855437359710902       0.60713429335841318       0.53894971082966658       0.54702316967073583       0.51565026988787455     
  0.60983300601641577       0.45652132596658690       0.59172005180938614       0.61950541899540179       0.63779225900187597       0.49451549968994390       0.62764824206693048       0.62727780017520407       0.48638841268985750        1.1469909175854311     
  0.52262628205996298        7.7442857320301345E-002  0.47374093500930808       0.52719867019559485       0.53026879461635090       0.93265694964216816       0.61571603083037241       0.55169560359082126       0.56097027897951901       0.53047917354431784     
  0.58766880826530277       0.50103086829542387       0.65992621649515404       0.53954487481959346       0.58805703459403169       0.51643839804481895       0.52555619690874200       0.67256488604058129       0.50185231474846481       0.72711116023462030     
  0.53832816882152967        8.2160572637616280E-002  0.49031789769334971       0.54445160693907391       0.54847687926680666       0.93640646411495665       0.62480005452171716       0.56540391481868357       0.57484713739762050       0.54535116270228012     
  0.60495646297750827       0.51938445063487593       0.57992584755224152       0.57486777313188209       0.60852321952378374       0.45378472748212106       0.60685847812846450       0.56008180420761366       0.48502653498196008       0.54397561225232205     
  0.55374221020301451        8.7347308821297640E-002  0.50808415935933415       0.56227485347013462       0.56662880389221648       0.94008228890070777       0.63411759886349528       0.57969049049038324       0.58871954205854649       0.56033634407094923     
  0.70488837029194296       0.46917766200253591       0.65234197856045184       0.59635670399888330       0.57197688096519250       0.49225199247554186       0.73250755377292542       0.62471367856464755       0.45986563883857628       0.61012731723160063     
  0.56946853194145985        9.2737763941201770E-002  0.52710167504836425       0.58000179270352270       0.58347219526757155       0.94368057418261586       0.64353362815474746       0.59457341165632727       0.60268711354662063       0.57543377206069124     
  0.65426053558178077       0.44627861728335100       0.68008459981259295       0.84834011662635711       0.55866129458949276       0.52920298528862075       0.61261717104574132       0.56466774817006060       0.48778062519635068       0.61668654077639129     
  0.58518023027451416        9.8703376254203640E-002  0.54554759442786371       0.59710059022714823       0.59959112210973342       0.94730322974330705       0.65280264197878268       0.60946753740960868       0.61638398318197285       0.59056271931413085     
  0.62061722308420275       0.42644052973675467       0.59600442311832924       0.57723601566396210       0.68091605781233722       0.46845606326357531       0.60454015437722286       0.76102798429065843       0.45251372977924664       0.58249998097020539     
  0.60149952106830240       0.10512450166822522       0.56239238111365497       0.61424125971677035       0.61588474827771555       0.95020289212645603       0.66213600034475939       0.62460828793573486       0.63002802297296157       0.60614381489216762     
  0.62567194911289348       0.52345254238840888       0.69659946251740967       0.68812614292642205       0.68146542287670520       0.49885934804783005       0.61832869141186664       0.64233133641152584       0.47050188367684309       0.61730624249397614     
  0.61796174418292271       0.11252812834704563       0.57775604403058678       0.63072871375531692       0.63256088441232983       0.95311743514015668       0.67133271505799119       0.63963484115017333       0.64302435292959570       0.62214820909719870     
  0.57645141518494014       0.50284173376952024       0.58671731383389059       0.59893523460528231       0.74372404132932102       0.52216126588631284       0.52654436334748067       0.60798505342913334       0.52365648395492559       0.63922018123797186     
  0.63418324168644169       0.12010717222591528       0.59347485495724805       0.64707388880209649       0.64846542110784011       0.95602241938422761       0.68079008784533135       0.65456294628946177       0.65627849942574912       0.63770356724307131     
  0.71399213209069856       0.46912481428714703       0.66952722040191448       0.80749464006987848       0.55545657848028107       0.58309513764639864       0.62429772161532660       0.63991302796553273       0.49132816650917471       0.58795464222741967     
  0.65023820536809662       0.12813411240942135       0.60922387540028666       0.66260544097381380       0.66401774251658097       0.95892242845515441       0.69030557121049307       0.66938636392029804       0.66989721004676261       0.65291178903552449     
  0.61450499377704682       0.47513204928826364       0.51047349413356191       0.55242796503137126       0.62114207054416881       0.51996204214683406       0.68445597451910312       0.65327293560790889       0.53915401568557908       0.54676681135171257     
  0.66643236761014024       0.13700533479302882       0.62620922733451800       0.67819143756996825       0.67868783314019299       0.96170654860844318       0.69973202612936736       0.68463846329326750       0.68367621249827759       0.66774446066801785     
  0.74374143299020423       0.48360161503177240       0.54083411077177623       0.61631605745923757       0.54056835182687202       0.48203651321305624       0.56375137384539087       0.56665016067652541       0.55489785167374495       0.49041652103469152     
  0.68280753253167925       0.14677294391751014       0.64369384235863336       0.69330685286656768       0.69325491139058382       0.96453565109048134       0.70908589430817737       0.70024431796251818       0.69777537552284552       0.68234462923678207     
  0.58856578703694951       0.46811864911714141       0.65032853987300687       0.63011903315747986       0.69376334336754719       0.59405192510481253       0.63273773022179369       0.54786692389754232       0.45993849091830247       0.47512117992752056     
  0.69941339279601422       0.15717688171201419       0.66230878045553543       0.70952668022386267       0.70907029749358552       0.96704246599526811       0.71793835171889087       0.71588576007813631       0.71258121018370812       0.69747765129246853     
  0.63669835914837791       0.51740343126161914       0.67140933325961971       0.61566392114107937       0.54153609301260719       0.48874922290723938       0.72913116816179335       0.50852558849211948       0.53188320121057542       0.48369631413256675     
  0.71544976185900278       0.16817505105843514       0.68039297802582888       0.72504435323548067       0.72475069739079068       0.96947166018314568       0.72642385165923862       0.73196629705726002       0.72792584953683015       0.71262617652615423     
  0.56755680709907119       0.53441711321930918       0.54732751828522452       0.66270223760274660       0.59410086879050383       0.52217494408945730       0.53422611685890808       0.53994314242483910       0.51133979001597540       0.55540892886777282     
  0.73028588305035158       0.18170103444099334       0.69762804892404628       0.73987008209268690       0.74053680026130042       0.97168147832795548       0.73503342362600510       0.74772429681430519       0.74329706978458798       0.72776997546457256     
  0.52383327906050048       0.52440754743659679       0.58222502403177889       0.57932167140865576       0.57088346255474343       0.56752563124754107       0.66110637220993451       0.49765403649709039       0.56491482787599467       0.58777112785852637     
  0.74512510358856199       0.19622902757399063       0.71499505684709241       0.75412955574522145       0.75669075987853751       0.97382073028254967       0.74371646373933709       0.76302947608167837       0.75831148039561802       0.74300774265168468     
  0.60754133330551252       0.47808273017317332       0.54354860209825195       0.60720175986869840       0.65428180374495182       0.51529876031591371       0.51265635139643573       0.53678996800120715       0.51602106790651325       0.57177484952894320     
  0.76023419499336276       0.21257382479800052       0.73534143728049917       0.76822362206084938       0.77108053842649094       0.97584772739940895       0.75233153900542371       0.77866422418384484       0.77437108857763293       0.75775767549788731     
  0.58283041501493504       0.57193446485079513       0.77408591020212214       0.46976506257394712       0.56069411489788878       0.49932616056713114       0.62363343290822026       0.54703190317351658       0.55027792688752553       0.55293305261289238     
  0.77567950766167237       0.22959440557261368       0.75619357460021341       0.78233982980274175       0.78430427552108650       0.97783970615873883       0.76070429087285263       0.79392242033266014       0.79061213642905226       0.77189403765413711     
  0.50796277067756634       0.54608005880081090       0.65343020995351631       0.53731009451151934       0.58078405059630023       0.56007501612999344       0.61392792292526654       0.70604230656006683       0.46234180185530288       0.60340971225013518     
  0.79131490781729508       0.25008183566761710       0.77635145523301541       0.79655846499280791       0.80046612279095564       0.97974850981334793       0.76897684371411712       0.80961273478735041       0.80497487707235915       0.78609336758842230     
  0.58800991889466336       0.52650466679694230       0.73346438200152575       0.68252023291197683       0.67226702906336167       0.56924009092389505       0.50061729414529632       0.59579617806717122       0.52374161378793571       0.60404717429910171     
  0.80647571397777251       0.27220588406313340       0.79681510452889748       0.81134967545860648       0.81649882573247690       0.98156849781998889       0.77740872647065906       0.82531235172367001       0.81963403116743505       0.80036716597958979     
  0.59293265426771469       0.56268694359781335       0.83128325335059527       0.70633431573034300       0.57227181734761601       0.55294913769346965       0.52638014992770532       0.59273140991215856       0.48499220701071566       0.47196522153257692     
  0.82145430233695549       0.29689765266373030       0.81584457987611614       0.82648591597241750       0.83293361203135419       0.98336794504513381       0.78668008836800807       0.84085164517892586       0.83676603412300676       0.81579030083990633     
  0.54629938531673095       0.54959121342759254       0.54883006160284942       0.58912026503475945       0.56491014310774268       0.67938106558566802       0.60230728556845292       0.55129640693360005       0.50954797298341736       0.59303928771487013     
  0.83664779460848382       0.32209940271093740       0.83444779555303916       0.84225604606193927       0.84925492255553858       0.98515343854801096       0.79602342376015911       0.85611259153339414       0.85357015944232861       0.83196105893123928     
  0.64228865975428762       0.61178605227593519       0.65789115443003154       0.56013235409546835       0.49395735160263249       0.66122964712391974       0.57301538712674394       0.49016457491000393       0.57821810771023363       0.63443162678118570     
  0.85188800056860314       0.35717196457103806       0.85403140296847702       0.85794880356885084       0.86599856699247912       0.98688557827891554       0.80530330355417212       0.87164393867378920       0.87011618209723196       0.84857344914753929     
  0.57414559544012700       0.67650880146237780       0.67994122766334231       0.63122602271845518       0.56958584815771085       0.68079292532192948       0.60251907991621034       0.60184884907804170       0.42221023900740901       0.58888539968572684     
  0.86776885329430919       0.39424126176392543       0.87467983927932536       0.87416161818172722       0.88337577887527274       0.98844330569109085       0.81431083634471180       0.88710577135260171       0.88695617623322576       0.86533561043466911     
  0.66537377300511114       0.55815597615150547       0.78765483659064228       0.53415544747907451       0.49860789475253015       0.71753585853686330       0.55950499839277945       0.59725098197000770       0.55547329282261004       0.78123153625533037     
  0.88490184886234025       0.43842813757832755       0.89291605658481399       0.89045944127180887       0.89858081554610847       0.99001853003286311       0.82552913523810223       0.90279660006408180       0.90260080543623433       0.88235134059760334     
  0.64050571236546772       0.61310809157651291       0.67795018056897238       0.62474698158448649       0.59156899717345290       0.72564991484729735       0.54546163707503392       0.62337295467950116       0.44928668661603444       0.50394842111632987     
  0.90253571854529702       0.48730531978633063       0.90900438462108846       0.90463344043526350       0.91302545002295588       0.99147008165824468       0.83662926045989894       0.91754065270865115       0.91842598313815782       0.89895571647496009     
  0.59164623324286147       0.74433266707355983       0.56678179663467765       0.51328606949971467       0.63532650238318178       0.71101873953672989       0.54353314552887799       0.57591087741159830       0.59164220821836833       0.51550387844178092     
  0.92047782699292968       0.54131740343250012       0.92379940069705180       0.91803292012879290       0.92802596290931150       0.99289100033540945       0.84889794063006097       0.93259381659208407       0.93311963187260449       0.91706626772882704     
  0.71982542009659534       0.55713687779365662       0.61657649215362420       0.55808509488090352       0.56738532473804537       0.70642265561426187       0.54831293411531623       0.65652157277051248       0.54534997302786548       0.62110174532236939     
  0.93789886268975642       0.61781337168026151       0.93802091650709596       0.93249098044587087       0.94269256037534133       0.99407363375691016       0.86141045892290191       0.94740020989251872       0.94816624317085652       0.93508024586200522     
  0.58716439782682517       0.68115958115978037       0.51270815556440397       0.54885675050778882       0.55214398288684241       0.80994958669316064       0.52780671630639919       0.65441211062830917       0.60595222003913463       0.58597579552403156     
  0.95452122649467652       0.70510615264179322       0.95328637547088224       0.94855185862293279       0.95625609210958462       0.99510471659958677       0.87943527810977984       0.96152448817212033       0.96151820982023239       0.95216841580144274     
  0.57493965082567033       0.68793101486332320       0.59848094789668504       0.63435705915134866       0.69985144612422556       0.66473680811735680       0.70299327755750041       0.68180833005685548       0.60283263293213840       0.67337021282407095     
  0.97112676343957327       0.81096027227323186       0.96879645297154982       0.96570136537801976       0.96982545906473583       0.99653817812585033       0.90094679115779497       0.97556799918089876       0.97442030272079005       0.96923913460331912     
  0.58917471383103970       0.80311327186180737       0.64913432437508889       0.63494335628665799       0.62175330671627427        1.0516082518682215       0.64017324631872774       0.65763107027862033       0.59256486458312319       0.59087636335551030     
  0.98581532613878498       0.90841783008898525       0.98438423613866544       0.98262739362214824       0.98485159857782478       0.99826743338710244       0.94140488679361478       0.98779726613100027       0.98744131659979850       0.98460403100212690     
  0.63022882952731230       0.77618763661271373       0.51010705416209334       0.61859959529377406       0.48104165872536192        1.7705583796174016       0.58906254958268522       0.58762592585426510       0.65178876524421314       0.60459521441265107     
   1.0000000000000000        1.0000000000000000        1.0000000000000000        1.0000000000000000        1.0000000000000000        1.0000000000000000        1.0000000000000000        1.0000000000000000        1.0000000000000000        1.0000000000000000     
   1.2882035547273378        1.6533724565171928       0.53669824743787020       0.65981492537170638       0.63884581662121942        1.9654505261850732       0.42221023900740901       0.99582222555496513        3.6330883454277929       0.58047001005136356     
  -14.181457126855427       -18.929288841880126       -7.6164197208154594       -14.389463789803299       -14.782041165135855       -18.407339678255212       -10.710483044280661       -12.095973172283259       -11.856582114972651       -9.4142441809818624     
  -12.040809684182232       -7.8028491606626931       -9.7159696776321294       -11.809984856358081       -18.348310113529163       -14.214337502540422       -11.475524504577365       -15.459384450933072       -16.077184387336725       -11.884109235251115     
  -13.831472045005867       -5.5588771299554347       -11.851269553845551       -13.403823844598687       -12.771274608951224       -5.4612659288460694       -12.301333890815865       -11.149049645517678       -12.409101595583328       -16.476462737320229     
  -12.822543547462129       -2.8204227542041735       -10.036971448116331       -11.600807532699383       -12.891855644664505       -9.3541085037457812       -11.436634698006388       -12.339800170405427       -11.199987269555930       -12.773921718971296     
  -13.368419083185854      -0.50527150573461144       -16.990045620458279       -13.181856601768329       -9.5400042176704591       -9.1760791498346013       -13.282518883135950       -11.681296350487814       -13.855385456670408       -10.948982921835153     
  -12.706548296784399        2.1683669894358930       -11.918141055473786       -11.169156937289339       -11.730678958514227       -11.468346370385047       -15.156606444001403       -14.202866232174912       -14.213788467708470       -12.639740723276924     
  -13.028788341435124        8.5094346601149073       -16.943093467919155       -15.126434907865830       -11.090716685381979       -12.717667998216447       -13.411698952365512       -13.184469203319319       -13.287943339088878       -12.729230645422195     
  -10.958005400098450        22.518654911750914       -15.357222166518998       -10.257067580005167       -13.022589299735348       -15.113910570166464       -10.405381353031979       -13.832983121449757       -12.648739661588259       -13.772234438609305     
   1.7294728526421476E-003
           1           1           1           1           1           1           1           1           1           1
   1.8308363549841185E-004   9.8783033862312523E-005   3.0679077521809115E-007  -13.228123477113339        7.1948522994796911E-006   3.5327374589832832E-008
   5.3083442016740462E-007   3.9190495117446620E-007   1.0935793001970724E-007   4.6291384868722953E-002   1.0918566721149861E-007   3.7576976858866645E-010
   1.9789283269157749E-002  -13.501333174108339     
