   0.0000000000000000        0.0000000000000000        0.0000000000000000        0.0000000000000000        0.0000000000000000        0.0000000000000000        0.0000000000000000        0.0000000000000000        0.0000000000000000        0.0000000000000000     
   1.8575678563082585E-003   4.4881989124300539E-003   1.5691610024718194E-002   5.1147415864209421E-003   3.7652583308974509E-002  0.41620094176360634        9.9384801661660679E-002  0.10011773276945768        1.5532622652391425E-002   1.7209823593293472E-002
  0.37094413067817827       0.39800262399453840       0.43129252606835711       0.45091959575821039       0.29084358877959654       0.36195076705865092       0.28997450411083381       0.30323316339389045       0.33115640437943861       0.37440251703521277     
   3.6868571710261451E-003   8.1104812771479427E-003   3.0830750015886151E-002   9.5844680472663146E-003   7.4052279126066628E-002  0.55187007504045393       0.15291420749738743       0.16000771003109523        3.1722144772895769E-002   3.4313012390739611E-002
  0.42365896755497590       0.49409022025193711       0.35940449126618318       0.52438581027394493       0.33774672792364779       0.42093662595348313       0.40624272070876127       0.33077418905343009       0.32141987313791859       0.40527478350042345     
   5.4772644522636613E-003   1.1068294364969863E-002   4.5845665138486313E-002   1.3426588846087141E-002  0.10563413604084122       0.60340955335201363       0.17718188375199240       0.19126712800556420        4.7888662716994081E-002   4.9891993658002419E-002
  0.54167793462170977       0.49475249776955588       0.33174412719166491       0.40417300677904727       0.33414436641491330       0.45493045102953567       0.33978329618800590       0.39010010671039719       0.43182486501997663       0.34086465117694847     
   7.2185397822470080E-003   1.3937587808106435E-002   6.1444007800466820E-002   1.7000959223782058E-002  0.13295486279428670       0.64158623123996672       0.19575297688641399       0.21336714364312878        6.4997909001910381E-002   6.4671983212808093E-002
  0.43803278293927106       0.40128393525940542       0.38668461809920457       0.47242868613988515       0.38400281112426615       0.40608049460799062       0.41346946173972715       0.39936809342959406       0.48658119388263882       0.32498094596532717     
   8.9536231784693131E-003   1.6916574837199026E-002   7.7052986110191568E-002   2.0695674616673404E-002  0.15699733916638872       0.66881172866081251       0.20935615221790260       0.23085808964875995        8.1809616451924333E-002   8.0746977690291599E-002
  0.53223708336901276       0.44225801531541437       0.35489589291807755       0.34457022573892959       0.45124354961965962       0.39835426749542269       0.36255519144866338       0.38510460615210240       0.50420647828235454       0.31843669250391965     
   1.0752976149130873E-002   1.9905853216302526E-002   9.2440901580000040E-002   2.4848124356551649E-002  0.17775330077081913       0.69105654604234179       0.22209742206959165       0.24587433360499122        9.7105604568452034E-002   9.7569904004416230E-002
  0.39834131197257749       0.49479932907323404       0.37886892946828782       0.45170077673570264       0.41097377176874833       0.30111545668529677       0.31526675946742350       0.31134139454132487       0.42694629149363716       0.35391153613205367     
   1.2648461480847363E-002   2.2906283500612988E-002  0.10900403615259503        2.9111577735018414E-002  0.19572194170385548       0.71190916688068084       0.23406787408098539       0.25916552781164387       0.11113461306136846       0.11423606305960551     
  0.39537375672217412       0.36118172887070749       0.37468268382089892       0.51110932315770197       0.37486330397886924       0.31304856720544300       0.33441232782187663       0.40095332157036795       0.41916298156020609       0.45067328549298313     
   1.4607598381526563E-002   2.6213691763736589E-002  0.12572672246576050        3.3354976976834073E-002  0.21248621038357465       0.73162735118596189       0.24508664922280954       0.27156235657263372       0.12467174746401646       0.13053788037471942     
  0.45661072540770925       0.39819108187936542       0.36917985938713610       0.40588045582504179       0.41045452897362067       0.32659380620591510       0.34434074902974654       0.38768083297285683       0.36991873622654808       0.30727392640103285     
   1.6621467190864166E-002   2.9694523605039127E-002  0.13973795310583886        3.7464576796616411E-002  0.22842127761873715       0.74874974911967829       0.25388943208815923       0.28287855794822969       0.13812334886758762       0.14673685807993039     
  0.42084294121315990       0.34518432407967886       0.38748122757592379       0.41417082435444957       0.40389912208728596       0.36310359651741758       0.33184315057662439       0.36363134028269156       0.34698304196985247       0.34970733648893981     
   1.8724134053308195E-002   3.3228029629111672E-002  0.15371741848447765        4.1460842029152269E-002  0.24313680399050225       0.76398132778884265       0.26303955761695164       0.29366957641426511       0.15164485236327388       0.16360905054671207     
  0.39443669153310668       0.30901771105267373       0.28893562605714840       0.39840153644539467       0.41385347303062842       0.38818244796339019       0.31192838476078033       0.33297377028301212       0.30891536409192472       0.31502226102943431     
   2.0976632163392784E-002   3.6839306517133387E-002  0.16867507544767754        4.5491995603977251E-002  0.25708570009058684       0.77741346269891509       0.27157532851666538       0.30460921120727225       0.16526142434772684       0.18026760367735159     
  0.44455241299968229       0.34713191233266655       0.38503173500362897       0.50258067612992430       0.31373179092628284       0.37618653623615406       0.35481614012666057       0.37698333763482572       0.34510859443039815       0.31562057180846909     
   2.3424386577120333E-002   4.0441804654907341E-002  0.18364344916989378        4.9736404781145035E-002  0.27117983539476687       0.78952879529586073       0.28031329713950098       0.31536529951926040       0.17889616634643946       0.19687502902789131     
  0.40061118921254729       0.33590027713906523       0.32867190311715172       0.32207694115012681       0.41119923784451934       0.40227309509082515       0.40247088880013182       0.40266160852926319       0.34643968126985181       0.31087626352590858     
   2.6017916228906191E-002   4.4431639612346349E-002  0.19919451388978215        5.4036283718389408E-002  0.28430781791991666       0.80114258152946483       0.28923268147522257       0.32511095766580378       0.19276737372386779       0.21365266550056281     
  0.36959921651602928       0.32176985134471409       0.40426359002087559       0.37186842780325546       0.36587994285605979       0.32301800308613365       0.35027614440726673       0.39370553558983723       0.34731810168963723       0.36603641737380055     
   2.8688759371561415E-002   4.8690610117768311E-002  0.21419145549314769        5.8486693499581563E-002  0.29681222388994899       0.81219505075003728       0.29822179832354551       0.33410703426397037       0.20690895451947461       0.23013227290121208     
  0.42246610683890096       0.36387416127632488       0.37293229469310907       0.38283482684793652       0.33457146589711617       0.30040175658728269       0.36774607997158626       0.32178767984242790       0.38983570808092860       0.36681087691357450     
   3.1440586533433214E-002   5.3233414335392408E-002  0.22901578415084248        6.2879454150037054E-002  0.31010401665384246       0.82225799178088621       0.30750822430597891       0.34265703755483756       0.22229842847789244       0.24475594127801970     
  0.40361995332717060       0.32429066276497437       0.36702314116946677       0.35764244985183391       0.35253347525959489       0.36382026316379573       0.37749577053421152       0.32745210917464390       0.33947352741090531       0.30966197150142050     
   3.4256480031648572E-002   5.7949390888971129E-002  0.24348118476613553        6.7659145069868948E-002  0.32322645797963295       0.83146060426187762       0.31692102898498092       0.35140026341384434       0.23857482370564992       0.25939575533377007     
  0.34064074744022182       0.46204955534104053       0.32351099551978252       0.33981279777081402       0.34516461742469307       0.36677832277990996       0.34074299078639098       0.31264873594542314       0.31967969600253865       0.30652465972814741     
   3.7165763185480365E-002   6.2812454739101672E-002  0.25653360836523126        7.2571843706756164E-002  0.33536616681842601       0.83995682831595897       0.32633718273142137       0.36119063999471190       0.25565359653992920       0.27432117868004990     
  0.31374205643125003       0.36203709018375285       0.32878521317177728       0.32804162794223851       0.36137688778428440       0.36466295942925270       0.35065175711459551       0.44739585121786080       0.33582341035286972       0.45933077613037898     
   3.9967696236039518E-002   6.7756759788653947E-002  0.27012578184696096        7.7447376548380339E-002  0.34712351212676684       0.84766569624840060       0.33542868310865509       0.37214321144556384       0.27327245582755300       0.29098274362287374     
  0.37201144484146281       0.33089142743830308       0.34195910626874010       0.36083675182396097       0.34438754346960487       0.31314320606629042       0.42845148672387567       0.35835140705023621       0.39628403689969854       0.33456846116332428     
   4.2799246346115760E-002   7.2604095591819948E-002  0.28401527362766960        8.2921993297776678E-002  0.35759662246319585       0.85472706452398151       0.34401052271353250       0.38384371142404089       0.29200269528819323       0.30860134604891348     
  0.32048605247771866       0.29088823719905005       0.35116486247814099       0.30973471121927820       0.37350634824692375       0.29149032671405173       0.35550758660482301       0.30192071748954347       0.34352350111673385       0.33078504855076318     
   4.5787133196446443E-002   7.7416393311666581E-002  0.29867039733293432        8.8384806985397649E-002  0.36793057059660628       0.86155785129153428       0.35257497186969783       0.39624025674387242       0.30968045307936465       0.32625978235652503     
  0.33627216182890529       0.32959300817206988       0.30036415076495787       0.32010353095272753       0.30150116752714168       0.31435914106901275       0.37277194898525945       0.39165136232403591       0.39702643290192052       0.36516977523659166     
   4.9046076674744789E-002   8.3075970880835279E-002  0.31365981750207211        9.4129899453950491E-002  0.37758533719991011       0.86819874096911764       0.36055997397246969       0.40858387763091986       0.32592551514554713       0.34320785456191433     
  0.31066943484485260       0.31148634296729538       0.30919098581019833       0.31485611726266749       0.32006680979805519       0.39860903312113799       0.47018498259019664       0.34684921692293852       0.32828651848554613       0.34781396703380718     
   5.2916933194246764E-002   8.9958468859275706E-002  0.32821876919097503       0.10014874082017443       0.38839860074965077       0.87440678666880445       0.36765921956067749       0.42061539407033149       0.34226211643183291       0.35926839906323133     
  0.38435733952528534       0.33480587490378005       0.38920545271979118       0.38702144597289972       0.34062969404636689       0.30042540355378677       0.30403498949747987       0.45416611098849935       0.37884881447656293       0.41030989173165222     
   5.6780583550825499E-002   9.6955727020384797E-002  0.34300985011031593       0.10642698043046576       0.39961520858612648       0.87985689567311731       0.37448852510428587       0.43273353767039546       0.35883293171593028       0.37498182060222918     
  0.28893158144019382       0.41787490623222567       0.31804830232305736       0.34697681940265857       0.33292444847270747       0.30703212604190377       0.35848861960346606       0.39383652412408365       0.35187371047133070       0.29149437954958457     
   6.0556395044028259E-002  0.10328592278533286       0.35814578154276949       0.11276376660176550       0.41134768570010688       0.88502941920667755       0.38126818040255217       0.44492022680287524       0.37512002067388595       0.39050540955242735     
  0.31928414225289353       0.39323295245404072       0.32576577773636423       0.30901678215952993       0.45650577922835189       0.29094507810367259       0.34000977794683829       0.37539854853744137       0.28607215730946789       0.33368953177620819     
   6.4814470511886310E-002  0.10939920374480991       0.37385711328849447       0.11911953483213281       0.42247336445056177       0.89007361927428774       0.38836450861786564       0.45650980859948864       0.39064980818573725       0.40545989386922593     
  0.30445665416265533       0.32464535244316789       0.32082039699978088       0.36514222289676357       0.35570365881774041       0.33931147058549488       0.36544170004135129       0.35384614060482761       0.37623370222729169       0.35552217496990368     
   6.9338230041196672E-002  0.11546943627198429       0.38933971342271595       0.12549477277595175       0.43374836702562158       0.89532615856167774       0.39618065750983361       0.46864002586266046       0.40565856111688320       0.42013630752987252     
  0.38121799144021634       0.31105693276809065       0.36203196598230580       0.29919780124208517       0.28918160623667150       0.31284094737641044       0.37331523841910103       0.32485254610639658       0.30140191314480258       0.31865594503663280     
   7.4206006681256265E-002  0.12192769311747159       0.40548328731149169       0.13208018893273488       0.44497095761960331       0.90080905571742342       0.40394975371141362       0.48160682504024954       0.42087332073893008       0.43507468983520603     
  0.40159706828488095       0.29261984326086499       0.38468760132444207       0.33550469965529872       0.31429191151633967       0.39309362673950909       0.35353436864884474       0.44162655891106900       0.35884346179808480       0.36246530883421135     
   7.9167382423642407E-002  0.12971446950837290       0.42198681598220433       0.13927774722431649       0.45640683301888163       0.90576360336609729       0.41150836652163109       0.49290802550089025       0.43729692506611278       0.45051812811355302     
  0.37786792294708210       0.30859051386550257       0.35880293793051726       0.37378233397937044       0.36734449004341174       0.30424020039234906       0.40627486047949524       0.35673382219492455       0.32092604098552385       0.35329855954555139     
   8.4302151698277122E-002  0.13823517550383702       0.43757575045331665       0.14691168677691657       0.46822198317525243       0.91062929649252544       0.41864314658088159       0.50465344405921397       0.45346773589828898       0.46613162938169284     
  0.35882507714449330       0.29416514158614360       0.30795956061722007       0.38712569355454790       0.30554639655597254       0.33831758380892046       0.37955160742414151       0.39184940964508413       0.36733117046746505       0.39177065561362612     
   8.9387067285461558E-002  0.14775085613777111       0.45248951387520120       0.15464229092522108       0.48049954432408798       0.91480236646027058       0.42557989849513789       0.51647380248295605       0.46960276658724615       0.48131416354224843     
  0.29669882377325996       0.34116947780368750       0.33211799120489566       0.28050836043549537       0.35458723821397664       0.29893963763960568       0.38640664378542844       0.32086045540443031       0.36537654993619767       0.46524748976700392     
   9.5099844359543301E-002  0.15809509843039568       0.46785031975631880       0.16241075988680248       0.49292942295587044       0.91856688239571782       0.43282900947286818       0.52928296120588525       0.48639038347048164       0.49591693117718694     
  0.30951137038222137       0.32872281692799937       0.31895934367942214       0.32683043380082971       0.39239642839245165       0.33783503207006327       0.31916764367266520       0.31598138668908177       0.33752265306677376       0.45195819799454556     
  0.10110069352413413       0.16840107477414695       0.48467307190853165       0.17035774919419680       0.50463023890164949       0.92219957523438589       0.44009545862761973       0.54285016762386396       0.50355813963465035       0.51009885340695094     
  0.31745059742008680       0.30282430562975410       0.29310869205652973       0.33970284389327260       0.41402062060369088       0.36502244562894520       0.33427928954398584       0.40551307533344427       0.43341453695563753       0.38749106728085708     
  0.10804947512610238       0.17927291212434945       0.50193130084857362       0.17857688365175828       0.51613802360612138       0.92574310411236926       0.44759265429365375       0.55608565340491467       0.51974279298530957       0.52404576158678684     
  0.31606731010203393       0.32964202167486967       0.33539909924234984       0.46084653560093469       0.37843196224660458       0.32171144573157179       0.32329652209443338       0.31220293243166608       0.33297260063816719       0.38691815968928389     
  0.11513153188890184       0.19065786978177798       0.51858537636751578       0.18720056126898432       0.52758533754599235       0.92935521211542382       0.45522601639537058       0.56892043098071143       0.53501710706147243       0.53830234532495813     
  0.30296075421310481       0.36050118019535754       0.42226843321599772       0.33275829754937264       0.32308921751856146       0.35491416140175486       0.32893750397976645       0.36451108111481373       0.31442884682805256       0.37748811655849962     
  0.12257531145070567       0.20292195192271964       0.53494680264162953       0.19626765211351238       0.53893038129426429       0.93302812571737948       0.46321707449486316       0.58140938387161123       0.55041164002963905       0.55235871713973028     
  0.31536598932639576       0.33828649540615863       0.36867055756676709       0.33578265951558200       0.32480503888550827       0.32232257917332646       0.46118702496441277       0.35597891486084932       0.37410559807937133       0.33784504306775248     
  0.13025961871603658       0.21508418879579275       0.55137430189057257       0.20571400640962556       0.55028396338502550       0.93648218410809270       0.47135450204969792       0.59384637188759104       0.56577610168019477       0.56680795218474644     
  0.35076021524658896       0.32589803009005780       0.32162032132931556       0.31772778421532549       0.40343970924972933       0.35729546178946175       0.35606901402427599       0.39139141091262220       0.31369435719191174       0.33928127545742465     
  0.13829560297129648       0.22747301609938120       0.56831026673967289       0.21571290591089856       0.56167840781756506       0.93966757828955016       0.47899952378773936       0.60805401872352383       0.58118370423499610       0.58050237754464495     
  0.35654248761903412       0.36324869032388218       0.39937189165729026       0.30559778122267101       0.37285008859167129       0.28987728398886048       0.36656633369695529       0.39407793398526247       0.32680140031666965       0.31012235415990591     
  0.14665904802899812       0.24048479843513226       0.58543750116871074       0.22604061242673260       0.57308427952758179       0.94265416627381193       0.48558004738975391       0.62361743949517190       0.59701740340052989       0.59325838663001063     
  0.33376918630230645       0.29496823500831865       0.42126349916577505       0.35229700723731971       0.32060588770272286       0.31439083167190640       0.37416452937104810       0.43350962370435797       0.36982068293718984       0.31490626759604179     
  0.15562658152836578       0.25419579569596246       0.60257310875125425       0.23622564651187630       0.58457639730509647       0.94554174389317980       0.49266371406968129       0.63819072024409695       0.61232305789687480       0.60870274974565086     
  0.30728022063565241       0.34804883244731810       0.32142539935383185       0.31242696966333261       0.30402556032697220       0.33931460340756509       0.31315443238057145       0.37887425888388687       0.36063074825338465       0.31391321461972216     
  0.16495019451456058       0.26949843976385357       0.61898124634406093       0.24674476343542817       0.59646904144109292       0.94838777158478216       0.50037511060457662       0.65188940860089961       0.62677806212617415       0.62565805667072827     
  0.32100701657422132       0.28328756374203012       0.36846401736952650       0.33194878815444023       0.38434347876212122       0.32356857031338598       0.31657959299917476       0.33695079226817404       0.33866057621603302       0.40498418720349466     
  0.17540203821550227       0.28572115456852742       0.63522333407744147       0.25801324595654374       0.60848191732351697       0.95121208060756246       0.50791836418774605       0.66491646584429576       0.64060193565837198       0.64364809475530693     
  0.30665399949309791       0.32640308239546811       0.31053704473365579       0.32733925824708232       0.36518542283255118       0.37347877337225627       0.30468257942338822       0.31101062461924278       0.29232614279960251       0.36990658867262111     
  0.18647180072047206       0.30270198600106746       0.65202842221398960       0.26988201833809455       0.62094451945776807       0.95395910725535171       0.51512191234023663       0.67745699223139588       0.65477512909620050       0.66180821688133462     
  0.33433411679517194       0.31975448458052169       0.33449102898282129       0.32031455394910519       0.33377277302368208       0.36397108646952836       0.35035370945085154       0.35972400581205310       0.32483503965529958       0.42224072480558639     
  0.19961289689300182       0.32050267505382141       0.66869957507161681       0.28236506084685498       0.63294432046122773       0.95665917748136442       0.52215994032136681       0.68931765538913792       0.67067417470510682       0.67863682110805268     
  0.37531732717238975       0.43623513903828298       0.41371851637598533       0.29513000165010128       0.28593348779095146       0.33861957229797340       0.35088742283843388       0.36817197849773448       0.33282424462420673       0.28778201592977642     
  0.21267194380937135       0.33980693638927639       0.68445716378466570       0.29536691910452173       0.64359630796688405       0.95921644586676347       0.52936521672043735       0.70050113377201073       0.68671651740201944       0.69241971570576233     
  0.34434565163627567       0.32978314086647814       0.34928182383803147       0.30546705652264000       0.29721935959839424       0.37675832069596021       0.31190153921211788       0.34891475716221304       0.35098553612108907       0.35602094655745814     
  0.22600065850815071       0.35980976245849838       0.70017344778318225       0.30846985233150975       0.65429364647195021       0.96170087182226593       0.53749430820315769       0.71316104332794095       0.70385915681479039       0.70713384810463442     
  0.37453738743095205       0.34253860588964474       0.37611553293192379       0.31967532025878731       0.33846729918919866       0.37831667619199694       0.38908603074647630       0.28795260185073074       0.29850177957888618       0.32372714656826795     
  0.24094382933429209       0.38092425674670616       0.71557553967787413       0.32205690024946287       0.66497637178297142       0.96419312091081766       0.54585627917576085       0.72683492503299085       0.72117773737376567       0.72055678940237944     
  0.29928769631932650       0.33757566443456849       0.30274270225576333       0.32424388471296778       0.40758672964173198       0.38102353161442570       0.43767505885788588       0.34373921441811406       0.36500246898404737       0.41426304836475897     
  0.25639875777855137       0.40310074858407668       0.73125065618758345       0.33644904151612898       0.67630441504353966       0.96665947479368530       0.55430994905198028       0.74105797127076878       0.73833546052474353       0.73532360728297685     
  0.32614557472742078       0.37962631788680085       0.36685614955947027       0.30423506557343527       0.44353756254979265       0.41599847921460631       0.34238282822935828       0.30503818709382391       0.39393215012200272       0.31875402373433248     
  0.27227638725675563       0.42706559146005230       0.74716655831881651       0.35121898105983440       0.68799041930035676       0.96916117761803922       0.56311494268585216       0.75616841479128605       0.75439649726540392       0.75082232946891636     
  0.30404910635735533       0.41038380351931092       0.37196923271456278       0.32709427153426268       0.33882952863951277       0.38760554828390126       0.33247410454590737       0.31321728856535513       0.34056985434679710       0.33612659620554558     
  0.28929142783686701       0.45189055533188233       0.75907972312672745       0.36692847701044234       0.70042447255986762       0.97150406935704092       0.57237539915882962       0.77219597053215872       0.76966328985113786       0.76595739499141879     
  0.35057478226454569       0.30780590226730226       0.39140086609251135       0.35447786619446736       0.31150903986111939       0.37932454906090474       0.36185605095927803       0.29855072911784569       0.31977687760444423       0.30911921458303021     
  0.30749054437954804       0.47763187265635099       0.77130810537269334       0.38355871760693200       0.71309734927203394       0.97373127427801798       0.58162669830339453       0.78801319426065575       0.78536425894041240       0.78160118359198971     
  0.34837189972486554       0.37355257300167150       0.30797128688175979       0.31729537648987355       0.26427096892239221       0.32566923651738511       0.39334990494460415       0.37436581726782309       0.32715026724389551       0.31844071308521837     
  0.32694514524609608       0.50373089444143759       0.78379690143518399       0.40136188983093418       0.72741823164435360       0.97585247989128121       0.59136697125596083       0.80359710473824375       0.80137306780995554       0.79812388971057013     
  0.34945527544157112       0.34337240025383070       0.32823448221790474       0.37892740526774055       0.30568563627039458       0.34636155592701012       0.34342950428572228       0.29439917743019434       0.34479273967417445       0.39254385323641544     
  0.34791195172317574       0.53204370680578505       0.79959385269338479       0.42006689220526139       0.74118233275717127       0.97798810785009893       0.60125501636530110       0.81883917836169995       0.81827992745443046       0.81452478811430329     
  0.38180650132958399       0.35979548369487974       0.30124662797017060       0.39619645918489732       0.31400181782099873       0.38613609648799802       0.32572271881257669       0.30893161774266442       0.36023539046475572       0.37412606593011732     
  0.37137824120016427       0.56135529011345875       0.81629811359083126       0.43984932388842418       0.75412396601721787       0.98014154804694764       0.61089926717800513       0.83420534009953173       0.83480196062027778       0.83037732483949445     
  0.34974904046130079       0.33661927049923696       0.42821175054579608       0.44882173177770163       0.36643910393647910       0.36030961369693748       0.37778684472065704       0.30718027771830719       0.33525643714683473       0.37870356137950267     
  0.39728226314166065       0.58947488877478360       0.83283810378710177       0.46007739912099926       0.76769605031652788       0.98214699776507108       0.62028459465511876       0.84927957361435902       0.85150405373267801       0.84646116887417922     
  0.30356281220623510       0.31065419963422097       0.34560174854782277       0.36675873662016983       0.36203725097906142       0.37465271469833650       0.33048065492721485       0.33326116686551821       0.36978364426250138       0.40065319221005091     
  0.42575172289958046       0.61903910527990758       0.84958965388231689       0.47938477299857957       0.78005340489891550       0.98399600521164687       0.63029322818891120       0.86461207750778613       0.86851353039696488       0.86306692913019301     
  0.35793603175872074       0.29656638472351693       0.38807363374153236       0.29517420797941973       0.35764041355580312       0.44938452264329604       0.27518627706407600       0.34457486095056949       0.34754437278837652       0.38962960112861095     
  0.45785724063454430       0.64943141322927811       0.86713622847753946       0.49811826368338963       0.79421381633181198       0.98571902623886065       0.64366894071674274       0.87928179747417157       0.88602608149915585       0.87768183245855580     
  0.32210717312290704       0.34245637248198441       0.39816684605085806       0.29932557256180742       0.33760971865052153       0.44320907613073796       0.37389091313072287       0.32546982683996073       0.33995506125116154       0.35100104814120653     
  0.49100680753843373       0.68402345379856666       0.88496985976575071       0.52158017931573408       0.81047327838495953       0.98730741112367892       0.65820815094143870       0.89302113705759545       0.90148256184250664       0.89306980636685429     
  0.29081454866333184       0.42479287515725089       0.33802976768409188       0.35012423705564616       0.38420619054451588       0.40616946973940199       0.42114233299614046       0.44540081999821446       0.37262590219011665       0.34867186881794582     
  0.52814704097305221       0.72321048859398607       0.90339283082619659       0.54927558015284716       0.82949931973766100       0.98882592650740542       0.67251820364085801       0.90675683654242190       0.91724527945388012       0.90748571656645505     
  0.32147474898361889       0.37526300131483403       0.32754280512641232       0.35942734249118657       0.33619171232029105       0.41287017845392132       0.32092111194419437       0.37765878595936658       0.33276045189182124       0.43753653907070472     
  0.56922348088076680       0.76518455203735847       0.92221427276027557       0.58205979244778094       0.85056404496079840       0.99031857610508045       0.68813489365352354       0.92083456981333722       0.93320133912852232       0.92217736205835921     
  0.32087729403539061       0.43351671338225334       0.43185012624381247       0.33893519667423261       0.47408056441042851       0.36756091726562168       0.33702642586600340       0.31340933498218920       0.45961830389364500       0.37097479487983992     
  0.61847226607004835       0.80979972874049644       0.94024231924681712       0.61901777969200789       0.87643718991272490       0.99161452659867666       0.70821822551105718       0.93602724567704143       0.94843842405345369       0.93609920301589633     
  0.32123785935996335       0.39649830212219284       0.44392091429309560       0.38812565667385640       0.42409912225494106       0.32290057696011565       0.33626409538203944       0.36575107103836768       0.32764109327890167       0.35833181007560994     
  0.68213806631200380       0.85431817292373535       0.95590473058699577       0.65951462104254299       0.90479268780405175       0.99290430949976483       0.73060622469001923       0.95142680849196792       0.96214732622993948       0.95136998625964231     
  0.45635915385354175       0.38443615338772369       0.44348800021117629       0.32418180581739131       0.40647420095762077       0.33856973014121716       0.44235347556709204       0.37485279688524042       0.34083755514429365       0.38164527128241627     
  0.76105539077124518       0.90027630327328034       0.97102958426377817       0.71483144802372267       0.93610546249245519       0.99455002357640732       0.76088646147935746       0.96780165888800440       0.97558130684311106       0.96678023560727744     
  0.39341757250550102       0.38275527430323791       0.40266162741383699       0.38022176036946193       0.36992599860531095       0.38883904693701049       0.42273765818966036       0.37928626091045559       0.37684900724286252       0.35700609273936301     
  0.86602478719171405       0.94942346860480198       0.98519511625718470       0.81523229670364183       0.96904481728810044       0.99686620786819957       0.82602283357890927       0.98361396489431197       0.98844668974097405       0.98346233122123239     
  0.38561907285246094       0.38609180374895641       0.33230791394676806       0.36506659642109413       0.41476772628504882       0.38294995671775289       0.38162057138388716       0.37001411919612426       0.37306022962824048       0.30376478110944927     
   1.0000000000000000        1.0000000000000000        1.0000000000000000        1.0000000000000000        1.0000000000000000        1.0000000000000000        1.0000000000000000        1.0000000000000000        1.0000000000000000        1.0000000000000000     
  0.33295878208643276       0.44392084416536431       0.32941663537314986       0.33747393984506219       0.33958370725801218       0.46977892394331483       0.27501268515987937       0.37709904268713923       0.45749120564123086       0.36158274703857968     
  -20.506500394078085       -9.9595403915107532       -11.659038863808680       -12.461478209843545       -10.161677160420219        0.0000000000000000       -7.9007417316359296       -10.818534053986836       -10.497685727630468       -10.190609839906189     
  -9.4862585264479851       -8.0358518645396018       -9.4651587503897598       -10.665166935015945       -11.632955712980001       -3.5612878534860286       -8.5785888969714730       -10.297935091230691       -11.235758182048015       -10.077038187642543     
  -8.4256193663223300       -11.202650945199029       -9.2385513068229574       -8.5451582425169157       -10.190188113792365       -6.7569689840173686       -11.485133807815116       -10.694510657051065       -10.364804974356252       -12.031087530541338     
  -5.9981730721949287       -14.445028010803727       -11.310683510298622       -11.353634175520716       -9.4011578999490339       -4.2296588977103600       -10.588624631361323       -7.5455413702364904       -9.8425543380129810       -8.8751311182382953     
  -5.3798498788212603       -9.6522581354738879       -10.426518278395713       -7.9081032604909058       -8.5334286968976212       -6.4320055165820209       -8.9690955374356101       -7.7630274058129309       -9.4418606924902821       -9.9555523854922132     
  -2.0114838089290559       -10.645537976227914       -9.4780960046175249       -8.7561046149309263       -9.8504018255737193       -7.6688395550491126       -10.466561760295507       -11.710658650482022       -12.509733568054038       -10.886584399931053     
  -3.1039059060079834       -11.208621946623673       -9.0141089281351139       -22.764908464563678       -14.739299759869207       -10.188305773255170       -9.6194250264643326       -9.2624794312282237       -8.6773215761671665       -10.729920396548421     
   14.076610218847339       -12.223669388131098       -11.132334582689101       -35.116808911976300       -12.872171258494106       -11.460659456982897       -14.009479405322182       -10.851918149612386       -9.7188542148537405       -10.355386409474852     
   1.9003948930473403E-006
           1           1           1           1           1           1           1           1           1           1
   1.3357626455050319E-006   6.9324122365524618E-007   2.9430689015709904E-009  -12.333054622394380        2.3938978532378657E-008   4.9166736576203946E-011
   2.6890965570432980E-008   2.1536795663424163E-008   3.5294903446447976E-009  0.53410701997505827        3.5282533314774846E-009   7.0480882252832349E-012
   5.0000000000000001E-003  -10.248944291992821     
