   0.0000000000000000        0.0000000000000000        0.0000000000000000        0.0000000000000000        0.0000000000000000        0.0000000000000000        0.0000000000000000        0.0000000000000000        0.0000000000000000        0.0000000000000000     
   2.5455857764107848E-002   2.2105392242074563E-002   1.6084278559299520E-002   1.5851002795230006E-002   1.5548462699656760E-002  0.22915253524170778        9.2094881699583062E-002   8.4511741607829385E-002   4.2713738246998298E-002   1.5516368531735507E-002
  0.36794118997023262       0.41469041178445493       0.33114531672843389       0.54948528197663560       0.30719050033891188       0.30765239839573727       0.27552363037118877       0.27856428924898297       0.32271263847366066       0.29693001595440527     
   4.8420250092015643E-002   4.2964346613045767E-002   3.2048436908686043E-002   3.2185167995020199E-002   3.1221543175046641E-002  0.36044061105847186       0.15811607061513747       0.14958601263787094        8.0696310655194475E-002   3.1379012303415131E-002
  0.35950313637708409       0.40813142124459545       0.35859928376924682       0.44748124954232082       0.37184123274310704       0.78396063842825514       0.38801817715881076       0.31565036136241592       0.37208853812610682       0.32997025660903440     
   6.8473010064293557E-002   6.1733111224388904E-002   4.7542922543379447E-002   4.7528988590627055E-002   4.6573486746602714E-002  0.39886074785733527       0.18944377341898727       0.19128023634971955       0.11098845894220612        4.7608265950520867E-002
  0.32443817338975822       0.34168919582645269       0.33806555474676248       0.42677455989970053       0.31389991025137626       0.37692322473608003       0.29661528249528157       0.34639128970388633       0.36537134901241369       0.30760625947958714     
   8.7594864755326976E-002   7.9807250636136751E-002   6.3214556551623363E-002   6.2660377327203295E-002   6.2074329206806833E-002  0.42740482732366430       0.21598644431189085       0.22149062754749504       0.13914333859151140        6.4134062102961145E-002
  0.38053591706282608       0.37879487867507633       0.33934164051018029       0.37523247631774059       0.36829401888304059       0.38937582248923264       0.42501479944381515       0.32386376082998031       0.36457849696892730       0.31376215649665995     
  0.10547907192253750        9.6940357920707140E-002   8.0680640093373154E-002   7.7455227270754795E-002   7.7721128117172786E-002  0.45081246201665354       0.23451012552944772       0.24540435986487819       0.16425197365276883        8.1276790774841082E-002
  0.34778346500108148       0.38826041321563415       0.34207034918715107       0.31091726033819772       0.30086208940148940       0.33856139167972926       0.31224652494102745       0.35899668166791954       0.43710985076383813       0.36147789571795408     
  0.12316058080717834       0.11358307947168896        9.7836171534686767E-002   9.2230057280655489E-002   9.3775428863520180E-002  0.47187745328237218       0.25241407009856970       0.26440848497906227       0.19020035748567071        9.8275642519067688E-002
  0.37116902438690685       0.36384294497396835       0.34250448850535975       0.34755811859398605       0.35115345176524049       0.33901536981099545       0.36631271268080973       0.29546272295884896       0.38117719319755244       0.44145698323402854     
  0.14052693587378781       0.12955641030024062       0.11364191747910579       0.10753394636174946       0.11024168277251911       0.49206035852902658       0.26811307407211787       0.28171217517896652       0.21497883120990846       0.11505182131153029     
  0.33973057906831283       0.31367462242805993       0.39560024476862959       0.34162366326109389       0.39517218991738340       0.32819803769558553       0.37093032528366199       0.30327797830195158       0.34330245287620459       0.30616939536354471     
  0.15615142418324715       0.14518028754237183       0.12955591465461588       0.12257184066937260       0.12721070647960817       0.51068133172401697       0.28337207210991605       0.29711234105474466       0.23821769951225691       0.13155802495103538     
  0.34353879839215040       0.34587958540881164       0.39542388837153492       0.35855353792713779       0.30254965462795863       0.34169374327274549       0.35635727599246780       0.34577519222460340       0.44073052767219068       0.32482240446521488     
  0.16647811358993184       0.16015630871464578       0.14661774895975752       0.13989210862948787       0.14445792207261837       0.52924225708946393       0.29732008813256161       0.31162167799517726       0.25931447648120637       0.14826994820376402     
  0.27409231386728033       0.30115529196688601       0.37820392063711505       0.31576033042443097       0.30046666602380179       0.36841078347623424       0.37358271917954966       0.36221621379565405       0.37399403666740377       0.27528206000838001     
  0.17694511596758661       0.17451195489826421       0.16353866707218570       0.15696888837622994       0.16157539284933223       0.54473680518617795       0.31093888586170970       0.32576730369588996       0.28014595110660673       0.16508454549796017     
  0.31670580260954639       0.38525915670510913       0.32866255349889345       0.39375178214136702       0.36430546050657986       0.34046682936584260       0.39396074281673282       0.35182797186785569       0.34336730109920793       0.38142435067576885     
  0.18734368218527961       0.18831111966979369       0.17994947355944174       0.17329761650898909       0.17865994273760827       0.55971425041573886       0.32389122943324022       0.33952910352300969       0.30034337557240470       0.18194069223884909     
  0.30229888503228386       0.28495621971997775       0.36701034257016801       0.30798479342076929       0.37666701508527112       0.32676235720834285       0.30755526423224439       0.32100839621849464       0.34460788829562095       0.33322910017815222     
  0.19747843333609735       0.20231534164192896       0.19597676636134129       0.18963828282966338       0.19642243932239342       0.57429944344294215       0.33605971188001671       0.35321565393405657       0.32022462329966928       0.19913010050423166     
  0.28052083987864462       0.36661838257479140       0.34040613425412297       0.39040908122306495       0.34435934794407264       0.34865807314159813       0.40187346822681969       0.37144054600723203       0.32372149683426149       0.30468345026512833     
  0.21218186419333210       0.21649003755098467       0.21155088141086512       0.20619801095960419       0.21379328407224096       0.58935441967763158       0.34778053851545027       0.36673398799999329       0.33998271620411558       0.21660721624751070     
  0.32314829513482701       0.31962999345969068       0.28365535046757356       0.33034547199395187       0.32765963222727351       0.36384219432555426       0.31983860270992126       0.37660055513832852       0.39759703916313899       0.37468985553867851     
  0.22881937809821040       0.23091175987404847       0.22770650757761202       0.22280428945253675       0.23041333439071213       0.60275505345924330       0.35928764534432789       0.38009500984894140       0.35952828867968634       0.23359820717861970     
  0.35291239703378635       0.31653385975664389       0.30487874208868260       0.32566325620878039       0.35320321133947569       0.32610314352701075       0.32175745028520913       0.29398417962907691       0.28446433065685678       0.34253317396909416     
  0.24494063672235059       0.24550281575446309       0.24340828301215892       0.23902347701318574       0.24643150443379735       0.61643193393818563       0.37044574020315002       0.39337227302987510       0.37872150300686463       0.25032029936514216     
  0.34682339024527237       0.33664442009690476       0.28235069230171034       0.34074102204717088       0.34425091790787643       0.40857984055299962       0.33744190801341511       0.31191676195802642       0.37326863318072484       0.32388925605894514     
  0.26061041279500041       0.25965294153792690       0.25999814669189192       0.25493105412813521       0.26192564247715666       0.62954191527614001       0.38134266084295909       0.40609008426318505       0.39569116612598154       0.26681448833919175     
  0.30880751326272776       0.32393051831687286       0.29945472787317157       0.36753409820532257       0.32584128512341271       0.31926304375982700       0.35159968549067783       0.33830517466914029       0.30819240019232319       0.28985140882004773     
  0.27621025545725925       0.27363021830179340       0.27614047888472376       0.27036922461024870       0.27739182034721205       0.64262393288660657       0.39205410562298210       0.41865834869052243       0.41244842104557977       0.28380863613195728     
  0.31786852696198498       0.35190641096974740       0.31081510984959437       0.33326472541969976       0.29289245999871788       0.35730785374653079       0.37480831188074110       0.33254004407773968       0.31396333371366641       0.32990604516230904     
  0.29154001139751556       0.28749435794816447       0.29254846312041938       0.28609815486878898       0.29277731247275113       0.65520896022474129       0.40275339703724111       0.43108734738730825       0.42828916747781776       0.30153431906749067     
  0.30345924656253148       0.37466037797085450       0.29350224506723238       0.34324052075547506       0.33042139398551862       0.32073975791723225       0.30302122662054592       0.30296636409989192       0.35664172270806999       0.30460972163404004     
  0.30711100770479149       0.30095524185423578       0.30893524887501606       0.30229561309284830       0.30808309421578550       0.66772886765142714       0.41344815543563529       0.44360686516736664       0.44402355094761425       0.31901279044237069     
  0.28064685030265746       0.30337033273201186       0.33678608336107052       0.31786803514473327       0.27392357773690124       0.35248294855813550       0.33446589911137320       0.32071963986955293       0.29976884893043354       0.32256307721608896     
  0.32280804860939960       0.31420722897620962       0.32509665130802579       0.31858071326066062       0.32370005292330667       0.67972326087232859       0.42403381686524816       0.45643032334048411       0.46002448387469946       0.33628532056952315     
  0.35272858608254182       0.35904771599538959       0.32042148413386184       0.32590021868286279       0.37468803206979895       0.29863835302730912       0.30459979702556100       0.36230467995277543       0.31117509802202742       0.39941738056598580     
  0.33857519387833068       0.32766516075745300       0.34076673513470451       0.33485585647307159       0.33997425239499773       0.69126531428374594       0.43442024033392723       0.46909805972518465       0.47662625509538625       0.35309576172763329     
  0.29273880048194878       0.29344665534660863       0.31232985796001272       0.35695779074431533       0.29015990317048562       0.31366242327292498       0.29847018427822414       0.30879925242589146       0.36853217433422208       0.35778232458867104     
  0.35392372160904240       0.34068521569444166       0.35641542529666598       0.35150821227933376       0.35598241090477240       0.70181090595636897       0.44504161868119041       0.48233927188534359       0.49236829866929321       0.36994010635631247     
  0.40437308748907913       0.36489020864415961       0.32900470679043448       0.29494335185587467       0.31163653465807484       0.31779402250187344       0.29529891533349878       0.32179204613600421       0.32950160877300616       0.28093776907075402     
  0.36908728879196961       0.34998090153032785       0.37176620376446728       0.36809455974291355       0.37167897633635333       0.71228346895741157       0.45564236124374652       0.49582336068663380       0.50794622691198976       0.38621559178801806     
  0.39504260758759158       0.28620233998971240       0.33028905729085184       0.29191292807935121       0.30632796185892741       0.35337715895170591       0.35917080144065677       0.31560528777294805       0.36920780045534757       0.31433055111914621     
  0.38387765552679504       0.35810028758272677       0.38713848840405685       0.38439436611933187       0.38649075958940826       0.72259690764709728       0.46342836356839434       0.50956395989376502       0.52318736803834831       0.40137620360264070     
  0.31493579591390658       0.27552363037118877       0.31649218068148099       0.30974537091574039       0.35467857937547326       0.29664914453584629       0.34019287749733385       0.34197506989793319       0.31905813693686308       0.33532614357067486     
  0.39900025440295522       0.36624587469257847       0.40240414603404578       0.40053557328747635       0.40103478159722505       0.73271000940153919       0.46932427051109088       0.52313393340355074       0.53863477823636086       0.41630211414526064     
  0.31683290299323541       0.28480915338938495       0.37257356940813807       0.32229421601943925       0.31090429350125320       0.34230939945315481       0.27362569388888003       0.34197337681973600       0.30730515996500773       0.32457025292192415     
  0.41506705103278463       0.37445794679849015       0.41728057762495513       0.41653167099198224       0.41533970204824061       0.74230128324855582       0.47518374584271811       0.53662448949803199       0.55393694198647192       0.43121066071321629     
  0.33219103842038872       0.26009547969879820       0.40778985323806827       0.36103106057043172       0.26509491173747574       0.28961856903724287       0.27559745114778872       0.27948229175429212       0.32799445066010419       0.30733314288997499     
  0.43113496542085789       0.38335902670168276       0.43159592813164471       0.43257860187946240       0.42957155082274967       0.75022298137698917       0.48101314231079706       0.54990439929751567       0.56893347037499387       0.44620114820593559     
  0.28960761629379905       0.31607229011962251       0.31897793928303347       0.32959057223607807       0.35514813738723877       0.29431019460877139       0.27513262402041866       0.29510304695790451       0.31628353485001309       0.31465523469224094     
  0.44709593352049593       0.39687033537711103       0.44589763772549190       0.44850725264388203       0.44461560969155561       0.75623686100721932       0.48679998915054046       0.56456992510351556       0.58322149257727329       0.46106078956718927     
  0.33494926651566725       0.30245200120626498       0.28138538905437632       0.28082259121580183       0.33801242078370164       0.29967583972386375       0.31649354097019566       0.32764315695562596       0.35606638762987680       0.32805148123175659     
  0.46352852467493555       0.41032829999748105       0.46017649665922933       0.46404212747903351       0.46076522132029557       0.76220158326117871       0.49558862125466607       0.57879055813705460       0.59752205176640205       0.47478482487034068     
  0.33090569005801318       0.32155123266535185       0.35333695071065341       0.39394967963245636       0.36289058110608596       0.28755236573132981       0.31513688812589646       0.31532433101727980       0.34310110567422164       0.36246598627192189     
  0.47985242564191460       0.42398525043720015       0.47541051341042678       0.47932186748582045       0.47687637265928201       0.76792915272089290       0.50567293039014927       0.59202341108252354       0.61187620138500709       0.48396154280994252     
  0.32834145365966805       0.31873711584858916       0.30899670569569693       0.27904331670551774       0.31406176279938558       0.27505031099998989       0.34144380704647598       0.28523998563672648       0.39083051861738849       0.30594250039198717     
  0.49568070110833745       0.43777054861493375       0.49119879120760590       0.49459851960577655       0.49319453239590688       0.77334345428206319       0.51563788704665980       0.60529196054296641       0.62553346176311875       0.49315185258121130     
  0.30240628437545247       0.35226039295809153       0.29396730188070935       0.36989612167102387       0.39463610919762387       0.26114503611031048       0.31734155018455001       0.27819431151190360       0.41878442171943675       0.43653053096931871     
  0.51182739620766493       0.45140220577912765       0.50827950596162808       0.50984992642925464       0.50964486922851004       0.78113672110777144       0.52562564424606040       0.61816506873043042       0.63844739901157199       0.50235361901431008     
  0.35543272216865651       0.38921660516968126       0.34280485335681210       0.32331390456191833       0.29841175279895699       0.36535895236971644       0.31337612827196742       0.29993594114796568       0.32678620586442547       0.49917937376214178     
  0.52807744160762804       0.46474985206282149       0.52583119797799904       0.52486504803257361       0.52576407941189485       0.78958884949329766       0.53528866729666058       0.63116889699452594       0.65116185080298783       0.50939183777645736     
  0.33900560978776073       0.35284834057919562       0.35417317770912582       0.31362830347577503       0.32725269272990382       0.30697911774962805       0.37324663978679684       0.33140748878172305       0.33521205230114504       0.33920937827599873     
  0.54478905440969472       0.47698483376968354       0.53721832060060193       0.53910042956999671       0.54281539822974112       0.79782138706516448       0.54443809449046454       0.64413905631012114       0.66322571141446129       0.51759732394688518     
  0.32337241239581077       0.30804278170577692       0.34212716552105110       0.35048356412476478       0.32233314014985981       0.34129206798750478       0.32728530507354897       0.34265161222027463       0.35597717019041575       0.35580785437367918     
  0.56153584932172440       0.48923540337364652       0.54739923486303588       0.55298539687690706       0.55994708936646431       0.80575058868064864       0.55364434003855822       0.65687745770860118       0.67546072352575037       0.52924196988345373     
  0.29794083622248746       0.35057111765138615       0.27723510919344707       0.32159698297676081       0.38824835278099984       0.32919875007400523       0.32894644194808143       0.35654150145780134       0.34901712873395924       0.30810210570131985     
  0.57731161776505169       0.50149517136799959       0.55750714580652783       0.56686079853601612       0.57688892682067527       0.81365159474368198       0.56337474433934165       0.66945075391041176       0.68706764008888566       0.54246827296899358     
  0.33490898267662300       0.31649354097019566       0.26521896498823799       0.27044848514147662       0.39053589490393215       0.31966598251312589       0.34603769553063063       0.31726568661464116       0.28222905744083143       0.29122663326497500     
  0.59310115799007657       0.51449277994779818       0.56799557702743919       0.58090745243350617       0.59379992556420746       0.82166174124142166       0.57264614438622685       0.68235376705404083       0.69883375403682124       0.55649899060246411     
  0.33215309383639163       0.30665331655046063       0.27550411563354060       0.26773263983878587       0.31376627518372152       0.33794650601434617       0.33681312216245762       0.35097327565348668       0.28316429796382153       0.28830901866180242     
  0.60839712697184012       0.52874082860283989       0.57987401141910622       0.59500165934991489       0.61012557043600668       0.82971885164632397       0.58256235095421327       0.69520297525493024       0.71089295782926853       0.57196851426288231     
  0.35151088102346345       0.28566496871757618       0.28180289394306535       0.33780379273540223       0.35280984163092699       0.38365839572861565       0.28379828999939671       0.37022589828174285       0.31686971124997548       0.31549888679615634     
  0.62401193773764163       0.54304043329230145       0.59730640917848921       0.60926579583642526       0.62615409426158830       0.83717567815868832       0.59263453539387911       0.70836457258073116       0.72309136385640538       0.58748770078807011     
  0.30549506100391466       0.32854435190657516       0.29998471726655801       0.28287767892468346       0.34041197276784374       0.33321678312300262       0.30053754773213343       0.31665823488397488       0.28182646492243285       0.33906597677245254     
  0.64006342731248056       0.55725067637762427       0.61487636250496092       0.62334785217430533       0.64219699120495377       0.84445583623599296       0.60322359482435506       0.72212463085504752       0.73558269093991091       0.60288699322640837     
  0.33483475305651256       0.34350908108093214       0.32603801406513527       0.27600144326296094       0.30826379666786669       0.34259224186150289       0.39544571717255145       0.34260652489354859       0.28032893284547228       0.29673741756312139     
  0.65573559263260472       0.57115957724398070       0.63248930810611204       0.63296761578135374       0.65864831471462304       0.85139786548999630       0.61390497507203812       0.73597545499850281       0.74809673083241501       0.61881748779723622     
  0.30902224060644296       0.31025143345268402       0.35806529255207092       0.27396781334141684       0.36706905539165485       0.32320919967597067       0.30326323194489285       0.28336470061568075       0.28278818533098604       0.29673243324356718     
  0.67079208302331605       0.58514905644545867       0.65018833575259793       0.64184503405706628       0.67554701929679295       0.85822120441821326       0.62429303285686788       0.74990343619305877       0.76074418225442542       0.63539548673605273     
  0.36776353118016114       0.35361003196874113       0.36925077426476499       0.26550997749639732       0.31597959466843978       0.29529891533349878       0.26694835152855695       0.30345741722762587       0.30935060537552106       0.39867303189082404     
  0.68599726172869280       0.59903059773303524       0.66800366772587083       0.65069130735963865       0.69232680323628748       0.86473402340914796       0.63473566074124310       0.76391643217254979       0.77332763022048301       0.65159982034981401     
  0.30371648696538095       0.30561356693919717       0.32131153432298548       0.26928428942921429       0.33777253042762323       0.32464666360929101       0.32550782673637507       0.29936571803020839       0.27518644820175309       0.32437907015266937     
  0.70170735339173329       0.61285186602490282       0.68579794825627083       0.65957244546761296       0.70885574853639011       0.87114983768365173       0.64522896659069828       0.77764515642419541       0.78562261002747835       0.66737967958440847     
  0.30538950583159474       0.28758185399597447       0.31704140794895719       0.28604286999653672       0.33206954062828870       0.32601953354347785       0.32871818811238229       0.40257705297160457       0.31644681872187652       0.33555547043560163     
  0.71728412746637216       0.62683353309579848       0.70307866829700028       0.66958592725196275       0.72499731991041994       0.87741539730837170       0.65576035512684472       0.79126321713855141       0.79788995934787499       0.68387861801096339     
  0.33120062098079162       0.35017225926486401       0.40252996594489621       0.30121926497819579       0.35992682438761819       0.33005867237509373       0.36360834263743524       0.32946661727608995       0.34995927386545955       0.29516705072618882     
  0.73261633339470800       0.64120292099468157       0.71981912184373531       0.68330191743643820       0.74109134393497766       0.88361152375795027       0.66601596694756104       0.80468983439468489       0.81009513317459658       0.70102873550703915     
  0.33380775498918330       0.36007547045736588       0.32316433527558386       0.33112091889963224       0.28005443129131669       0.31525182455403300       0.29040388754154528       0.35313868223595962       0.34754779464606927       0.35487992814803287     
  0.74824607101989893       0.65607927296867663       0.73609452407892650       0.69699092728786227       0.75682032465174354       0.88990567029366108       0.67628777277050289       0.81771860062467672       0.82208528848527074       0.71833284863474045     
  0.28539092287482609       0.34408970525065913       0.35975925763338829       0.31516796786669010       0.34528279282875263       0.31296789097245470       0.35565289429688596       0.34711090276063228       0.29890566572459132       0.30652398709846146     
  0.76419387917189197       0.67124701488455929       0.75200330061087750       0.71057579817805272       0.77232063984568788       0.89612255810868990       0.68663066034981446       0.83007872809907546       0.83395736651097530       0.73529871351325748     
  0.33167959762251270       0.34876808157301081       0.33256780340335479       0.27230229621183233       0.29641622620452746       0.29799940788428791       0.33945720386337713       0.31632003046103507       0.31472918618442641       0.40109236043723495     
  0.77978762386600253       0.68658255618714392       0.76778914177802182       0.72417140978257366       0.78760862810467969       0.90260268064013505       0.69707991514978707       0.84216518157138109       0.84593362043036890       0.75237301798836853     
  0.36925128947322999       0.29235035208135701       0.36714075507447463       0.29412780585859588       0.31704098243530859       0.29582808516721754       0.32448482625171488       0.31679974456284776       0.32119191181798634       0.32074475495767241     
  0.79509658061565003       0.70284770668420282       0.78395533038496557       0.73822269850638489       0.80279582114924852       0.90914222732731698       0.70758150347780924       0.85446088344981541       0.85490538236102831       0.76928592726620171     
  0.35489085908780366       0.31269560520142620       0.41528758321960035       0.32068522877641270       0.33448938499337916       0.26711846989210825       0.35243895374814260       0.34097923513439177       0.31768004545886058       0.30442763226436892     
  0.81080198699916683       0.71905002547210939       0.80006685026533797       0.75258596439158376       0.81807073543612652       0.91556718145747074       0.71805377191028963       0.86678435819755828       0.86236893905947098       0.78661736316347552     
  0.37871237459811097       0.34908287373557750       0.30663826231393171       0.28126689665279125       0.33982997433422202       0.29724863316638267       0.31949580440888459       0.41127356538647941       0.26513115191763970       0.26712602443961747     
  0.82706589534600616       0.73484507008352851       0.81575069485086193       0.76748529078920125       0.83355993551207985       0.92210386795996502       0.72874431722183663       0.87886525589934561       0.86956466491932627       0.80372318459560588     
  0.31988639472839980       0.31119726949422039       0.34118746059425986       0.33707848265101925       0.33811859472362338       0.34074355485289043       0.30444504626664959       0.36745039110892780       0.25707263708431183       0.34022215984823162     
  0.84290493786248011       0.75104221502836854       0.83127024289345874       0.78272522960320468       0.84912316848022595       0.92840629937806807       0.73957648371339701       0.89136769879764821       0.87665806575011185       0.82022607104000889     
  0.33256945788104852       0.31564852019180112       0.31888394802930498       0.34252984169361483       0.36125528916138439       0.30180081119663299       0.35351923828454007       0.31830734631584162       0.28221980190805790       0.33641203918962936     
  0.85826115123781477       0.76738943081511468       0.84686588282334696       0.79798171579509458       0.86443206780088899       0.93465750750806587       0.75077099179310280       0.90363995584638490       0.88371554238281791       0.83637418770189853     
  0.30074135723571360       0.33418372373450872       0.31948395938493757       0.37836518135495201       0.30543049777384756       0.29994909984242202       0.31936618871826239       0.33435177939885102       0.25707263708431183       0.34620841427916238     
  0.87332660314663835       0.78478111547354812       0.86276017378828074       0.81308908828187942       0.88169321055521233       0.94069218214702666       0.76235667939243390       0.91539630981279019       0.89581484061434147       0.85266396684516599     
  0.35144719383892076       0.30811951832718965       0.34947878340888250       0.31563010984457640       0.28699308249884697       0.34247407676027936       0.35032409183141744       0.35088350731241952       0.31159247115695599       0.29428224450246754     
  0.88823528870562996       0.80397467311477189       0.87864251462452603       0.82796475516226020       0.89884362103450721       0.94674137876054132       0.77430623731692483       0.92698264394809471       0.90768095066915611       0.86900321231087929     
  0.31324411283062753       0.33035927186319869       0.31687471504076137       0.35689565192297729       0.38147206167470055       0.37414252796391267       0.36463280807490261       0.31991346742077409       0.31142605070362789       0.32089141823628142     
  0.90279771128367459       0.82391743932997541       0.89413863372470748       0.84385546197722749       0.91450525570543584       0.95234046804716432       0.78718321902594279       0.93594330853981922       0.92028729274350352       0.88563113842034968     
  0.28522024159868575       0.35740452237650783       0.32883025195042787       0.40147629622626085       0.34340366717217985       0.33558493102965176       0.37111395002185171       0.30076086187939494       0.33288801643014609       0.33653001630679152     
  0.91747202300725716       0.84552203037227258       0.90943238051620923       0.86017600788121551       0.93030110460229076       0.95803944680110964       0.80137869335804535       0.94299379302249697       0.93253360615891234       0.90259661788672374     
  0.33776077646499947       0.34340252504415147       0.34699698892062730       0.33188371642499337       0.34862827415076536       0.34832597565272821       0.31402682203047921       0.27866862844104456       0.28541984264136522       0.33893856672841050     
  0.93236081936956339       0.86904471279850437       0.92432932889951458       0.87819484726643415       0.94695411961335985       0.96381660538133163       0.81656743852244218       0.95001789532350189       0.94446699070798934       0.91883781160813938     
  0.38461531769173551       0.34987431613351089       0.34306036184523081       0.32909539139072802       0.33951529416398740       0.29287238812229222       0.30097534023998912       0.32145595121724352       0.31557943369171054       0.33894181883748237     
  0.94743173652140100       0.89433549381788868       0.93923086361554975       0.89636512956193382       0.95878405460223304       0.96979362837660765       0.83289292352194266       0.95741100840847315       0.95643385902281475       0.93522125346248541     
  0.29610399740013066       0.36869630756796629       0.30542381251498851       0.32028928837955378       0.28813359764738838       0.32391385031454317       0.31275471457676479       0.29022473133034105       0.32871120421908212       0.32002105492851773     
  0.96132231748832142       0.91961606840898635       0.95446634949664788       0.91938451888996842       0.96976460627732264       0.97653111128175929       0.85441483615792357       0.96526954324420466       0.96741006053589595       0.95163744691223218     
  0.34127304429603483       0.31716045538874665       0.30361271724218797       0.37467861290928561       0.31105389712458908       0.34345458376382437       0.34003617545056558       0.30553782014719960       0.31121475251155206       0.29808562183313964     
  0.97496005278683961       0.94490700679532802       0.97011200438951495       0.94260933050341278       0.98063730182320152       0.98353943483045603       0.88092747671457483       0.97717919360236327       0.97833779877437732       0.96836230012448443     
  0.31349205129224533       0.31734078428935347       0.40623437636574472       0.34081768020679842       0.30911489619122279       0.29821228755377432       0.42582428302693137       0.39628493439921886       0.32314850568573988       0.35448343235538721     
  0.98748951199413348       0.97198009880183822       0.98508025909107300       0.97052921963001582       0.99047213922689470       0.99144514710393239       0.93133631803952210       0.98851322048986301       0.98923623555523643       0.98413095511373327     
  0.33576548182131088       0.28498839344069810       0.27753927061311284       0.35187204199122135       0.28195132868903738       0.32695102433396672       0.29514017179421692       0.45529508901972404       0.32183577831839599       0.30290277907630186     
   1.0000000000000000        1.0000000000000000        1.0000000000000000        1.0000000000000000        1.0000000000000000        1.0000000000000000        1.0000000000000000        1.0000000000000000        1.0000000000000000        1.0000000000000000     
  0.36291831102717298       0.29285949346647577       0.28446150426842709       0.29881738722678919       0.28785913614840686       0.28911697190081481       0.25707263708431183       0.39100503551614890       0.50364722299982201       0.31980234248998163     
  -5.3777629438333232       -11.198257448839229       -4.6051723234144086        14.833058509745751       -3.9709598019032755        0.0000000000000000       -4.4445881805134411       -5.1962361355482738       -4.7341554544318027       -5.1284765794835208     
  -3.9189898853117713       -6.8474678095363029       -3.6603580785151384        3.2139764815667839       -3.9509621609318120       -7.4607491837601545       -5.6758007679487408       -1.9379680311884229       -5.4528340196835723       -5.7456379413738929     
  -4.0165200430327967       -6.6408072827628573       -4.1454315048382266       -1.8599684240487568       -2.1814745832947313       -3.2345457075574111       -4.6953508135160842       -4.9863166689410638       -5.2284897221375148       -5.2512346522556728     
  -5.3624704295484298       -3.1166581228626291       -3.2868128174398032       -4.7952783789734710       -4.6227220971520397       -3.4982396390614965       -5.3966529445815858       -5.1067873424217796       -3.7246096165031939       -2.8419309698934567     
  -3.5265598453807629       -2.6469248568479009       -5.1171299923372251       -7.9492876634349630       -3.5827756690012738       -3.5878688014630429       -3.0776161320608524       -3.0037288752015039       -6.2242431489799444       -3.4146466217289260     
  -3.0560199892436315        1.0205674424448117       -4.5051102707635131       -11.182454556133782       -5.2636772203866755       -4.1522808887255209       -2.3180267464820137       -3.7993491434411393       -1.4126334066202284       -4.0610699224643447     
  -5.7209712795803460       -1.2808093728032537       -4.2628970267595463       -14.811719603226472       -2.9770044517253957       -3.6435210427827922       -3.1340610707843441       -3.4644353441789852       -3.6284755214981335       -3.3761090879002436     
  -1.2418759797856678       -1.1197657931270799       -1.4966779297351287       -20.710925887355756       -4.6870295399683375       -4.0839783711186000       -5.5576520545148922       -4.0477037420827662       -4.0338314677236964      -0.77189659495577290     
   1.4850736702843638E-006
           1           1           1           1           1           1           1           1           1           1
   1.2562629394274800E-006   8.8473820883321919E-007   5.1337614965160434E-009  -4.4795378144414153        6.9350532206978277E-008   2.0094070218296879E-010
   1.5117747475711136E-008   1.6170828175835640E-008   6.4973539853729087E-009  0.28004814371269088        6.4899286676055477E-009   1.3242957537514632E-011
   1.1888638183629976E-002  -3.1337908484056394     
