   0.0000000000000000        0.0000000000000000        0.0000000000000000        0.0000000000000000        0.0000000000000000        0.0000000000000000        0.0000000000000000        0.0000000000000000        0.0000000000000000        0.0000000000000000     
   2.4519575842408742E-002   1.8869811727423726E-002   1.4612235688930442E-002   1.0936711344744677E-002   1.3716018669389091E-002  0.19840126780221684        8.7416248913392156E-002   6.8437815779517394E-002   3.9452702366349852E-002   1.4805239177839649E-002
  0.33001712057064841       0.37531584713591892       0.32470683864387301       0.49078297662262543       0.28466755206227767       0.28151615555184384       0.26266386078047810       0.26547051961203716       0.34551855553954552       0.33444243118341310     
   4.7007908445432900E-002   3.7298877422557726E-002   2.9694760698880683E-002   2.2300779567766989E-002   2.7617643700848404E-002  0.32186892932092204       0.14887073244431423       0.13480386430693878        7.4915463450943839E-002   2.9629826965662086E-002
  0.33534105706580603       0.37987340223416399       0.32486788461800503       0.43218616072298066       0.39646622807950521       0.59017187359815249       0.32792213287118688       0.31093212503595430       0.38191065740754448       0.31028176182087958     
   6.5647552345323171E-002   5.4459489635679328E-002   4.4233019595888989E-002   3.3299068429533146E-002   4.2449035561017548E-002  0.36245061656587896       0.17719896843144450       0.17492479857443066       0.10308820392715609        4.4516768903866147E-002
  0.40623779190190368       0.37924076305164733       0.31799084050677562       0.34872832471848020       0.31858605255349093       0.34610262954697302       0.30475302864273240       0.29270624432898174       0.45826527677866552       0.29033456350089892     
   8.3370157618602850E-002   7.1342848214829419E-002   5.8993048609722203E-002   4.4795617397474383E-002   5.7445824259309108E-002  0.39438562048014719       0.20266441899906376       0.21179582783662398       0.12970917728257172        5.9659612670125740E-002
  0.37069621936782893       0.33191730332643871       0.32483478427769502       0.37651791397132217       0.36132557343744981       0.32629193349762886       0.35764453055841128       0.30853327221583682       0.35350749091487527       0.31278438668461295     
   9.9182794678105826E-002   8.6048835272802437E-002   7.4684398078446040E-002   5.9110519141221493E-002   7.3723795039943113E-002  0.41831082646419299       0.22092626907549323       0.23559509872049605       0.15431659708606410        7.5424210822010798E-002
  0.32350895380669076       0.32350733504888785       0.30684037999310781       0.32809274907876568       0.34090177956805051       0.36579321328017422       0.31511822484266372       0.31056696608127893       0.43175956241743818       0.31961780345294666     
  0.11486783053393042       0.10161461788263611        9.0068369340033122E-002   7.3301425558888564E-002   8.9394400466825438E-002  0.44052022572646254       0.23962336946091628       0.25755948939988432       0.17857289704799117        9.1407655853701905E-002
  0.27637251419159153       0.30785839801161174       0.31620996358411846       0.28932073828347821       0.35611643307001462       0.36441200268613139       0.35852985653520769       0.39515890398641990       0.40079920364914751       0.30882280187097610     
  0.13091564149609816       0.11667438378529989       0.10456979820561374        8.7107270063944905E-002  0.10399524447698255       0.45982824069877004       0.25489492446213124       0.27511625066092860       0.20232630552306494       0.10792241702713348     
  0.38067004329923343       0.32801310479628709       0.27851940676958009       0.33437569998535804       0.31106062310526916       0.28151615555184384       0.31632697645913765       0.37735290020485368       0.37787620282834666       0.33880927159074764     
  0.14678740405949617       0.13208097192393498       0.11899402465946761       0.10105496082726688       0.11864988843679791       0.47908710078503824       0.27059007908020005       0.29206237985809047       0.22468450969031820       0.12452211054183086     
  0.29995359616578443       0.30181631342708620       0.36365498312035072       0.34424474907135177       0.30056124177436783       0.30016554827722303       0.31213064627541703       0.39908817840642763       0.39720147821967855       0.32023344586428831     
  0.16259817303526913       0.14704608318188300       0.13553179836291265       0.11788634577929870       0.13325203932170449       0.49800760038408021       0.28342733848152984       0.30664519606615775       0.24554407741010778       0.14045520017884977     
  0.30417564271109560       0.36387815987359640       0.28424316537552474       0.30336537813045195       0.30736475415649267       0.31595105967913473       0.33902887864114661       0.31925777769386321       0.35432547842205231       0.33441332034389526     
  0.17837982725106705       0.16195855271217890       0.15238279553329698       0.13400528642397039       0.14811920357172736       0.51537542145912119       0.29630716336422669       0.32141075317856227       0.26548013589230229       0.15639408108831840     
  0.33477194885861278       0.37269855836361271       0.37204658172207677       0.31308523070382177       0.37187568509111890       0.33404852044124927       0.32000889910993768       0.39464121050161405       0.37418887457769967       0.30060519559531196     
  0.19374037872883079       0.17581606244763828       0.16861612860203506       0.14904989816964415       0.16339881297132414       0.53100207568204305       0.30814818754351486       0.33524965705039000       0.28460565401191029       0.17198849433971269     
  0.31573537746579483       0.33277718700862574       0.38132987725507272       0.29526873564357864       0.30978340136697619       0.34554994065920491       0.31507552722960974       0.33997553990829948       0.37101014560356488       0.31292396702577852     
  0.20960377270707767       0.18948535837700486       0.18491688309409601       0.16439489048698236       0.17872848392693616       0.54582266863353324       0.31995937878962288       0.34912231036529312       0.30355263717975012       0.18759263550676181     
  0.31675050516541303       0.39996299806238056       0.31270906235002360       0.31521589093061209       0.32747316385794906       0.27738126887143355       0.35710928989052049       0.32522366211810150       0.35720908633655041       0.28883771085866455     
  0.22619482582378583       0.20189465314105656       0.20028632443244707       0.18152575298437196       0.19452502144767819       0.55999938311517450       0.33173889505531662       0.36272651855705118       0.32235306037119782       0.20376461950473934     
  0.34340890822425679       0.38335306999388186       0.31961336467244195       0.38762676578859090       0.30438768646721703       0.29776229204107207       0.32865559691054858       0.31988483127231077       0.35681883079201193       0.36313944204870352     
  0.24265406281401522       0.21411394592327240       0.21554038200253933       0.19872150148161552       0.21058471280801072       0.57378272944071995       0.34330947526901340       0.37614283031273926       0.34079199477015171       0.21918417988708908     
  0.29841233870163625       0.30201637398536113       0.30921479127110096       0.34831357680610153       0.31781049870132710       0.32415630811298413       0.33309558232148911       0.30152928236323473       0.30328975956108567       0.31201540276110906     
  0.25849332029713207       0.22782689795256256       0.23183107990512131       0.21572100589567070       0.22670150428034436       0.58709341197693998       0.35431797086623651       0.38948536211409163       0.35873067663422670       0.23438751489789658     
  0.32090503964974093       0.36842453806670289       0.29499132663059768       0.31458722071960177       0.31216000187942933       0.33375955880512315       0.30121828858494937       0.35761823944424254       0.29439488375860279       0.31822362075919247     
  0.27323919946355124       0.24163384609874972       0.24825264961978227       0.23218808573506403       0.24259421992311761       0.60053927341886804       0.36524092774948153       0.40252376518913552       0.37605470667774588       0.24961932797052661     
  0.35775071246749046       0.33905399953458054       0.31200270429286259       0.35591014681167260       0.29750854127427911       0.27736824341931282       0.35216050597003701       0.32863773505156113       0.34045620219042255       0.31521995983524587     
  0.28759096069906315       0.25521535589226363       0.26576205147767040       0.24831900048334796       0.25792344267895595       0.61412837878444293       0.37571552077279929       0.41526663991629587       0.39327059806799664       0.26636504952708112     
  0.31744659898723782       0.30353554354913048       0.37131516777314943       0.35213300648591500       0.31180847719717897       0.33099063077566460       0.30874193496192970       0.29445222852370156       0.32805970827773046       0.30037875636342476     
  0.30226965272163170       0.26870368119759758       0.28308509936114395       0.26523395385571746       0.27335231772727886       0.62657926196128422       0.38611157190636686       0.42808055236771148       0.40987479578844299       0.28297743314640500     
  0.30895767109707079       0.32915164457458368       0.32905664117470224       0.28460567914443435       0.37537494296333201       0.37877045431029632       0.35556027425526071       0.28924565503831484       0.31213147888543274       0.31349134463074912     
  0.31772217539672831       0.28230161266303910       0.29812630472669743       0.28318785859628937       0.28895487660433378       0.63799728887753648       0.39602920203239322       0.44101779688501103       0.42613026590154279       0.29943176381902081     
  0.29822363862813961       0.32947833885510486       0.32954037702645794       0.35977812259515446       0.34702517737574590       0.32519549320035246       0.27245217647347775       0.38714373575752076       0.33499250284170307       0.30701784942784582     
  0.33323153777007791       0.29588279590765088       0.31349136842473291       0.30109008797698955       0.30393845470565822       0.64860011486148550       0.40595687213932685       0.45397560071157311       0.44228102831940835       0.31597594209994101     
  0.32626773966860456       0.30951981651269450       0.32689822100218202       0.33320636597506148       0.31478052753218078       0.32822953227205015       0.39236853192839027       0.36050080135202234       0.28623459330590839       0.35965638906005987     
  0.34859909293134234       0.30883521047138596       0.32993119743899851       0.31839485181857413       0.31836876877264830       0.65871675493177761       0.41613729706190322       0.46686332560737209       0.45841439586545024       0.33168843197108216     
  0.31601729289193892       0.34574849967063032       0.37865744588386813       0.34356439717652132       0.36192383706422787       0.28587637022754836       0.29720930009367608       0.28469978341633301       0.30589667823354022       0.34736074859669763     
  0.36388038119557620       0.32208449298739272       0.34631451888373110       0.33537466710019276       0.33292030397594297       0.66901600794879157       0.42669235297948416       0.47969485869341189       0.47423695911308705       0.34764687882613421     
  0.34589861083081297       0.31108693429117179       0.35567176248021526       0.32798693914412541       0.32471937478714658       0.33337414857130382       0.30938418811303020       0.33277439097174399       0.31598526109823671       0.33422437313389719     
  0.37964911617921038       0.33513393195501429       0.36266707906030643       0.35130404510585717       0.34737024080086271       0.67952034106982939       0.43673197620411569       0.49293955762112890       0.48991396844376878       0.36302599865892304     
  0.35182987274705663       0.36862817631607020       0.36848154857809151       0.30919431920642387       0.29366425230320248       0.26681796713914707       0.35534061708195414       0.30521978623663537       0.30768025713288016       0.29070783301940178     
  0.39508650940897944       0.34809197048490886       0.37936627524220157       0.36722405806305586       0.36297394846122399       0.68984451163023042       0.44644779346882169       0.50596605529375860       0.50537154395884543       0.37875923692397639     
  0.29122640655194987       0.31670429069452499       0.35258246838258073       0.28524759673171618       0.29432188226285133       0.31942833544995353       0.35158839197406688       0.31821777312185606       0.32731275842643315       0.30743047709357574     
  0.41147709470846233       0.36048257764668296       0.39527496180201283       0.38332685991996601       0.37892636669845842       0.70006825220058111       0.45566380635082282       0.51919702985941052       0.52071383205554111       0.39331958269018130     
  0.32064663971532159       0.29213455401809646       0.31535198486824584       0.29058726590942408       0.38055991914438653       0.31149938798639915       0.36988756176943616       0.36887310699272507       0.31564987651782916       0.29941520406405320     
  0.42798690550877683       0.37260574913829564       0.41139157741831672       0.39966584632721897       0.39476727157326652       0.71011014792286353       0.46477181090685177       0.53250217089229390       0.53556935078133328       0.40790493341347628     
  0.36960294512371022       0.30940279406809734       0.31316261780685467       0.28005909639058696       0.33802716031883978       0.31251426767936286       0.37134605497902579       0.30953547644940821       0.33252394287660125       0.27502989539712291     
  0.44391151049388355       0.38528470964169070       0.42775508708502630       0.41588919236820687       0.41004985540825034       0.72013197300654952       0.47391202100975194       0.54589239831146485       0.55011203354888838       0.42238651779579267     
  0.31245208735236096       0.32471324371415089       0.35524952330087661       0.32725353552063063       0.30695798609085434       0.30182637434022408       0.32152157460702568       0.37939920724398252       0.31471746071736684       0.31245757859623918     
  0.45981350878873839       0.39792426622159488       0.44378345439249700       0.43196374963981632       0.42525327453666761       0.73018798754144643       0.48308848121872838       0.55926747400021337       0.56420154830225899       0.43680372395672307     
  0.31831416437028787       0.30944164083283254       0.30516381964030809       0.31661891376730206       0.40007703446640697       0.30716105216827944       0.33253454893637890       0.32371645634831037       0.30503478972568820       0.28089388549565636     
  0.47612334234891701       0.41037123827101607       0.45969127078668376       0.44727109978476653       0.44124537511041184       0.74013111755814165       0.49242045409152246       0.57326272797619171       0.57817940335641482       0.45189008896577648     
  0.32947169431159889       0.30089852397845968       0.31684243214292723       0.32390552724778937       0.33033125710623473       0.33739667563778042       0.32576027432671761       0.34214148719809795       0.31585715409580845       0.37709657270123648     
  0.49217869346970711       0.42298290988201620       0.47570581854795280       0.46270735111531597       0.45701905659234837       0.74943618364853959       0.50171732653266998       0.58703247857608365       0.59203169898707675       0.46661721057448396     
  0.33242613789687725       0.28678615176709732       0.32285450633315971       0.30046134847195738       0.30989301398175323       0.28869690877973647       0.34971119482134272       0.34558299517404489       0.35039248984536669       0.38401094080036863     
  0.50733943411267135       0.43585223867984568       0.49092596516051995       0.47872561107549461       0.47288747037683077       0.75838118995388548       0.51111809504968486       0.60055875524212587       0.60612199757677843       0.48070987106267760     
  0.27766101613396188       0.32501811151543791       0.30046411791963323       0.27620515159814213       0.29487763568632575       0.40608489474153359       0.30360350419596643       0.35131686988273814       0.35352552299199114       0.46290041933328568     
  0.52240674754730043       0.44897212929535441       0.50622264038123799       0.49474557270192676       0.48868108488430823       0.76704992653349424       0.52056880834100971       0.61390686774712278       0.61999986755831094       0.49443048179370569     
  0.29240520666875358       0.30910509256925728       0.32047942611833763       0.30102176518104151       0.33364653815860496       0.30742109951646918       0.30842818340086653       0.32380422331093489       0.30065458421535568       0.43140805259888987     
  0.53731167810776059       0.46206620942188348       0.52235392584749418       0.51035473160340472       0.50508625358631920       0.77563703801745765       0.53008661637408627       0.62713473914482476       0.63363038496904600       0.50682482035420373     
  0.32563271043864400       0.33190941850801703       0.32727927155073233       0.30209443214481541       0.32864026655477907       0.32948422242680164       0.32507420362166511       0.32824570745181991       0.35159408680710624       0.40754168524801371     
  0.55251726381311250       0.47520343237112533       0.53841629854341966       0.52580076836582501       0.52146367415015316       0.78431507744958073       0.53962382720682678       0.64010489968232842       0.64650897768197135       0.51973834075776892     
  0.34356494209824762       0.29535902419298854       0.33796272662260440       0.30930625732175282       0.33419651001212686       0.28463088520684671       0.33696302434124653       0.31129103315573958       0.31339505451334398       0.41916783268093144     
  0.56846823882971453       0.48781642584637247       0.55461142411644959       0.54101174997191737       0.53876358180457828       0.79290468928710212       0.54891621324579054       0.65319869883120307       0.65896571473254340       0.53362438343449958     
  0.31425825972781612       0.29163842835122383       0.30843897706512285       0.39091044213633236       0.36802998137399723       0.31533175667216340       0.33263617995367617       0.27440415940871332       0.31290214567962676       0.42060083512606544     
  0.58464485181214809       0.50023920480257145       0.57034196062777998       0.55612467977866231       0.55605534859965333       0.80118134056209278       0.55799263904188601       0.66636974404733507       0.67132830640050178       0.54748752983341453     
  0.35540267862925984       0.31443149641056573       0.32256966346140153       0.29088175102627634       0.34467596941988216       0.31786502429259889       0.33090574400209932       0.30555552711371614       0.34652180174698888       0.35881033991055250     
  0.60074395485726451       0.51368643222520471       0.58494254991469119       0.57097273686927230       0.57335529944570840       0.80922895149901064       0.56764404302649518       0.67942412027076715       0.68397975515589415       0.56317866719889242     
  0.30632567655551740       0.34982645754724079       0.28828550771731404       0.40094416392435939       0.33369977941485474       0.29076465453841538       0.27531000227895125       0.32497613671342862       0.30001067432541717       0.32499379914322346     
  0.61681576609223743       0.52736547904384068       0.59968796450136619       0.58557209669445187       0.59084212041372575       0.81720322229501541       0.57759678874449860       0.69272880343195120       0.69668196250184045       0.57863889165529936     
  0.33098613564726248       0.31663387243079322       0.33964101407998309       0.33896093682121409       0.28557078862862811       0.31710958618239116       0.33490721658020345       0.37181031452388502       0.28183117703422694       0.38902622792148922     
  0.63178705026534343       0.54122479923108102       0.61467132994355245       0.59996037574148753       0.60718669562191208       0.82511115731371432       0.58778471304764135       0.70507653031634854       0.70911637667925675       0.59414172691385769     
  0.35656559918904168       0.33924669830871912       0.31645129974304087       0.27430782035960244       0.31965371992314945       0.31517844866809125       0.31826088775875511       0.28176156867662017       0.32791761618377041       0.33306269710751518     
  0.64671426473870530       0.55525390219631865       0.62969601517098195       0.61433501880390129       0.62369135473866211       0.83311500562675178       0.59801077374846501       0.71754596215287492       0.72145834986776969       0.60977158935594544     
  0.35330737206260093       0.33581883659976552       0.29322991471564708       0.29811107986473395       0.34070410956609337       0.34915459335011351       0.30182816489370234       0.32064509265105551       0.28743198870777126       0.31381057946311580     
  0.66110918919884387       0.56898463269695143       0.64534969499458106       0.62931519781813272       0.63943752079278426       0.84110561886285151       0.60800746774716141       0.73031147993407064       0.73371078598576611       0.62543900018022069     
  0.31333927333607026       0.35286829025740846       0.34385304919289689       0.26941012537834258       0.33169318272362835       0.35569671192209396       0.31470086833699584       0.30560088631859972       0.28841075007813743       0.30456925228498510     
  0.67570574058676258       0.58278289621655122       0.66124439819203285       0.64412838527211747       0.65560728908163646       0.84876338809821672       0.61783924713454985       0.74322597991525241       0.74590447986481745       0.64121397301477856     
  0.39420635637839518       0.30745348132871425       0.29794281514403892       0.31252258177387687       0.27971735231335360       0.30043717625574151       0.35151384494446830       0.31800238670876679       0.29503013297641628       0.27766403873898737     
  0.68985292977379864       0.59720719666026656       0.67729540850244274       0.65888129450724753       0.67124810911364952       0.85583777485173218       0.62752123312591523       0.75654456865550379       0.75798184999972207       0.65744687336600316     
  0.29548898496302511       0.29898787915426905       0.35453494913859107       0.33347594774958400       0.30061038780699118       0.36072655073824478       0.38311402806438333       0.30195404966421324       0.31985097270480256       0.28678712761810105     
  0.70397223094909223       0.61180747686490500       0.69328930458576399       0.67381244147937924       0.68719167366367595       0.86278203287204069       0.63742047198841179       0.77002160738570102       0.77030637188826334       0.67366028443357018     
  0.33345167026617240       0.32207559826479459       0.38421112984782774       0.30308811626338511       0.30708010410405878       0.35003055553744178       0.30166503519308585       0.32938057098986506       0.32775457915008205       0.30777319267953346     
  0.71932247059997212       0.62687069637847892       0.71017266641070775       0.68852953905100955       0.70278476085568753       0.86953770889222970       0.64709943501083611       0.78251674626030177       0.78293346725977098       0.69092735084851231     
  0.33422060537152182       0.32118233992647854       0.36745922959492971       0.29633413086928417       0.34046662151830870       0.28217031469923498       0.35187065316732397       0.33373303575472613       0.29387016359664736       0.35730365530826813     
  0.73501897588893106       0.64175481417884583       0.72709835592278427       0.70322283678670250       0.71808644648232289       0.87634282962516719       0.65647639292797688       0.79468246542614107       0.79521933406097556       0.70795218106244096     
  0.33209043182981640       0.32311305184564987       0.35697983944826622       0.29813134205745073       0.29856908820154204       0.34920845049479426       0.32784530725696476       0.31185398069482967       0.29398520647493398       0.35744631755021167     
  0.75033205591664143       0.65686672410245561       0.74509961766402699       0.71689004972006543       0.73332208915946773       0.88326581186287434       0.66655216238646109       0.80790512175397167       0.80711668890347277       0.72424636546241239     
  0.30469921262557331       0.28361262856903580       0.34084596748826351       0.31597602662849456       0.32070524979971776       0.36257610091772557       0.32350366522641200       0.35216802834807948       0.30444704280878077       0.30355404438286149     
  0.76602768959840561       0.67210818148836426       0.76291491224363195       0.73031211643349925       0.74853686556083054       0.89017675379644357       0.67673786008945336       0.82106826866779203       0.81840788010961107       0.74032386833064612     
  0.33990512136124656       0.33208212433102435       0.35958770445252397       0.33419998075236079       0.37175020698802203       0.28020501209647680       0.34027327510206007       0.31020781590897178       0.28059089563725803       0.34208526872018952     
  0.78138561976642684       0.68812611133305535       0.77809961827166862       0.74407631078548564       0.76412989864252878       0.89706283140979981       0.68753691802703321       0.83238944019459571       0.82924509004266811       0.75742793164319511     
  0.34747467386923947       0.32358627826304248       0.34264376046633088       0.34152820278741175       0.37240414120658016       0.34740017008588092       0.33114409068480266       0.36258839538715376       0.32483946293968358       0.36226073001583403     
  0.79665342252626992       0.70478570764015758       0.79272491290892633       0.75847634611000336       0.77990995003050534       0.90391769965271906       0.69817896688750669       0.84336376105366839       0.84052561978416029       0.77449313311445922     
  0.33546629819721463       0.30483060272368151       0.31200642099382780       0.31730404906046661       0.33748690525083669       0.30746412553188657       0.30276518776126587       0.31207915191557262       0.28755411895965705       0.33366462989151918     
  0.81063117806042184       0.72157350165183431       0.80759188449932584       0.77347661132105461       0.79579732551172588       0.91073484767485935       0.70913821359690021       0.85437685628882809       0.85221598804446497       0.79023558988727138     
  0.28867409490588608       0.30327309226628224       0.30042271092838574       0.30895330691449580       0.34954994740827822       0.36225224072036716       0.30333430855216625       0.30872422560957247       0.42047670906982210       0.33040230285123806     
  0.82445468096007646       0.73776427769708253       0.82281740451317242       0.78847492816749332       0.81107439690082672       0.91759302075446159       0.72018441397354482       0.86551256170480351       0.86383074625534451       0.80672313727540701     
  0.29618496252065640       0.29620403925396893       0.34046847013195841       0.30191045194112348       0.26938784094905804       0.31651146765783478       0.33831222386872956       0.35871189413385490       0.32444886156700303       0.28511992043534562     
  0.83866725205908610       0.75467661053220259       0.83727317901458076       0.80378168407272532       0.82668376251862641       0.92416174652086380       0.73170671503474438       0.87716393596238906       0.87531791243053603       0.82376945139918778     
  0.34280278817707244       0.31299074943513733       0.28705336862171671       0.34824305594174632       0.30697560968010668       0.29978981662453036       0.32320352168275934       0.30337474704647877       0.30172154479570540       0.32810529945291095     
  0.85332662727852981       0.77182273144489744       0.85191064464393973       0.81903065011380760       0.84204623250041988       0.93077212950349031       0.74318004731574849       0.88884068172973563       0.88675206131169815       0.84065029919933854     
  0.32487404447918894       0.36933300481810594       0.35925589670803670       0.32996880474170293       0.34955261717603170       0.34408774181281032       0.30628116539080397       0.32808135282512180       0.30860354939911172       0.31228413679115091     
  0.86767149153820367       0.79046775535283809       0.86748575235561209       0.83413067434971511       0.85800727136151755       0.93730227016721612       0.75518888517413496       0.90021092884488474       0.89822000429207904       0.85799393952946568     
  0.32684054519992412       0.32024072936109699       0.35375230477552611       0.33724353749471403       0.33400785633515845       0.37829054520852790       0.37035099274410305       0.33526488727564518       0.27688849949311406       0.31699113470013424     
  0.88220149447726481       0.80998810013908284       0.88334366491139882       0.84925394145229516       0.87401146517406259       0.94389205682960686       0.76713530047338241       0.91136929135326683       0.91010617517030490       0.87507010314283440     
  0.33241807153969827       0.28364085679330253       0.30445892065873092       0.29161631845023545       0.32884889332329409       0.35523639285712272       0.36004866382224948       0.35524120852461799       0.32328902771061296       0.33358482111855825     
  0.89694923664541459       0.82971036021656996       0.89825199844331016       0.86431956229334073       0.89024162385286121       0.95057851962173823       0.78060487212339924       0.92264597454416131       0.92237331625954544       0.89058125850523384     
  0.26632496625131702       0.31100179806260186       0.28564585852084762       0.29887018630481049       0.30880635500740317       0.32796353488264224       0.32017896252981853       0.28076230032098626       0.28130007065112478       0.34597584408977017     
  0.91133317833286465       0.84957618848272043       0.91308176391727958       0.87975313976552616       0.90650014262435608       0.95728073095615618       0.79444790313450064       0.93385434842407400       0.93441059329158049       0.90589923057920596     
  0.31084088136267213       0.36179040125355527       0.33995670411654100       0.34170793270630251       0.33340720516083949       0.35949033925494228       0.32358792472624870       0.31218369265593232       0.33397576021552183       0.28924558155926988     
  0.92617728837759428       0.87222378469795125       0.92719137507154337       0.89591524920888876       0.92245138211486577       0.96377350809304285       0.81004184298123272       0.94502269248680137       0.94621634325895720       0.92126293637351908     
  0.40013484643958563       0.34696505511546472       0.29307089278911880       0.34663546100550785       0.34202202675985216       0.29603611673390423       0.31815848701852095       0.35055216079865431       0.30417498278232008       0.29065327349671927     
  0.94085687067267809       0.89499574937129944       0.94041055529432038       0.91219856204996841       0.93808806044456561       0.97020285092823644       0.82607494207912235       0.95653402421835154       0.95784761514021843       0.93678888885223321     
  0.32011967948561681       0.38024277765444287       0.31750585745579318       0.33672348288006548       0.32272572659114473       0.33836616256772589       0.30299365053493543       0.32482040150582475       0.32957243687693666       0.29503812175437605     
  0.95533331012299705       0.92061527365745799       0.95573158696112315       0.93060978617507162       0.95353448330355017       0.97642777320354845       0.84880986595470964       0.96757373394950952       0.96918706514731856       0.95257218421281531     
  0.29983883594483429       0.33646806200927437       0.32799910228624107       0.34734848330465279       0.31069458146768858       0.32888746126904811       0.36182652651210601       0.36259861157944134       0.31932480276198683       0.30777831048728194     
  0.97008834134662036       0.94579216790420007       0.97081849699965361       0.94918001354525550       0.96960897704890081       0.98279121412101100       0.87552574742811218       0.97866148212825799       0.98017029621621332       0.96870394322198250     
  0.31969760401790803       0.35172883174554997       0.31855425814977012       0.34129022526378400       0.32687829831291099       0.35853880801836402       0.35044765221671864       0.36059105471309388       0.34094614353755920       0.31917092504877548     
  0.98505799875313493       0.97245455079088250       0.98540524862147993       0.97374466437325291       0.98460604209694413       0.99122590505730201       0.92794869105362421       0.98935152050357811       0.99026190680841975       0.98422079714388711     
  0.32713881928902805       0.30332147742974136       0.36570070106117941       0.48616079463696921       0.31462255290062358       0.40491879610712023       0.34962740369910622       0.33698455900448898       0.27098642487889352       0.34571551533579981     
   1.0000000000000000        1.0000000000000000        1.0000000000000000        1.0000000000000000        1.0000000000000000        1.0000000000000000        1.0000000000000000        1.0000000000000000        1.0000000000000000        1.0000000000000000     
  0.42349261645746900       0.32402411504015827       0.30857269370912382       0.35527423485955656       0.35886652869119801       0.30809278335721701       0.26490839596017396       0.28734533459671552       0.39046440947239913       0.30386764886797979     
  -6.9848319681610818       -11.533705668361625       -3.9075299414971569        18.830986028358101       -5.4160114463843252        0.0000000000000000       -2.4234062672225152       -4.7290013287136059       -5.1602215909213651       -2.9539001758232586     
  -4.2582831418082527       -9.2435127427385275       -3.1121236323691335        2.6386782767833274      -0.13188941115913264        1.6362708273339457       -4.9225009265891178       -2.5263489988087882       -4.9277978775670537       -5.7424645807205215     
  -7.8637647032866997       -7.2401007751728041       -3.5227317802173101       -2.5718582841623592       -3.4160458514213610       -6.1394268460868382       -2.9482829970493851       -3.9790957657046135       -4.2591580481530604       -3.9305083114573658     
  -3.6906848369208305      -0.54151772389267039       -4.7198471620814049       -5.2389215096994706       -4.3096776572158255       -5.4332222892316189       -4.7438014790232641       -4.3367374084771297       -4.3177956358539662       -3.7400739839176635     
  -3.7440301979525348      -0.63163342802409472       -2.1066788908425402       -8.6971683636786796       -2.4876846669244834       -3.2298771854914081       -1.6570680372619333       -2.8879121299883024       -4.8694923733389066       -1.3188751818382209     
  -1.8961994932777091      -0.18842274031561160       -3.0600528007871941       -12.670132182349253       -3.0873088907799184       -4.0427213927595078       -3.9222163497206650       -3.5362930854313275       -1.1687587246405371       -3.2900302389936344     
 -0.23249845370035571        1.1520887071554744       -5.4074236083604994       -14.857817296045019       -4.1350795674739089       -2.9816042372025304       -3.9386270667504326       -3.6329719910898395       -3.7677079146923202       -5.8492419621810310     
  -2.2632580884708240      -0.17628777434242676       -1.7107472156787442       -22.477162289388524       -6.3562120554587382       -2.3838927319509420       -3.8629260484592454       -3.3907431354283615       -3.8796702989130898       -2.8361458090520761     
   1.3727968633540718E-006
           1           1           1           1           1           1           1           1           1           1
   1.5104601763898301E-006   1.0706201198304569E-006   1.9418059053402361E-009  -4.0250391186222263        8.0243800524257903E-008   4.2516455793760754E-010
   1.1540922135545894E-008   1.1692417607613296E-008   4.4370386728227239E-009  0.21677547803229527        4.4223089232850803E-009   1.7752887740298805E-011
   2.2877566540410118E-002  -5.6639675405084899     
