   0.0000000000000000        0.0000000000000000        0.0000000000000000        0.0000000000000000        0.0000000000000000        0.0000000000000000        0.0000000000000000        0.0000000000000000        0.0000000000000000        0.0000000000000000     
   3.2649062838541448E-004   2.5421277860543955E-003   1.7519160301924561E-002   3.5520438286853397E-002   2.4344036740156387E-002  0.43394422253031956       0.14384061506536730        9.1513235148924885E-002   1.8241639747015224E-002   1.3897232054792728E-002
  0.83907725674683198       0.50422955854094209       0.40915407786795915       0.32685944203720418       0.54185680278096504       0.31162652965435650       0.32015831061006239       0.39191041759322554       0.43400684583076432       0.42510270254156213     
   6.6179161973553536E-004   5.1845893533400880E-003   3.5289991525667905E-002   7.1538771673917895E-002   4.7482362189924104E-002  0.59975754220893573       0.21453121591209978       0.15817986916934382        3.6478792143518519E-002   2.7024844920266890E-002
  0.74557082895970783       0.62971751382202545       0.39329199190826963       0.41892344648133378       0.44025285255218705       0.43555963351572025       0.38559715904799230       0.58086558570428948       0.60822631588517029       0.37525501437830877     
   1.0081500514179695E-003   7.8713868802365722E-003   5.0723563200623691E-002   9.5879875159197978E-002   6.8854711930277965E-002  0.65086117111797881       0.25053437947605711       0.19593041233314995        5.1622946966767128E-002   4.0005009953113131E-002
  0.66401916240326420       0.51344838923223579       0.42098120067845268       0.45871053205785411       0.42043781498621863       0.43562362421925516       0.39601944765042180       0.36854476500105043       0.69184164685635818       0.35797619478560661     
   1.3957467479325284E-003   1.0702668798073686E-002   6.5891875691132945E-002  0.12118194713306997        9.0274650370091608E-002  0.68704931915935419       0.27887534891754362       0.22695112864168077        6.4443936181911757E-002   5.4599384622949422E-002
  0.56820453190807607       0.57612005232027441       0.45848699297518242       0.49833104976905129       0.51833839112825342       0.40499811432865018       0.50715872159506092       0.44143183491691929       0.37966594069566095       0.43933882636741256     
   1.8099163258243340E-003   1.3677830437607987E-002   8.1119149442785463E-002  0.14023791036712230       0.11239154065236867       0.71489628859015697       0.30193559345057136       0.24551627989805899        7.9652715666740953E-002   7.0926857361785334E-002
  0.54687343913474351       0.54341009225485193       0.38193462249258042       0.47706400353540962       0.43379526611692920       0.40863859351862680       0.40797382617222538       0.46154669382794594       0.50019207109496144       0.45091742036698185     
   2.2621658750965235E-003   1.6797056821809795E-002   9.7530336683211205E-002  0.15670938456549741       0.13359721323939300       0.73652933089608374       0.32200979437525762       0.26461173306463798        9.8125058924579622E-002   8.3485160473940015E-002
  0.44134742501742136       0.47107566803623147       0.40160195291128753       0.35320843463808710       0.42222726561158702       0.39763098387878609       0.51348859335204433       0.57334342912309622       0.48206379337212174       0.40602196762686299     
   2.7513541599831852E-003   2.0066655940325428E-002  0.11541605629703983       0.17552194058476547       0.15304399268670052       0.75537929831721062       0.33914450178679895       0.27784771791650614       0.11637280323461024        9.6575988678839333E-002
  0.48013056861033976       0.57402017420974860       0.46254869501215157       0.42264757929293006       0.41960320848945570       0.38754899710146495       0.39519914937131756       0.46203452194608563       0.55209962353317465       0.40461757552492461     
   3.2841080328574997E-003   2.3457342145680803E-002  0.13311612215583701       0.19429766103488622       0.17205283059780430       0.77146150919013612       0.35559114591021701       0.29037850269548804       0.13449800750992588       0.10982774311906818     
  0.41196565882716429       0.39595960632994670       0.42374976871671233       0.37888818945433816       0.44935226399569095       0.31797758812784827       0.38651072827207444       0.39775166093749825       0.51955884135528074       0.34388316471718355     
   3.9186725340655737E-003   2.7129463621506596E-002  0.14896800748331676       0.20901763684089072       0.18966028414027492       0.78667968124701726       0.37025070431869012       0.30290118738086508       0.15322816732444161       0.12425982746094610     
  0.44296804484445823       0.56946187453018182       0.35115774169209646       0.33133003546227519       0.37189372968252793       0.34919292026582216       0.42559712140325373       0.43688090697976956       0.59985567912055382       0.36506460460416840     
   4.7787882465271077E-003   3.0443875317449378E-002  0.16511639942059234       0.22351124094122274       0.20891439702221462       0.79881844547289527       0.38359376555463320       0.31419102156567474       0.17115058658159149       0.13862056597751804     
  0.57659542465246982       0.41239890866212481       0.39703104906415343       0.36675342943617278       0.38379571948168967       0.34605731785054061       0.46393257726022974       0.41894661345682471       0.43017818917345613       0.32024626001599338     
   5.6447059407316183E-003   3.3612548625864637E-002  0.18118834722479060       0.23873921905667253       0.22734501783593825       0.81070240375801217       0.39513982887294602       0.32526566109691413       0.18843297752508792       0.15302172322981836     
  0.48900346690408247       0.40546294531624943       0.38660398435914306       0.37957368397193547       0.41035200618823214       0.39227596101908785       0.35275630915600353       0.34901494615009093       0.54104474256930890       0.32983335585930984     
   6.5911172907516793E-003   3.7211825626054434E-002  0.19708711511365923       0.25495716085053155       0.24506869187403357       0.82157410965894162       0.40654496741075274       0.33713597720791993       0.20529551850574262       0.16896764275781734     
  0.42674400797305595       0.39875242326046706       0.38089779595048623       0.40650412488114201       0.40954613839764931       0.36283625357629301       0.40866978226841383       0.41966041770068663       0.43878273460491629       0.37736864805617448     
   7.5684085422276027E-003   4.0967734167924791E-002  0.21401541818789982       0.27012251778159019       0.26104790739296918       0.83162413935409063       0.41681599367218575       0.34907333238120747       0.22193912242346681       0.18441859661966725     
  0.40256190895785338       0.42441790610698105       0.40566618420035960       0.44929496509422623       0.47463608234038862       0.33016465320077887       0.38309200682544764       0.50800574692872347       0.42758676176367866       0.46104289184212349     
   8.6074660972680229E-003   4.4564242871584711E-002  0.23057753922431837       0.28445888787201434       0.27698653509229787       0.84083953604209449       0.42809875059524605       0.36059592011229857       0.23911288284282545       0.19924972129196253     
  0.45272937065063068       0.42580792311819493       0.43705367017188307       0.35495545953354357       0.36702184427567308       0.36024198183260298       0.47003546263809498       0.49272026937952362       0.36376279980464338       0.35043644507491323     
   9.7304402530093825E-003   4.8764384116316298E-002  0.24730894533649675       0.29873754013751341       0.29170831480051518       0.84945438906671344       0.43872225595932107       0.37111280701129101       0.25553026762341602       0.21446881654334904     
  0.36846974794355369       0.39191041759322554       0.39303100261146512       0.37147815712437904       0.38053709236775046       0.32341856976461225       0.46454248520869668       0.37591155016476413       0.32078413964957703       0.39364966969335308     
   1.0939225495494255E-002   5.2951128325260645E-002  0.26364117114088415       0.31297603127258689       0.30620246783476218       0.85714161076880724       0.44893002061557918       0.38205733700496397       0.27148316265739048       0.22991496250363849     
  0.41216976260584043       0.37318282344331344       0.39955197419655947       0.35750966732229916       0.41142032263585859       0.34111315456054336       0.39563193854304446       0.47194264517876039       0.36638444314513391       0.42753368435854100     
   1.2300893038823585E-002   5.7400497309752913E-002  0.28030058426064958       0.32840638183620263       0.32019430173496999       0.86417533086828902       0.45836283129959671       0.39302611106623020       0.28774441623127667       0.24512552841004062     
  0.47550332710660653       0.43515693715627668       0.39019202262435443       0.36738367807396410       0.38740574587662152       0.38536460274834006       0.39063081652351844       0.43060531854484396       0.42273763083040400       0.42106875103721841     
   1.3818504682525131E-002   6.2185738101659643E-002  0.29667866655321767       0.34473728186787900       0.33495725173716195       0.87069250153102262       0.46749561609533952       0.40296947087827301       0.30477158989709557       0.25988510595758002     
  0.34788560641978034       0.40717443883795856       0.43735723185810904       0.39126695335588113       0.37363535137917797       0.36566534934144668       0.47010028658973962       0.35424544170881272       0.38840364323770132       0.35908116983953092     
   1.5408166764594949E-002   6.7520049477439711E-002  0.31331662024786039       0.35889896409948741       0.34857155348562996       0.87698686640267398       0.47619949177489479       0.41315048388655817       0.32338302571644045       0.27569984240036077     
  0.40940257854130113       0.44544677989833453       0.45611036858594950       0.35785211135999367       0.47777341113874333       0.38547936429489604       0.41362678990721607       0.33631567112265826       0.53507168082479273       0.43313962070122525     
   1.7109295372195812E-002   7.3494627518782676E-002  0.33037709998956571       0.37391441142837534       0.36219953741742827       0.88297773129029056       0.48466004269315621       0.42361840126204031       0.34102855429425488       0.29324928368276132     
  0.47856522453900224       0.38626078369344713       0.48249832115157271       0.40529906880847794       0.35736958111808564       0.39104790571704384       0.40984055693391613       0.48282822474153680       0.39167359557615616       0.41774320615464650     
   1.8897067220994636E-002   7.9344789812490657E-002  0.34715329578798193       0.39083024005310801       0.37599695891608992       0.88886422881911542       0.49271179380986657       0.43552289968405999       0.35827977702068808       0.31003859284252261     
  0.34182342191126347       0.34787738523284162       0.38516728752192775       0.41760613370536609       0.35349202819995001       0.40944078303987946       0.33552217721952671       0.38627722716352814       0.43217241117705618       0.44176727407793898     
   2.0774144169832358E-002   8.5138033536662952E-002  0.36381757165949469       0.40562398631705471       0.38943552023059469       0.89438470965572392       0.50075673236317286       0.44800536959769649       0.37552886780210171       0.32668671799282045     
  0.35001785657419393       0.36478788159085102       0.46288593876674994       0.37772784174557417       0.42077606948608370       0.32176084504970037       0.39906022605221231       0.40299748261550439       0.41621938727466984       0.36665697724801638     
   2.2874803776605158E-002   9.1093843585317150E-002  0.37939002002695865       0.42126675144539699       0.40313516635499191       0.89953478117908270       0.50833291992050134       0.45955609524208030       0.39303160639320028       0.34284484943270432     
  0.32256269267115623       0.36570773788921629       0.48358042275945984       0.38683594862104381       0.37776124198307887       0.31209296189782126       0.38151110157073459       0.39116235558344109       0.34873984820712806       0.40116448771669894     
   2.5359480439788529E-002   9.7676796601219265E-002  0.39371714006090336       0.43658642701707279       0.41688718759254684       0.90444026767802976       0.51512524434949725       0.47066876212280551       0.41053531351554828       0.35905451126992882     
  0.36387103134708149       0.36659200678693554       0.32291082041834307       0.33671551411910461       0.47396534938242663       0.38188688169808621       0.42492092064475639       0.39268670005587986       0.41667767046689153       0.40688916084067739     
   2.7971918689076287E-002  0.10447873694497847       0.40800251042579166       0.45246197268548582       0.43029295814721435       0.90916829411313438       0.52233742828989771       0.48320191977527788       0.42709867022265330       0.37499144345238605     
  0.40310249773323803       0.35122300261093242       0.35500807496768921       0.40012486439338679       0.36569628870401250       0.39191129058354351       0.44215411960176954       0.43455008410971652       0.30374130832994795       0.35174403485552053     
   3.0869345947912692E-002  0.11154220973493635       0.42214400586834350       0.46857951321813818       0.44359384010308789       0.91364488507036601       0.53063210144480866       0.49509479659766392       0.44263869291213537       0.39070759036173164     
  0.36340638242527112       0.37718141701352093       0.34958395280528354       0.38954455334093668       0.35335644939661121       0.38701334340311427       0.40327252427842863       0.35213573014195448       0.40499114708019973       0.42687918602651836     
   3.3870094123462265E-002  0.11955678434683559       0.43807569045041578       0.48406349826295386       0.45568593245369021       0.91771465136334607       0.53864283805222235       0.50789090864814146       0.45828382386867300       0.40654474253147288     
  0.32948020429790387       0.51117898965371555       0.41304377431460992       0.36088627578706933       0.42673641965409909       0.32624437411109647       0.45784721820186119       0.35277759227932987       0.37091131925171389       0.37086927532459241     
   3.7056423799062779E-002  0.12814116692527136       0.45334834316006140       0.49969351293326719       0.46783617487941087       0.92151277193780545       0.54516554692212238       0.52081526103300324       0.47454655039412874       0.42259852355879163     
  0.36134783614461202       0.39943613285068652       0.34424967511867371       0.42043373826829877       0.38150286000301825       0.33633602012973440       0.35915679647979398       0.37190320800296844       0.38738453073114171       0.39390461604890464     
   4.0516792107836222E-002  0.13638791626158797       0.46941546294582243       0.51511741432173586       0.48000498201810810       0.92518158920032667       0.55124701872132142       0.53480379489327989       0.49005533521529721       0.43906368180228217     
  0.31241635133972800       0.38459536653511034       0.37607989560682525       0.37241787738507981       0.42003918526793588       0.34520886781213855       0.40596489020356924       0.44625413839184724       0.38447974178351413       0.43949653133163125     
   4.4419880104866548E-002  0.14466621022632845       0.48361073990229891       0.52959926982238614       0.49305128654888231       0.92869161913550569       0.55811476974737839       0.54850708138669357       0.50482436917347118       0.45557344900717534     
  0.34557188270145606       0.43656276648487730       0.41566132950385831       0.39000922865822080       0.34099576938032583       0.34750791239075896       0.32144626800803594       0.41664968967891419       0.38294467582852554       0.44188302113035433     
   4.8477283462534639E-002  0.15340481754775701       0.49726627142565805       0.54442375139274879       0.50577973821833133       0.93198653301685852       0.56588740863694675       0.56185801385259027       0.51953029304718212       0.47168958047231296     
  0.38744986917380903       0.37131946611317251       0.32958905980304315       0.49209886287397675       0.41532818653870140       0.38059806037273736       0.43317495448869414       0.43110434208643394       0.38448267798971164       0.35012147581144504     
   5.2826802152674587E-002  0.16290886341532759       0.51384258678725125       0.55857829072040122       0.51754936732688683       0.93513805072849487       0.57391842970008478       0.57488350010037270       0.53503391243572296       0.48776796264424732     
  0.34568312854978139       0.35237760122444339       0.49799206609272983       0.32521714013159075       0.37450408501752613       0.34409591709243725       0.37986892047252296       0.42049826724618233       0.35208791777248494       0.37529423216166097     
   5.7431617524503438E-002  0.17331820097542600       0.53178196024512814       0.57195770876448948       0.52862183259469164       0.93820992504358658       0.58165167399343620       0.58735280433789094       0.55083629171815762       0.50362456849237502     
  0.40412305615623667       0.34798975757882239       0.35518162719890750       0.32618474936229902       0.32284882665838066       0.38175573684241682       0.36319906416539827       0.38530355256302140       0.37813789286504113       0.38138004674974318     
   6.2174269440543481E-002  0.18413443470690666       0.54985932586842556       0.58371177969368060       0.53975941947886097       0.94133678204162929       0.58926263524989997       0.59992964103085067       0.56627174013535342       0.51899195877569881     
  0.36981775883589446       0.34552357503361519       0.43176461239147251       0.36240777585708750       0.35560722135257600       0.38649781438723280       0.45427731905890617       0.39235928475578719       0.33755489706696123       0.43089014715905138     
   6.7107251480102770E-002  0.19512709091824995       0.56796257762675340       0.59475757255179462       0.54974223140830825       0.94445722854272385       0.59664138619030238       0.61189477058539365       0.58112765356942098       0.53393413753736263     
  0.35180237836285227       0.34622420645152374       0.38582435866766818       0.38090103783239171       0.37009785126848765       0.39313205559696424       0.38305306431911962       0.34880946845317196       0.38082864328975008       0.38090255623980340     
   7.2513950129104707E-002  0.20609635734852558       0.58517607924537862       0.60513432245968191       0.56041367429096400       0.94740492781075492       0.60430300226063527       0.62459901497836623       0.59484721401763929       0.54790457884245269     
  0.37946596344596262       0.33288496828520237       0.40718786744326996       0.36475310765653524       0.37850578887873915       0.44495803860220307       0.42211490027652243       0.36328660970731902       0.35736976384063895       0.50894666539719469     
   7.8769216931258740E-002  0.21663073301178293       0.60204307577263594       0.61601957357153569       0.57067586357719369       0.95020250326145317       0.61222593306717898       0.63795454408631813       0.60874067911241303       0.56143149209716681     
  0.38729170641370714       0.37477745480650287       0.43497881410731581       0.43064349636228982       0.36024668656376535       0.42891600032239513       0.40112220186829539       0.39145790559541382       0.35052457883115590       0.37549139258601655     
   8.5714851294317149E-002  0.22765422504465405       0.61732378306508739       0.62769273604248210       0.58144443712750327       0.95287748030530417       0.62015482306712966       0.65122619998619036       0.62257501368383494       0.57493331349464016     
  0.37867615159794449       0.30999599971319780       0.36115193485210001       0.33419079501258703       0.38905588534761193       0.34601326678253236       0.40294366969408069       0.38585809383776826       0.34686468143101606       0.50751712340831412     
   9.3076552750635089E-002  0.23925608640793178       0.63191727938477826       0.63990202430414145       0.59306506312570018       0.95544874119611867       0.62839821535678109       0.66450313731207067       0.63666874537721019       0.58707475982220969     
  0.31883177188823969       0.33452690975916810       0.45772168977368971       0.37986715054188203       0.39814730145515914       0.43293345525859644       0.40177673419531945       0.33706601718726942       0.37492751283554526       0.34525140822841688     
  0.10120092000890808       0.25208247180319987       0.64579653654259861       0.65304769096897186       0.60500881429728659       0.95801340894844988       0.63661191811905404       0.67697873244385409       0.65033230536096165       0.59708006654442691     
  0.34117783479740177       0.37050847332478848       0.39479077315016026       0.39053351907149869       0.36620676817817566       0.45554992237427483       0.41421050324474523       0.32312853744516740       0.39670453424043139       0.35171250830938466     
  0.10984108269610555       0.26605084307879862       0.65919870181950713       0.66598060047547836       0.61844398692051517       0.96064256115897262       0.64462484825590083       0.68919618042748876       0.66370729454306954       0.61203521907990699     
  0.37483416042212453       0.35507258736630926       0.34629706591574849       0.41065057073120026       0.45030460383457349       0.43116178999383481       0.37810470089191917       0.38574525853212743       0.36478990983606197       0.36463724599573549     
  0.11931117841597318       0.28283317235642846       0.67344599814644479       0.67872390658803361       0.63132823771311231       0.96328054922259865       0.65264902204147701       0.70144523481815868       0.67656834733012416       0.62698882263624123     
  0.33904048356695221       0.43468757343869613       0.38307593968249987       0.34894759430924693       0.35668690153698401       0.49061655178148350       0.47379076594403585       0.41526339359828990       0.32337456737074766       0.36457298215169121     
  0.12925216122472716       0.30019932091593032       0.68839765234827277       0.69104957912451970       0.64545281729946158       0.96556908962686272       0.66082923145582828       0.71444442806799624       0.68984542201873533       0.64350281728953207     
  0.34819202993300435       0.41684373248883472       0.42458509430514363       0.42012489586789659       0.36954054194793784       0.42279329079362155       0.42913592073403972       0.41685737959122798       0.39587250607630198       0.47675206309482498     
  0.14084375401583182       0.31668983931703432       0.70264081825094693       0.70301707412356063       0.66009494918336786       0.96770775999264402       0.66891700528978393       0.72864677341701301       0.70342036456242607       0.66148349291206143     
  0.37845150267933902       0.38200834285940893       0.32650721548123612       0.37322182856946112       0.32303828110756050       0.39934600003027204       0.45566265746975343       0.37602799005504611       0.43971302230159742       0.42768080588957225     
  0.15301004346959191       0.33384504734288428       0.71767758662263115       0.71513773745170883       0.67414119236531145       0.96979545993079108       0.67702490146909389       0.74294486711184715       0.71897635176136143       0.67969927769047134     
  0.35794850510889531       0.37641763968405423       0.43895306284367680       0.32975890133907843       0.40413621043930520       0.42225775997951087       0.43377233411619798       0.38869787689595797       0.37525412420275372       0.49048010242831735     
  0.16817469805785015       0.35105847368190701       0.73229296241433062       0.72751847667130320       0.68697968588240099       0.97183028846671859       0.68477904679430301       0.75998545824274943       0.73498614832789766       0.69801570827304038     
  0.37207264583770056       0.35957269705938077       0.43035744362952100       0.36787435325557316       0.33750421870739022       0.41547179576073295       0.37971790409486045       0.40896127167271074       0.39061109188133963       0.39193681278068310     
  0.18372231186379134       0.37059136349353250       0.74580636590463212       0.73999039009712964       0.69984940847553601       0.97382705726571162       0.69242450729731064       0.77731299685385857       0.75063652826511906       0.71616938911587336     
  0.38763266321266948       0.43319299223068092       0.33433282865040448       0.36752607233208673       0.38405635020721590       0.46235929909593410       0.35329466307663054       0.50195519513895670       0.37756405311964075       0.43898915357127954     
  0.19986475535145909       0.39361361527467026       0.75956492313674140       0.75220992781864626       0.71252259677804919       0.97576297099422638       0.69999124734223273       0.79468517391796589       0.76630230586035042       0.73345772554604149     
  0.40784298384325895       0.41503558924543771       0.38805365730853275       0.34115543888432304       0.37346652157995142       0.45996444779237966       0.39174620045701830       0.41236904497435256       0.32154184566887334       0.37599771511294050     
  0.21726903300036468       0.41626906802214586       0.77376972568972113       0.76392674762927171       0.72827673089405465       0.97770304439337219       0.70743989534713692       0.81157624433415976       0.78146305446437292       0.75010588613588769     
  0.37901989411200676       0.37028830804851226       0.37694431689486224       0.42990324367367805       0.47638861924612197       0.48209661430070250       0.38386233843171358       0.37725359713418172       0.36480349180883509       0.44068195242379538     
  0.23682386696198554       0.43988451924860750       0.78831635252693966       0.77534193000850649       0.74448601195342179       0.97942012477828178       0.71685074146256256       0.82763277869656726       0.79655951344236875       0.76677476490782548     
  0.37143752519919976       0.34951043866524134       0.39102539078309645       0.42155412883866139       0.36190735990691003       0.45600511897802593       0.34832271317571023       0.41445590290664974       0.37081093837459461       0.44601364498840185     
  0.25859532188613371       0.46382987226724570       0.80188920445892042       0.78634790843224567       0.76067581688577590       0.98093611395308500       0.72591353450531348       0.84262887707565015       0.81096757128153751       0.78351974984590556     
  0.37692753156518816       0.36790781887531881       0.35432720599763534       0.40448954015673572       0.37217160983296838       0.34338518872919338       0.36168770176840814       0.43373811529525691       0.32285233684634579       0.37471985184989859     
  0.28292655038632447       0.48863414615128647       0.81491768713816781       0.79753328626408493       0.77718907562469441       0.98237236136755068       0.73362035952141957       0.85686580658656708       0.82523186844206375       0.80102393440605235     
  0.33918488029760174       0.36918032697401881       0.40150546739724619       0.37844868647645036       0.44147345200247373       0.36580588101314931       0.46888549478829517       0.37817970829331288       0.34233179285367232       0.41322967543151978     
  0.30901595031403389       0.51466572903617314       0.82824076062277130       0.80919125148805604       0.79419610341974833       0.98378153823150694       0.74133400520267867       0.86973888184886472       0.83966955858253267       0.81896903668402254     
  0.42389310133563429       0.41012628410234075       0.36959871886996454       0.43324220759165399       0.38054150432618372       0.40992059079813936       0.42967577965820708       0.35454625668075507       0.39913565727265710       0.36155860425434877     
  0.33776368298538145       0.54357719837386143       0.84257622101087737       0.82109558450955200       0.81125073900221134       0.98522032530595915       0.74907724254526120       0.88051662311130263       0.85403703263273179       0.83799074839112841     
  0.37644278306117207       0.33724411801584653       0.41054889700858488       0.45612423559813747       0.46908138565197621       0.41434713423757608       0.35979649199314928       0.32304317722887477       0.35108221296668207       0.40788913596908127     
  0.36945579948233814       0.57602707658998098       0.85789851273496531       0.83321117284730317       0.82840891206595357       0.98670821937953812       0.75820720731391955       0.89109679847955836       0.86818713099224909       0.85772053499501300     
  0.37200414836565865       0.37638362128925967       0.40653819297214738       0.40414690099583078       0.39828595091815860       0.37395117159644292       0.38449587416335007       0.43301983012165740       0.36225446947841583       0.42611328299123974     
  0.40589166622270362       0.61263589073049607       0.87453300079704199       0.84528151407290830       0.84481647611847077       0.98822307266611864       0.76915243598906469       0.90225086009952260       0.88290543978900615       0.87642045728169748     
  0.40640565292336517       0.42057069898226390       0.42584390880291928       0.49541235124143307       0.35895478329942510       0.42534005709378392       0.47493859405148575       0.36053451051292279       0.37367823861749017       0.44072805900966244     
  0.44589510378289376       0.65267732325490779       0.89071963461417225       0.85738668570052545       0.85927717180345564       0.98958092822929467       0.78014972308995545       0.91436421381759792       0.89825783159844996       0.89408662871654332     
  0.39133980205129826       0.34145039101379354       0.41472688781758199       0.51804284217665264       0.35638768418430339       0.44990845888781267       0.36856123320137563       0.37997480262328720       0.41453956826772326       0.41269224603067067     
  0.49064545918797681       0.69432266924800312       0.90668729306277751       0.86932581249726704       0.87470532220022912       0.99102184159688611       0.79196719731824183       0.92668072684879188       0.91369937449007710       0.91009555791826735     
  0.41214421960906150       0.40848848372736729       0.48349303404777499       0.38497626900135451       0.43410220641098674       0.43188018586186677       0.34718728842008295       0.37545058586300739       0.41709417001341165       0.40406447211674662     
  0.53949586413431228       0.73855330919500806       0.92188128580851869       0.88287619064096645       0.89275580802708820       0.99247593657291233       0.80470875641751938       0.93922070324953000       0.92930443278487740       0.92470029840941492     
  0.39001365035455166       0.35652080933692609       0.37472671025485760       0.53879117092268292       0.40778425794741718       0.61026836790504146       0.39193103333374024       0.36362826430564854       0.34399909502841092       0.34237386443155143     
  0.59626724145366439       0.78528473359987505       0.93688871518542671       0.89661620783122808       0.91111960278474680       0.99383467446425056       0.81918319129522243       0.95201415698811986       0.94484852371678218       0.93942717308947421     
  0.34286363093763800       0.36381863169859319       0.39317627575312569       0.47086782690648388       0.37651988845663525       0.54990392525968335       0.40100251089895123       0.40612373056525519       0.39105895828940845       0.40598892962976474     
  0.66434551624282223       0.83484980119013508       0.95231376163668258       0.91558902725616353       0.93294358416205625       0.99517315981863164       0.83771058484424021       0.96433940665128914       0.96013514220627261       0.95173527323163254     
  0.37175187882812127       0.44323041842973260       0.45101881646452679       0.53855529695552140       0.53143181565338504       0.57871938204781281       0.36972295621877804       0.41364426379098551       0.36498855666503494       0.45527327968052517     
  0.74490544843305273       0.88711026619824529       0.96631342960773503       0.93187452076780308       0.95452933776189897       0.99669664993738993       0.86132514037076557       0.97607151534639636       0.97469316925835714       0.96605197358396444     
  0.36829446435243085       0.33006877015214547       0.32835122031556047       0.40638107103167453       0.43641192916512328       0.59779075996440723       0.33814066395980563       0.37121144891829838       0.37772080473540576       0.39463354600757589     
  0.85432034160042514       0.94304246397422820       0.98332792521735624       0.96430255762588657       0.97761983478477676       0.99841043091995041       0.91330968832010140       0.98776038031167768       0.98761068394598850       0.98293297649113021     
  0.40557401232431800       0.45276564830937643       0.46285275175209456       0.82996616543602231       0.43898038717593835       0.53350196727935018       0.43311028359642467       0.32921176061573437       0.40282624580207949       0.36164208267401454     
   1.0000000000000000        1.0000000000000000        1.0000000000000000        1.0000000000000000        1.0000000000000000        1.0000000000000000        1.0000000000000000        1.0000000000000000        1.0000000000000000        1.0000000000000000     
  0.33876036595670284       0.40544451411508775       0.43418212856868943       0.39509444031398916       0.48306669916300538       0.44226541481584214       0.29701255626703010       0.34522015347749957       0.52715861428965183       0.45774783340521114     
  -13.470684254643182       -24.815504234269916       -9.3645792288303777       -13.502665779771533       -14.576171715759234       -18.445819604771927       -9.6354914847799353       -10.724834351481848       -8.5860568036317613       -10.797489208742009     
  -15.000767600251438       -10.455253235316080       -14.886958603585596       -10.717760094735358       -13.604300101508679       -12.216471701175259       -12.071505383946114       -10.560584751682088       -15.747487380481116       -16.715278958992794     
  -10.081594084337448       -7.6048090621330378       -12.324382535602458       -11.936773833183032       -9.7262584251527233       -9.8646152334170729       -11.386655187856011       -9.9829082870317958       -12.392083502996705       -12.097061198811378     
  -9.5580593399986320       -4.5282628155975644       -12.579903157511504       -7.8775570276306235       -12.762149186102896       -13.085608570522501       -10.217110618773434       -13.097498031720001       -16.797911956951310       -15.022341213406056     
  -8.0514305670749700       -3.6468993140399579       -8.9829564842869676       -10.387384253165440       -11.711398483575540       -8.3034655910590711       -12.421577410767888       -8.7091545989504713       -8.8385260032390587       -12.712460587309508     
  -12.799784463487297      -0.64679690620236430       -11.051019981240046       -10.693384824324353       -8.5413883163411946       -13.379793260418641       -14.873172629867129       -9.8790130985782572       -11.799194287437814       -13.166151282609810     
  -13.462833413021418        4.1711126263259146       -15.775740839075649       -17.213395709992728       -15.705743306510822       -9.0741377272699797       -10.554930333845663       -12.455683590329315       -12.068716120324082       -6.3724974015150888     
  -10.444089313431377        10.208026180895395       -11.819417279451160       -14.506571034229452       -13.099354089257620       -14.579441266294753       -11.814067649190054       -15.948254572464890       -10.928627817260098       -8.3817555411080598     
   1.0200435031891824E-005
           1           1           1           1           1           1           1           1           1           1
   5.4549410594111109E-006   2.9333906703634419E-006   2.8922774940487251E-008  -13.266437674559626        2.7846919241088066E-007   4.2035532852252904E-010
   9.3301052740131499E-008   1.0647206921372159E-007   4.9694598872385371E-008  0.56158541820116803        4.9677583371964360E-008   6.8975701784616597E-011
   5.0000000000000001E-003  -11.217855226923621     
