   0.0000000000000000        0.0000000000000000        0.0000000000000000        0.0000000000000000        0.0000000000000000        0.0000000000000000        0.0000000000000000        0.0000000000000000        0.0000000000000000        0.0000000000000000     
   4.0084334280533984E-004   6.6160873574728281E-004   1.8296785382555775E-002   1.1200167880840084E-003   1.1884284903026213E-002  0.52821796644658159       0.12504990001724384       0.10547298341798533        1.0513141574000644E-002   1.3901327903692114E-002
  0.67954528472174691       0.51027644613497725       0.45256571964644937       0.43870705906574936       0.40333643211009046       0.40360698353838304       0.34162443855076458       0.34222291067448152       0.50201621669225638       0.40050380175405059     
   8.3078699107385690E-004   1.3374230743628829E-003   3.6258487630912058E-002   2.2561214228196368E-003   2.4694992776423119E-002  0.65738496471158070       0.18043958132250618       0.15552292905179915        2.1144368166132764E-002   2.8186558428713038E-002
  0.64253021392650334       0.53967390845839069       0.42064397501983297       0.73597524601952791       0.36941528142182001       0.63625081759475899       0.50501098845692294       0.43307507082248520       0.55693643239068491       0.36220673781081442     
   1.3010088347430032E-003   2.0647096298850019E-003   5.1959132890386214E-002   3.4139998109040696E-003   3.7879931381875009E-002  0.70728044856298600       0.20719786249525377       0.18788571463574494        3.1951929686260754E-002   4.2938227172287839E-002
  0.56399011439717495       0.53349817052286586       0.45034296396029494       0.65869900153496752       0.46762748868937404       0.53616762035149679       0.49435980321726830       0.43782532666542379       0.41228669152772601       0.39892684352646696     
   1.7870565841214556E-003   2.9476277153581221E-003   6.8621292376073978E-002   4.8312387287110566E-003   5.1045899006441756E-002  0.74340277467612914       0.22874771425995882       0.21071406118035266        4.3624308915554175E-002   5.8087804184986991E-002
  0.58872934520650810       0.49509818737114736       0.45331580474849048       0.57727201612184220       0.51057407209944339       0.56884333964182554       0.43511313955397435       0.40246845063090331       0.43485391311200866       0.45625143733545354     
   2.2746018670042377E-003   3.9594269043744185E-003   8.3628624489330200E-002   6.3263651380674182E-003   6.5575615718972330E-002  0.77033383056777849       0.24753083485465138       0.22897475611507401        5.6675664959896420E-002   7.2416091881482875E-002
  0.55475306930875756       0.50504517185500586       0.39893810312341288       0.69619478841475613       0.50260091987886435       0.50668612232672861       0.39886020341603051       0.44780453217461452       0.65891129473623600       0.39420218175167338     
   2.7626739017837343E-003   5.1179510034557920E-003   9.9580848996619523E-002   7.8936641053192255E-003   7.8521273018230336E-002  0.79182314604572579       0.26409616303087224       0.24400239074351296        7.0280719862466631E-002   8.6107327451613272E-002
  0.52873059697805547       0.48428098466371683       0.44518465803510843       0.64351489753353530       0.48398216080704964       0.48383131621412384       0.38132859234113259       0.34378595114548666       0.72216683099251999       0.35533804877879455     
   3.2792420993003482E-003   6.4449235535544401E-003  0.11579468131655508        9.4971907499118609E-003   9.1529111357405935E-002  0.80979429628511768       0.27779290346350050       0.25676174082875924        8.2753767921178986E-002   9.8361519178908702E-002
  0.48201644464552396       0.47099682658436659       0.42099974962032366       0.45565419078221364       0.47374124894667541       0.39924294291787060       0.36216680617519420       0.47071901116575093       0.63471367360867414       0.37764567121355630     
   3.8233724543540685E-003   7.9838887229777746E-003  0.13139202251112472        1.1000033405228747E-002  0.10475045922892470       0.82492298941644382       0.28989702769155973       0.26841862838818487        9.5076969656124999E-002  0.11010408014589076     
  0.44270043211963261       0.53373326501836749       0.44238160078295080       0.54737039177423386       0.48416011224843392       0.39880157979316133       0.42258759264340590       0.49949773613300580       0.45335791846640383       0.39339529113728045     
   4.5211493037336644E-003   9.7905502454079998E-003  0.14726002955059259        1.2352146924463367E-002  0.11912934631726174       0.83791263574954278       0.30153901890893381       0.27868404586245848       0.10764863716940329       0.12418309811606310     
  0.47267556573970881       0.55049587842494108       0.47587490100390289       0.46342454589088611       0.50287084031453944       0.44338838266842862       0.36285428409187598       0.44039024283054645       0.48130738976113935       0.46710353318902387     
   5.3395777015243819E-003   1.1861100979286655E-002  0.16305708820909459        1.3819798010199422E-002  0.13228513130635716       0.85054563233454217       0.31409061117251863       0.28971974937793071       0.12134122180806681       0.13946584366275888     
  0.53422366241601227       0.42454029712733782       0.44383006087305149       0.57599392852759546       0.38603194828815662       0.37180652608100162       0.40722905906002937       0.54354211993106161       0.52556818473526146       0.48518758960592773     
   6.1793282970419279E-003   1.4163187842678240E-002  0.17875351916709448        1.5309107681163146E-002  0.14525714763861536       0.86112352360346478       0.32653330756300497       0.29993924127629101       0.13600345052503254       0.15384649946589718     
  0.48851389852397475       0.42620716927447794       0.42611256947456899       0.47534867093235622       0.39534290647890047       0.41790817153193732       0.39448439999790730       0.42144226315061512       0.49674579495133731       0.46939743105139758     
   7.0268344596109960E-003   1.6433094299003251E-002  0.19450801424201200        1.6878277262646946E-002  0.15967881509940243       0.87047008450144414       0.33899787047937574       0.30987852251431147       0.15074949404303245       0.16745819783973095     
  0.49625820034550383       0.40945434830006577       0.48375392141683743       0.36362648095134775       0.42362359415575623       0.45160930550616396       0.46571708804374612       0.49653887295232935       0.42775411539515623       0.41503735155262855     
   7.8829015416346203E-003   1.8809373710314169E-002  0.20982932197088336        1.8703279044455196E-002  0.17328490753379980       0.87887854824254663       0.35060362479301960       0.31960841498619597       0.16520960845780472       0.18234028438783836     
  0.43383187613474294       0.40983259247472942       0.39649610116432804       0.41763985156688327       0.48225729697499703       0.40779394413576714       0.46592574942478410       0.46122004269409483       0.46052247764615656       0.46914803852374509     
   8.7633697562715281E-003   2.1447334389341006E-002  0.22498728459647269        2.0680881149240493E-002  0.18251538309445894       0.88663964413573304       0.36204765636038228       0.32938754375534252       0.18106741630007858       0.19766852655854503     
  0.41387224079543844       0.39110246541946087       0.41626556945966059       0.43333179366569147       0.41541118968815471       0.37651158071274782       0.46282491284406846       0.40979633748993333       0.64033478404603061       0.38583728612805118     
   9.7002048800800197E-003   2.4172054020938433E-002  0.24040017841088659        2.2691129516426222E-002  0.19307822065167288       0.89357899808599772       0.37317691972177136       0.33975263919038479       0.19753624296557182       0.21282490098147622     
  0.49368171968850627       0.37790669638441460       0.43399241952779699       0.38013690208488721       0.31488216478739151       0.37916308797048071       0.41279188860193428       0.43193629942896583       0.51323950680373320       0.38662234852460164     
   1.0681004834959497E-002   2.7457975891836829E-002  0.25598132628905784        2.4796097893098092E-002  0.20456770465322952       0.90019127916109554       0.38412576772186829       0.35080020933537931       0.21417708788373041       0.22813464465393013     
  0.40903563196975656       0.40667200219479660       0.41959384173455117       0.49740070658109303       0.37460221157154150       0.34882809104548984       0.39346139864219004       0.43841921264207773       0.44206766485709426       0.48677418269757344     
   1.1705391230174406E-002   3.1159406540648048E-002  0.27160291058673591        2.7060266353465739E-002  0.21869195856257925       0.90633743292734059       0.39469960876074839       0.36161547493666113       0.22998364058321802       0.24383763544662695     
  0.48437762509185522       0.44612872214051796       0.41786362542281125       0.45036532123986117       0.37722885239920328       0.46269460011896146       0.48613714903994953       0.48151478099298434       0.44194985098726453       0.46939323972390162     
   1.2796396978159779E-002   3.5520160300936209E-002  0.28679566979833965        2.9461010735187733E-002  0.23435326484346261       0.91209830741719022       0.40444239720861241       0.37191791247029754       0.24481378517040875       0.26076544062748053     
  0.42698157693920580       0.39281105606040806       0.43342873435467855       0.53288546046456053       0.55487247839956133       0.33100677135661333       0.41885199700093834       0.50792007794326532       0.36911449680237757       0.46803866612113837     
   1.3953213757452638E-002   4.0237307950452127E-002  0.30244463692932155        3.2001914615164752E-002  0.24967728869531680       0.91748002309919496       0.41542760852465321       0.38211030178775052       0.25955468756856809       0.27686970668646255     
  0.41362772808597859       0.40411172418991376       0.41556689962319343       0.51365284583038018       0.39825526303795744       0.39041737509070656       0.37156626065695902       0.41270773101450220       0.38769263686946570       0.49070035462597861     
   1.5200128946115790E-002   4.5466845074513790E-002  0.31889337140873808        3.4551801344931569E-002  0.26571947891830044       0.92250669986158262       0.42761951521876823       0.39241356120799997       0.27488926262192975       0.29340174008887066     
  0.47363712436333838       0.38206263673457169       0.38840832990564456       0.40020060463277474       0.43513488025928843       0.38770563512160255       0.51182136524500077       0.39127348181164373       0.36169834063747364       0.43931013834553945     
   1.6554324458598255E-002   5.1204171587499611E-002  0.33541567781431719        3.7118741614531665E-002  0.28181558541566409       0.92708206570698981       0.43886295220693139       0.40251016145339191       0.29036038394177738       0.31033629296341192     
  0.38908379790073588       0.47107500222179849       0.40010732932787774       0.38717192318707666       0.52716635654000954       0.37304880048867195       0.44257225477723455       0.42209070057707848       0.41930819043958617       0.47563430603443912     
   1.7991829268592115E-002   5.7687563434177629E-002  0.35142501657327668        3.9769305705410173E-002  0.29787784367518400       0.93122267099461131       0.44864206428663356       0.41189527465033560       0.30645404965910156       0.32764178646343189     
  0.45356777109533025       0.44318893215225741       0.46534426308549726       0.43287969929358489       0.42748106910119327       0.38303117113173318       0.47637726974701400       0.37960889467968995       0.34090333241616261       0.38065869284113829     
   1.9522225231932675E-002   6.4779877127185512E-002  0.36732434783518142        4.2374840922375881E-002  0.31453218559019919       0.93531155499410545       0.45804556820825337       0.42125122378865226       0.32142828873534979       0.34464173915973739     
  0.36669255006705481       0.47689778903450331       0.43630149379660177       0.42048816000568684       0.52490369545363791       0.36890387951372922       0.54478922302028576       0.38371730578587543       0.43934517025337744       0.37525251850474778     
   2.1221501057296883E-002   7.2489388425754184E-002  0.38288239438275756        4.5186343590864902E-002  0.33261284614660180       0.93908436567176601       0.46778535916144975       0.43036824484780228       0.33704466481923506       0.36049422495557221     
  0.44520140612459724       0.53482921757500579       0.47102234689232431       0.42360843312451851       0.40648486175224929       0.40529966476900120       0.40802925033585752       0.46259150422256384       0.35784364818605352       0.40047528147343336     
   2.3079480998703716E-002   8.0135279843612142E-002  0.39773081978970681        4.8033244508059694E-002  0.35108536624110259       0.94249497068173804       0.47754113436435519       0.43996934483802957       0.35274343782225998       0.37763178111431578     
  0.42475443233242183       0.42799711975763260       0.37264451793767084       0.40704151856390375       0.40125636062547460       0.38565749886275907       0.36801935973342287       0.47671875273149344       0.39336391726552633       0.40804460406938464     
   2.4987662239816411E-002   8.8252443746901374E-002  0.41230125858748989        5.1179710454413656E-002  0.36873351849872044       0.94571930482797728       0.48707089031158640       0.45024329453792294       0.36890149019397678       0.39355596552800876     
  0.49716975140692909       0.45649915265244578       0.45560739815745732       0.37525947391125708       0.45461189854345246       0.43616417530016255       0.47537674944616237       0.43699508621469302       0.41917464736382132       0.46799370984173710     
   2.7008006499275553E-002   9.6897038615275696E-002  0.42735375435632272        5.4528097374444709E-002  0.38716179619261143       0.94878569766319698       0.49635181197657208       0.46161042126110885       0.38378872358476546       0.40883124034122931     
  0.41876577308985358       0.40121008746343140       0.46762258734571488       0.36646500363339363       0.36601767006872821       0.37631204058114626       0.41263853349821916       0.38071981705835889       0.34499758159132765       0.50321008258889632     
   2.9160754342060599E-002  0.10758999129571736       0.44316213276171595        5.8129947562451226E-002  0.40691658516737028       0.95172464491421027       0.50499937854604093       0.47352135442704341       0.39768241707300106       0.42411376778476212     
  0.36218985251454494       0.41501593598962755       0.45029431479679066       0.39039199358197563       0.52147790303945896       0.39610454231082093       0.45599270503117539       0.41529136967068669       0.46203757451277194       0.43232251084399148     
   3.1478115634560835E-002  0.11985765017674367       0.45921085511582027        6.1949231132902592E-002  0.42700427599635737       0.95450574666126164       0.51319203343098607       0.48533070979716675       0.41242277878066896       0.44094445840973190     
  0.46761742241614518       0.42504499828974751       0.43863678663507993       0.49347153365352364       0.47459713274460436       0.39141179432793721       0.46072607322199111       0.47635418989449352       0.38033312869331137       0.40237463824019598     
   3.3831820807038837E-002  0.13235068105508660       0.47548954706262492        6.5936477556105738E-002  0.44654334099752391       0.95717699414556590       0.52119958561160196       0.49775009460990838       0.42857586951715509       0.45808209420235640     
  0.39426845040787872       0.49155787973230602       0.43269737449236728       0.40312233538152775       0.46753266265583943       0.36485089342689425       0.40912830501533731       0.46791506134034005       0.45749506271280665       0.57190576680283101     
   3.6247353806456280E-002  0.14592447474893736       0.49165276808139358        6.9979666848314359E-002  0.46569406049492151       0.95974325602079447       0.52908371302236612       0.51001359629233578       0.44496246931120026       0.47414624986095477     
  0.38067910954684409       0.48590090838763889       0.44386650711919601       0.38951377325595760       0.37814042287007332       0.37327075775618385       0.50667679167469593       0.43300628448590411       0.36847657423122793       0.47020873259016766     
   3.8769883305512731E-002  0.16046943346428572       0.50795706404103669        7.4191713901303011E-002  0.48482440016855305       0.96216337102088723       0.53706650906071995       0.52198571033847130       0.46224449357274860       0.48905511992805467     
  0.36471857721363787       0.43553547516772900       0.36455465060822528       0.38284749958929881       0.41642344820887839       0.33979194707076726       0.37116176721894090       0.33305483962185523       0.42499810379427422       0.43214492055445825     
   4.1404299574607020E-002  0.17613729864493841       0.52449600692243326        7.8712528810783111E-002  0.50470550328817465       0.96441690262208779       0.54536873275616071       0.53452992350455542       0.47919632436593274       0.50293045496728428     
  0.38265559392353454       0.40685356988628640       0.42647090594389708       0.35889936890793189       0.36496949523826483       0.52273056150985586       0.41654361545795970       0.46863420211357054       0.39678638545992401       0.57238409585056282     
   4.4276431607273188E-002  0.19191495754180762       0.54140210405817235        8.3513551209147524E-002  0.52481848060491720       0.96653244980805253       0.55413693223304916       0.54687240384903124       0.49798716614006772       0.51603115578115399     
  0.35933550655113250       0.39818966863448302       0.48199235993174921       0.42987153428381586       0.40561348828628097       0.44612787346085775       0.34269726573225395       0.41443258509648356       0.37376355840902187       0.48341627597898357     
   4.7239836531260418E-002  0.20736261998103378       0.55883826553031424        8.8435262827936040E-002  0.54470523993637865       0.96857714255236482       0.56349600525408394       0.55990385150135780       0.51720349398958243       0.52979733818989738     
  0.37348943897709380       0.52546049781734561       0.46619891172774719       0.42415782092366355       0.39447219055410615       0.39531165824623538       0.44403345019715884       0.41092193960774770       0.44440950353583764       0.39413533991531008     
   5.0462857478221344E-002  0.22290619280397908       0.57641051202831328        9.3332687875274337E-002  0.56373776206721282       0.97048123831815192       0.57298484601122124       0.57281091709870380       0.53589848835847609       0.54550382121139762     
  0.41337800676143788       0.41847704899372157       0.44033834303971614       0.36025094824038595       0.39446409127887477       0.36132205404172962       0.54166614406601687       0.38824264097178202       0.48484798075224633       0.42909527545037751     
   5.3885807490739374E-002  0.23956914732553541       0.59401718722606089        9.8337338609510078E-002  0.58258388305903253       0.97230983535523507       0.58217415991886767       0.58691050095207675       0.55451154008539805       0.56204619929088684     
  0.34530235272535548       0.42753657763416142       0.53492625275219030       0.43713384688544293       0.42937432710587708       0.41512479084111498       0.37199623805871146       0.45573164357485424       0.48093205166475284       0.36764204237737463     
   5.7505103972814907E-002  0.25902768337996052       0.61178815233582773       0.10378352033536961       0.60154849351325190       0.97403342021903894       0.59092452923111638       0.60127583575470089       0.57109919796410513       0.57792145056901023     
  0.36663638004678401       0.37912932721782805       0.47089928601738629       0.41154852099722350       0.35041872637289950       0.44298897409282456       0.50845942472507122       0.46654315290639686       0.45572118773280662       0.37930904642887048     
   6.1265971414045182E-002  0.28171143678953908       0.62790073744916075       0.10967139976466729       0.62028019734728312       0.97569863020897796       0.59928512920981736       0.61519483010174558       0.58632085408991819       0.59366793146192787     
  0.34777112521655740       0.38490691099355473       0.41297486815951873       0.34702994928727587       0.41493969400591113       0.37139195076917203       0.50382206661407536       0.43388521237076605       0.36637927342428184       0.39059347675250328     
   6.5276179904746212E-002  0.30204749671028358       0.64148473776892267       0.11595680763873044       0.63776495151350698       0.97729797497463899       0.60764982967037706       0.62809039575708647       0.60260174670382238       0.60948744520814835     
  0.35115658378843656       0.44029298167001069       0.35828971456746633       0.34679448869499457       0.36935274780200011       0.43347526503260320       0.42741931900099778       0.39385652160888601       0.34232962390946031       0.45987375287571641     
   6.9775234681574566E-002  0.31943276958190464       0.65422118663046702       0.12262609162474603       0.65484238942455153       0.97880661087617649       0.61611347577373976       0.64213001268149761       0.61911619255801564       0.62546109643236270     
  0.40859521639542423       0.37066144736210060       0.41515259480920241       0.35900207263923711       0.44410396888512715       0.37507516507784106       0.36712918194873589       0.50590995562079200       0.43487001783110429       0.44623724893805955     
   7.4529319754874909E-002  0.34072341982336557       0.66560064636684024       0.12961870858966304       0.67240989611004398       0.98027787464195082       0.62433861961464521       0.65663479532800761       0.63566735490798976       0.64201628017903034     
  0.36470754975193237       0.43438697825131539       0.38087579789963788       0.44618172343504842       0.46132228643957596       0.37678362225215234       0.46860770025675530       0.43968302666307196       0.44681004604210378       0.49482419865147004     
   7.9560390706757050E-002  0.36473647543290633       0.67953042768416572       0.13676822822302676       0.69012411587783007       0.98160945150714651       0.63263534732859927       0.67128652939864064       0.65288237099503255       0.65967459499609482     
  0.36886926913398638       0.39581310789249280       0.43100766020662645       0.34258301502220451       0.36705373908733480       0.41431317371536530       0.40803836530218740       0.45012873768874373       0.43941520806731393       0.44694957455976952     
   8.4987566221750424E-002  0.38743680130316516       0.69471978256097766       0.14441687911287238       0.70728398367074929       0.98297104270426561       0.64218529587088258       0.68623288989214448       0.67068857477034283       0.67822564494231097     
  0.36923985012238408       0.40962655642871831       0.41985415785303376       0.39584810290781614       0.42619033998687400       0.44064571362985161       0.49814829768089097       0.43037781393546998       0.48765701200747796       0.46852147204101030     
   9.0687021389209269E-002  0.40970911073080307       0.71092625916543417       0.15307829540157999       0.72401890408772218       0.98434616360970617       0.65204582698042790       0.69995182412999046       0.68799314853224502       0.69641433600883795     
  0.38530177372941876       0.38398413751872751       0.44487244380276708       0.42130127287474334       0.49434012710435721       0.44570411325118925       0.47261002300294802       0.45058078171733645       0.37064789447054669       0.47858659291168937     
   9.6914556641630595E-002  0.43299582319209401       0.72767875842840790       0.16277083599349815       0.73981987823009943       0.98559189092716470       0.66185888579756058       0.71367808016811729       0.70438446221051554       0.71342836102482754     
  0.36920923387285076       0.48767176393124417       0.52409133875827163       0.35869161725672888       0.39089457921138487       0.35682618645832920       0.42619007885815507       0.46972225789676569       0.40986092409827590       0.42696462822125270     
  0.10315910371823218       0.45731022928048615       0.74391079518401293       0.17234932830227431       0.75538538389313914       0.98678444124523734       0.67178754110377326       0.72751193700212968       0.72112963923312801       0.72901501033474536     
  0.37692210591825714       0.41160516718116602       0.40875102768574617       0.45035466341161889       0.39343823262553412       0.48674790647032018       0.51968562712978572       0.41822556574315883       0.43779098744685829       0.44191829245068831     
  0.11045731482134971       0.48241677171132874       0.75935052087322130       0.18227524813962295       0.77024187468025163       0.98796478323623704       0.68213897377796995       0.74219903157231915       0.73857696458526201       0.74432414344317721     
  0.41243789849136830       0.43577829312004118       0.51612401907469319       0.41559934876723620       0.44478100260105674       0.43062822596634998       0.52415994131953991       0.38162406988589587       0.39526040473012691       0.41185321671578218     
  0.11847165233416487       0.50752833904526784       0.77565584333399085       0.19225565924732327       0.78510696154438553       0.98909719279010522       0.69295043205864548       0.75871586308758654       0.75661700596584214       0.76065524105846760     
  0.45782622163419173       0.43857459402557597       0.49143242771171891       0.40174014106576500       0.39712508128246976       0.51422113503754274       0.41442448152066702       0.47275428327055019       0.37535526364616906       0.36598153928214455     
  0.12682405502080177       0.53338427552098033       0.79159641863665819       0.20238853721456609       0.80055431293075519       0.99016211528134035       0.70179677796963336       0.77678743188717303       0.77582350365503006       0.77804966142349485     
  0.35725186795404273       0.37098986470144424       0.37401203551132350       0.39554642317216510       0.40226612641591986       0.49292104016501953       0.43104140889527021       0.47043351590108184       0.47994585251580413       0.44826852555737540     
  0.13617628244208171       0.56108262260828556       0.80758718355598280       0.21350677096950771       0.81579053149277692       0.99119574515387388       0.70872199250347967       0.79614135894881322       0.79609107583451466       0.79564649943984012     
  0.44784590071471814       0.43026843121729774       0.44408292518922388       0.33607683625787166       0.48111991296617979       0.52982989954209481       0.37367581818267259       0.47461838118639071       0.45101132783976411       0.47574022226573481     
  0.14731407751067965       0.58980930792666009       0.82199518274948380       0.22650935034954420       0.83022893111318874       0.99220631170075824       0.71581361783954534       0.81308307660840895       0.81476434701374101       0.81227853797177807     
  0.42746295153226910       0.42473696614353545       0.40570192534758093       0.36660356434552216       0.52780366681809832       0.46856703800666971       0.34996700771666861       0.40211674238718792       0.47306802847898127       0.44201232523907896     
  0.15966602532172713       0.61932475291663114       0.83593947423532422       0.24111534190576805       0.84475206419788129       0.99313306566630399       0.72299727297865002       0.82836995184649209       0.83270531294133621       0.82880499192941881     
  0.50894188413616015       0.36238325099231833       0.45743450983508133       0.39892438661586999       0.47019892278899561       0.49053483948276627       0.38999173202638171       0.44170218149255575       0.45229201380782358       0.42450253383068326     
  0.17460537214815983       0.65077444906039972       0.85043450962050393       0.25611009051277966       0.85892041389449481       0.99396935938405095       0.73199232495670963       0.84259654381345139       0.84995958541851258       0.84505914686634176     
  0.42189736546653572       0.44731263399083110       0.41808088307209951       0.37329257345784589       0.41610982077868436       0.55548303969754498       0.42882441284263484       0.41771475109658524       0.46375307582143732       0.45695630777632218     
  0.19032843008732822       0.68318526798437229       0.86652420526177143       0.27380617242948374       0.87327368670856220       0.99479234376158177       0.74392810359646455       0.85819829586678287       0.86364673103570511       0.86110104789868980     
  0.45421323980260064       0.36171165407843769       0.53094210784456852       0.39638389182988848       0.41682311989716914       0.47537376519829527       0.46616981058891555       0.48438695194745612       0.33969331771357547       0.40800964485232938     
  0.20724200268030976       0.71641705867595273       0.87919181502173804       0.29423100117019030       0.88705701634188783       0.99558270771036317       0.75652943775826043       0.87579062063393487       0.87837423867326914       0.87732806241607209     
  0.41335723677978981       0.45900485973682331       0.40420402587125992       0.49058650425054523       0.40125413782291575       0.57650145594032554       0.40955638021873725       0.45201639858168363       0.37751605720467085       0.46602171472440368     
  0.22715876131760124       0.75096802664726436       0.89176708480990063       0.31768119929041616       0.90031874284257141       0.99634124461502449       0.76946916904292717       0.89371679813526372       0.89251176380882180       0.89432065243281422     
  0.40293254939683421       0.42105197839294944       0.40684712676626850       0.36031978176523927       0.46165964582140334       0.61827741634625888       0.51863899567044480       0.46682888041132309       0.37298496058823150       0.54518443144020878     
  0.25217206579048618       0.78743185838390106       0.90408798184277828       0.34521319775134768       0.91314989870574603       0.99701496143735291       0.78353565732685393       0.91114356117471662       0.90661995635015691       0.91051944891648551     
  0.42990353296316969       0.61359638229554225       0.37358674521111557       0.42696112109655621       0.40966866348612319       0.48783194911864747       0.39381382267034604       0.55463535490257077       0.42454333246684167       0.45166657584561459     
  0.28282599658814161       0.82458498120288981       0.91715482515847713       0.37872666115494386       0.92721790377739310       0.99759224657889012       0.79889251852414034       0.92839602887710315       0.92258374782528174       0.92639297342732918     
  0.52588820461037644       0.41871880455730881       0.45888426089868306       0.51771284524802907       0.48239693666647548       0.50148761614440285       0.54662298710769719       0.42193335528911835       0.39745651994319919       0.42371434622894621     
  0.31873260840913409       0.86184971781909625       0.93329524088387106       0.41842573395571914       0.94218271680268206       0.99815722986974753       0.81422131448507429       0.94550347694868175       0.93855536126139316       0.94220728520594599     
  0.37322535175776705       0.44024008013783195       0.53817995950487996       0.55891545002976295       0.55487363533765355       0.64817558649848339       0.52167357892234478       0.48206017731659778       0.41445894927295768       0.46567692926494964     
  0.36464610770841888       0.89880358706541619       0.94926983683048738       0.46775077600798509       0.95596113538721239       0.99869515823306498       0.83187643113716436       0.96217984082067654       0.95549595270290788       0.95739109340790784     
  0.51914057982708117       0.41647382145024892       0.38903042336267274       0.37835278608866374       0.52823366308275355       0.48359367295333422       0.50137233115898849       0.42755805059000779       0.42593015280534624       0.38886125759900697     
  0.43365491031559966       0.93313362191643567       0.96471159089695513       0.53672062527053688       0.96993868988935694       0.99916885320794635       0.85554641342123505       0.97609210268121338       0.97214644343766499       0.97155293949079369     
  0.42177849817622809       0.37215958315830722       0.49628429866517931       0.49546436869098198       0.44258771322989487       0.66816511732530648       0.44334622638428223       0.40104553725333153       0.42616976403366502       0.41957542848773149     
  0.58233389966589710       0.96656764587050326       0.98323653364636254       0.66900425558944798       0.98299060518611392       0.99959823557781236       0.90005035935669175       0.98820304764143874       0.98633932696394622       0.98604587961221979     
  0.62181471328968807       0.38860648486054067       0.40871233099456794       0.45278167491155319       0.47855088148380809       0.40928026138564622       0.48142978666389485       0.40775324777023070       0.43647404014812641       0.44889943477340638     
   1.0000000000000000        1.0000000000000000        1.0000000000000000        1.0000000000000000        1.0000000000000000        1.0000000000000000        1.0000000000000000        1.0000000000000000        1.0000000000000000        1.0000000000000000     
  0.47040598678413009       0.42556008626506020       0.42402088610115879       0.56189806389017871       0.55741081645026924       0.34767653172013335       0.35976585209023165       0.37428212162111807       0.41811571168250200       0.41339708046424140     
  -20.324105917485927       -15.523402095929169       -9.2688837345157147       -13.117575982464478       -12.579845685301024       -6.9358253445765810       -15.225507417636523       -9.7599607511988538       -14.098614651104809       -13.126409482723570     
  -6.1289154228769025       -12.577361027415291       -14.953508894197160       -11.826680865848850       -10.776329509043478       -10.989483505499207       -10.427951549444050       -15.335758482254944       -11.534333019914150       -10.827183640556218     
  -2.4548793938971456       -13.033669522953018       -14.828365744228769       -11.566231333809561       -13.347678196214181       -9.4844214943778606       -13.227235349808192       -17.961676400566173       -17.803708760643747       -11.837197843764516     
  0.11478174643241963       -13.446736513195505       -10.903976140398765       -10.201770834820184       -14.862184145538476       -12.485267048241242       -16.784480400253120       -15.731217845417259       -10.885120969137779       -18.133086610607936     
 -0.66554470854285075       -10.301156723162517       -7.7171815550183736       -10.724253703197505       -15.217167268806879       -11.867458530587429       -11.032832552591449       -10.922487320230587       -12.309618558251453       -11.748827054178157     
   1.1138271434210401       -6.0268847740143281       -10.560866043432792       -18.655672292096806       -15.023140289479308       -9.6039366385584906       -9.8168087986782417       -11.568614501648760       -11.812099661938822       -16.150179727291651     
   6.0451342452248094       -12.258758906380933       -14.211464548517531       -9.4654466930579524       -8.5394572126004320       -13.774067756035809       -12.052232100751011       -9.0138289277357817       -9.8393795948883067       -11.569308645377857     
   8.6334074180645146       -4.1585185254451877       -16.697723143988579       -26.399767773449188       -8.5434200841256764       -13.203808665471653       -14.961309004160480       -10.953287591760539       -10.969819527132167       -12.679013069592065     
   7.8520203981700428E-006
           1           1           1           1           1           1           1           1           1           1
   7.5500531117847089E-006   3.8549180926386706E-006   4.3852100406600837E-009  -15.593365325080363        2.4224318373234133E-007   2.3294962668146079E-010
   8.0580178649114747E-008   6.4806596093654497E-008   2.9018034700490900E-008  0.49371875039300128        2.9006948927757966E-008   2.1287224129958726E-011
   5.0000000000000001E-003  -13.403387066946456     
