   0.0000000000000000        0.0000000000000000        0.0000000000000000        0.0000000000000000        0.0000000000000000        0.0000000000000000        0.0000000000000000        0.0000000000000000        0.0000000000000000        0.0000000000000000     
   2.3940884440073976E-002   2.8028736454331977E-002   1.6064079489579525E-002   3.1293505437991767E-002   1.4402797927507748E-002  0.23020301395044418        7.4072252466813135E-002   8.3067731365934844E-002   3.8127158468655852E-002   1.3741559333743285E-002
  0.31666544677719699       0.30459614981899863       0.33225918407876676       0.34530667962894757       0.29597996179119535       0.32205655555429019       0.27500726014555710       0.27500726014555710       0.37458678131921730       0.39268296244948503     
   4.5872401654077216E-002   5.5278962726059359E-002   3.2028290329596761E-002   6.0235670154968397E-002   2.8743511118755023E-002  0.35376434142656499       0.12487425146338443       0.14737190218103188        7.5421748986961190E-002   2.7447390816791081E-002
  0.28705043118848034       0.29712649751839698       0.39339860412329020       0.39284508767503856       0.37346755879070226       0.66786712873273990       0.33679721629118292       0.34950252649784203       0.47562198785314730       0.41492535932381552     
   6.3619194848938854E-002   7.9573738241724076E-002   4.7686517613642253E-002   8.1812985340721414E-002   4.3994024389828808E-002  0.39784863762447287       0.15133996499629321       0.18985501642420508       0.10637107509658003        4.1757801351554470E-002
  0.33947099077113047       0.31375057960028563       0.36639288465052383       0.36507523480648407       0.34357854965520390       0.41662785137866676       0.31898438680661001       0.30074949133713497       0.50342438320535132       0.31955297871597960     
   8.0961470485968259E-002  0.10362869515197605        6.2726225506773814E-002  0.10278617793402001        5.9215719486537498E-002  0.42952505310366340       0.17241374568216680       0.22069168074102341       0.13560262560879649        5.6189351611435262E-002
  0.32609698510264146       0.33525270048091449       0.29323768654055354       0.49681545532657478       0.32127834451077886       0.43330477911841786       0.39361491847325264       0.32882925874146579       0.38602756897398061       0.31708125857175495     
   9.6835333577525648E-002  0.12629549785263167        7.8435018499438472E-002  0.12035654642380320        7.4637766146202530E-002  0.45325233617956534       0.18808051245292728       0.24464965331788269       0.16118021021494194        7.1104260596965063E-002
  0.31600029007150876       0.31072500847290863       0.32064925331560762       0.38721667035312918       0.40665224859236371       0.38406133291253186       0.32539889801352789       0.34155827191028243       0.42488975144816449       0.31780509576660981     
  0.11299265838550333       0.14825047478426226        9.4644793033991689E-002  0.13814749023805595        9.0313109887125251E-002  0.47127521799678057       0.20334045934546691       0.26309225518690998       0.18580238478891006        8.6793216850225674E-002
  0.31803515146335115       0.29843089208509488       0.34403491226080285       0.28863495850323068       0.28441796933951968       0.34528766356405144       0.33828686609454384       0.38462323958379269       0.35431080207458093       0.33967176112064135     
  0.13021054892261416       0.16906252908588171       0.11115867551256051       0.15506581416519918       0.10504741111161285       0.48511867359002986       0.21754200419950415       0.27924858710857992       0.20857358269962389       0.10002807772833419     
  0.36278059515881295       0.29961680855612649       0.39963182299201339       0.33648825535556998       0.31822528902554559       0.33602997673720808       0.36175046805325040       0.30532756644123249       0.38962264933077556       0.29602144517078804     
  0.14742060794866130       0.18890965534525639       0.12798853052966358       0.17171696639561271       0.12030282933562368       0.50143178291466484       0.23122800809519256       0.29413705908989746       0.23037484338919378       0.11274121497201968     
  0.35524198699302789       0.29901756272411373       0.33277275601332929       0.39905110944186123       0.30253442944906339       0.29367664074667860       0.39259445362590717       0.33632053446972165       0.34578752669937973       0.26815769563187386     
  0.16411088724874098       0.20749671121644958       0.14433977861468619       0.18645793829254095       0.13683884937369239       0.51710659945905635       0.24286136762732793       0.30877976624336362       0.24977480453535583       0.12790377663161709     
  0.38636576731539851       0.35712394625776328       0.35182273445465423       0.32422341918240299       0.28516795453247484       0.35111783895487692       0.32858324569477920       0.34518107888077981       0.34560542094045943       0.29713712527457820     
  0.18034284711393603       0.22600762871101129       0.16023133764471645       0.20113417714858361       0.15294147354136156       0.53211338014370524       0.25457474231602939       0.32220569643981017       0.26958130911155537       0.14306500557432811     
  0.30262270718277479       0.30030459812591276       0.34857009892021135       0.31967518445697252       0.35254215772291514       0.29554180298148802       0.35108673733883683       0.28184394267215274       0.35582123499404594       0.32707435759340736     
  0.19707959439397421       0.24418916372624955       0.17584116592782900       0.21589744499080255       0.16912936817249208       0.54702760202488543       0.26651488612275137       0.33518121606290635       0.28982958007737553       0.15983726392635306     
  0.36974878017321139       0.35549521772302317       0.31782595890594117       0.32457423969712629       0.32649228317768070       0.26857076501347282       0.27419651251403793       0.31444135636994963       0.34427191522230816       0.32542460558121983     
  0.21365970042840568       0.26112903541513144       0.19160718626829787       0.23066238428865507       0.18543075182002280       0.56034115557630060       0.27848598351964698       0.34794775186798310       0.30978525974991311       0.17664469496664956     
  0.29840910431366985       0.33107089505846804       0.31240083333703289       0.28981457541598599       0.34593141775092850       0.29655672785903742       0.33441711000388952       0.32235823475109415       0.32927781697546260       0.30709291896755564     
  0.23017131623864298       0.27724305940698329       0.20499179715756194       0.24519412135582655       0.20151445973294896       0.57359242625172557       0.28963382108448771       0.36080186604168946       0.32916506379527682       0.19357879413730392     
  0.36247111606800669       0.28390856804640696       0.26060287871447796       0.32591512434373110       0.38820400021894241       0.31347798063777332       0.32715895711617676       0.34625807613389320       0.36434773758110972       0.33018685631563893     
  0.24677112285267380       0.29360005964771296       0.21736822075716367       0.26003073415426281       0.21664182686300618       0.58712933566323644       0.30088728762604466       0.37402907009715636       0.34781885673261420       0.21051207628968638     
  0.29713901635975865       0.29568522772202122       0.33452220336535837       0.34163144477139790       0.37028975190249169       0.34306795850146532       0.33530481324381023       0.37987530096832806       0.35292107738665512       0.34210526006322772     
  0.26297673897559476       0.31012668428558920       0.23194912376760704       0.27427232706971305       0.23064902122012873       0.60040308262058462       0.31122776271762453       0.38738785548446525       0.36574164561789479       0.22668153905351693     
  0.31909850201524820       0.35385224576644264       0.31720938395526105       0.31020235997724671       0.28134613316647217       0.40843090134180771       0.28962347560658308       0.31274985917840792       0.34478219716494324       0.29697619358709304     
  0.27889730295179577       0.32574659925204158       0.24678181543304922       0.28825070425312649       0.24514505295441771       0.61288232759478123       0.32149656063051468       0.40060163639691826       0.38334582055624666       0.24286757418977239     
  0.36613358071356750       0.32808387928898958       0.31757444687847119       0.34356100435194825       0.30765838431846476       0.29284542550036785       0.37025161045855720       0.30309446531784973       0.33189181376695115       0.32135707216838583     
  0.29516556785104309       0.34079293115512832       0.26372894318632950       0.30210631042083747       0.26027994634510238       0.62512788657103124       0.33087006736162755       0.41356773616511022       0.40065946887629877       0.25917029000772357     
  0.31118892634088430       0.29196970297004382       0.36246409714020145       0.34585963957125837       0.31172130206660414       0.30497806881561584       0.31995500422433343       0.35295281173571580       0.33617503797145737       0.29694105572185442     
  0.31142287159372622       0.35564726431232074       0.28039812526496538       0.31575747757749972       0.27580322329575374       0.63698740790507458       0.34040899917941952       0.42656300242603740       0.41754913168234925       0.27566263829862314     
  0.33431276859544795       0.33559962020823270       0.34499231770918126       0.31953097210586717       0.31413386344112731       0.28506352845653171       0.28881165032553557       0.32461013966308977       0.36687255075902403       0.33903560865786847     
  0.32705813678133927       0.37024213126674144       0.29682500609200579       0.32968292235775515       0.29122942496776805       0.64874526228007623       0.34949630929346903       0.43947232890031224       0.43445502789485263       0.29169388130456703     
  0.29197226841208479       0.32430878653112166       0.31200738809865741       0.34298524822329768       0.30971128595985598       0.32786395355391562       0.30196928035681547       0.33334156622126604       0.31821749447101721       0.27997224485280192     
  0.34274784674138831       0.38502609637277774       0.31322528266348559       0.34367001841623673       0.30700069015999643       0.66036905527420620       0.35871252153345456       0.45235747636695600       0.45060139263603827       0.30775794367307879     
  0.33193763696057438       0.31323175309903062       0.28368016806040292       0.28263388736887451       0.34871067471096562       0.38110312812355829       0.29364464698059611       0.39128737611914521       0.29780571168269215       0.32808387928898958     
  0.35877366683106676       0.39947659382903750       0.33026803638500740       0.35657140027642026       0.32236567906999530       0.67175880401639954       0.36858873456368052       0.46533586372956642       0.46634924721629240       0.32375292764615393     
  0.34318844819205313       0.31678030167138760       0.30650429218534614       0.33110932174909213       0.31353210770735196       0.32442892434457782       0.33969220732741268       0.29837036497646074       0.33157149539096337       0.32409854369352464     
  0.37495709216805190       0.41348111576662683       0.34706564664202022       0.36982215571212840       0.33802752751180842       0.68278000715747367       0.37833689784560315       0.47691455138890382       0.48144754783899019       0.34016684747568926     
  0.30671307841402212       0.31603922700896303       0.35088051092732769       0.29169463254733285       0.35079215084627274       0.30942517845633410       0.30040037171312728       0.29985296839360254       0.32163093897440109       0.28719964821047628     
  0.39125900243869088       0.42735043005438966       0.36367739805346844       0.38083001839375658       0.35404089164609981       0.69362630830288141       0.38760445479628597       0.48759121114845250       0.49610996061207363       0.35776165022670608     
  0.38875253373329421       0.30722368830810937       0.38125852587018993       0.28610686573475175       0.31541643423679411       0.33376350115490233       0.29777299108910177       0.26440536878577819       0.34145149489441912       0.37758484452187135     
  0.40789672076693101       0.44119351179549748       0.38024453591003793       0.39188417532343922       0.36941790816013931       0.70381426187546603       0.39687907771927550       0.49880159211164943       0.51112934170107016       0.37507776620027372     
  0.33242863722505989       0.34520853792671358       0.31821145189701272       0.28434716043008873       0.29558714328478525       0.34139629932540755       0.30900565574642103       0.27705079262639504       0.31422613266090760       0.39302431615038363     
  0.42446073342072704       0.45504911312070601       0.39550151831677288       0.40464406637994005       0.38412268484534884       0.71399452575904920       0.40543832436375121       0.51005643048828897       0.52624945661050182       0.39157216200619988     
  0.29696580054600069       0.38077964693936911       0.31824824020100279       0.32154545424794867       0.33851350755144527       0.30459463693517497       0.34474672564253594       0.34636068816972149       0.32368643098599359       0.29829660094225641     
  0.44076328619307531       0.46910655860480521       0.41057504648920118       0.41736557735553598       0.39846366021301383       0.72374134896590392       0.41428081654517185       0.52275754197249569       0.54053914628447508       0.40749059084584871     
  0.33891466761502542       0.34692483952139730       0.32789751619296764       0.30488513616053797       0.28682427339528083       0.26785916356641626       0.34532169822730835       0.32932260852938960       0.34489350402647528       0.30450136082959212     
  0.45670245854318975       0.48328480033040883       0.42727496472144283       0.43060160787994622       0.41251386111245320       0.73363540894814683       0.42351338152126733       0.53641224485855832       0.55452050723595703       0.42303217162432932     
  0.34902040903933834       0.32561348062818668       0.32109463597904470       0.28895138072444265       0.28458120967252437       0.35038550136317137       0.28057058774249027       0.29661223054691105       0.33990037176113591       0.28829382150117749     
  0.47252774478369031       0.49724554952053485       0.44351539358656172       0.44384285864877276       0.42714774701369151       0.74352835987060117       0.43257318480888274       0.55037691443498493       0.56844585111038071       0.43864749460937541     
  0.31398271547760631       0.33267463282656046       0.32188283969335052       0.28871243595111379       0.31892945002462780       0.30850130864948699       0.32199384747806503       0.32580523893542485       0.29901697979985170       0.34140054745275283     
  0.48851743280042581       0.51059087460639696       0.46005835425347724       0.45771905234079296       0.44266934146034009       0.75359486848237867       0.44249992521475989       0.56429082759764115       0.58231331943718367       0.45395124126353037     
  0.34063075881288746       0.33282417936894232       0.30936175679805789       0.27943294112716827       0.36911793249079156       0.37900962306720282       0.38387768519209442       0.31821267485006871       0.30907084683330388       0.30649485603141663     
  0.50451233385810135       0.52390867696954790       0.47645446988972673       0.47152997199350322       0.45844475885217140       0.76262755203736243       0.45229320667361445       0.57790428631060675       0.59516552440573833       0.46922929971577504     
  0.30845201409080791       0.31223188148711317       0.31104865307403895       0.31191294000175246       0.31326282499251562       0.31462807352184996       0.31156298797912679       0.37254474153314032       0.31592718599311931       0.33277951943604939     
  0.52070589654340826       0.53789637938989421       0.49278295757723040       0.48513394743633104       0.47374044247536901       0.77176461952792208       0.46182537512470723       0.59143047273309290       0.60778077412829390       0.48419909615102885     
  0.36468398795383228       0.30143602965223665       0.30329813610709316       0.30887848121355460       0.31031736806894372       0.38567689020340346       0.29791263967409948       0.34478467867377927       0.29108970300289061       0.31748191865585274     
  0.53692673178474926       0.55143701667761624       0.50910235798771986       0.49903001550847070       0.48904913703706598       0.77968673376704034       0.47101666951970395       0.60498114573119688       0.62001978761277354       0.49912774766807372     
  0.29098052171592875       0.32469896965890144       0.32460623353054302       0.31133829090872811       0.33300412390101319       0.29101128488853278       0.31133529435827917       0.33231146482192642       0.31246659389731801       0.29512482680513286     
  0.55324058969529166       0.56405468048924445       0.52411232555491205       0.51350764718763431       0.50481986746978258       0.78768687518968705       0.48057184643388640       0.61869307893432779       0.63218855855180778       0.51459216928638640     
  0.34734999818246654       0.32539240602758962       0.35163631210179336       0.27725300661678476       0.30157784958809863       0.29758107129574030       0.33378195052044407       0.32382664667470268       0.31225913633959340       0.31912342128092763     
  0.56965207978423604       0.57686122073123391       0.53888671719930337       0.52817759833733235       0.52091516243685154       0.79567191356770095       0.49032873818252959       0.63224375268488886       0.64457759336140341       0.53038322507831592     
  0.31630093917367258       0.39143856654284137       0.31578565652531265       0.27821136465040258       0.37948282564576674       0.32257589608895681       0.29746792078368040       0.28578614854387485       0.29633020916050523       0.28456790158767287     
  0.58596336779786717       0.58990237425735070       0.55371087058155544       0.54315593662507922       0.53759536646892436       0.80347713009998001       0.50006576479116993       0.64589619288013200       0.65709851139255049       0.54697279036882429     
  0.38442934497424025       0.36728947954175933       0.29690888873686344       0.30254219327808368       0.31882200988057185       0.33981243673428835       0.34539932052469408       0.33636775434223937       0.31353088602952350       0.36976276382368006     
  0.60210985015048901       0.60257582970381740       0.56894847979667151       0.55828061824453767       0.55460666263248126       0.81142194693619796       0.50971657015967609       0.65812147450240410       0.66999386013418583       0.56315064426128725     
  0.30353659574977121       0.32747269624484726       0.41858479632153206       0.30782736593539856       0.31042253744661091       0.29697491161024170       0.31609923646589150       0.27925661643844163       0.35678704898403224       0.33315875282657548     
  0.61756225015364818       0.61568036608238608       0.58400518477576635       0.57323646017287311       0.57128760753592744       0.81947441892422912       0.51960259466870662       0.66964781452386091       0.68233256185161095       0.57862747983839213     
  0.35350004907148286       0.28854647508150716       0.29778786208758917       0.30224982029771724       0.33873481495127755       0.26664835744818255       0.35508404021240642       0.32468474819859194       0.29969738670254181       0.30878054901349050     
  0.63280635978809885       0.62884322603699294       0.59930962277699495       0.58828596950162149       0.58771781231670350       0.82695922328456506       0.52962695500332369       0.68171981711824858       0.69449543474270514       0.59400175745010975     
  0.29560773361364906       0.37655137469652888       0.30259796780286374       0.31303927439526708       0.36105178733599930       0.32350322432553719       0.32911799902114414       0.33723141093011433       0.30648568944983462       0.29916711501999582     
  0.64792735305063753       0.64225284103684965       0.61372138023380207       0.60338055451014250       0.60387297710942756       0.83433876806130358       0.53894445837752780       0.69367731004960842       0.70658682804189510       0.60933421164333268     
  0.32006252397990514       0.36415284673348963       0.31578637154135092       0.31778555109485751       0.33300316889174397       0.31233905717399923       0.31454499748999198       0.34961309355972597       0.33005855007183832       0.29205412283010135     
  0.66306129170108652       0.65600417450986626       0.62797624818107922       0.61854586585866567       0.62042646310026950       0.84147363572372436       0.54819179805494955       0.70668312183165194       0.71885770479721811       0.62493919307898360     
  0.30319509170070519       0.30408885617239778       0.31348445082299897       0.32842509314257573       0.31180951747927094       0.35257038069073277       0.30685664117438033       0.35175004797082132       0.30380772488057128       0.34664107257477611     
  0.67787486363557770       0.66919218972303318       0.64138274564810949       0.63420730046151352       0.63789265665550576       0.84846688652532143       0.55791107444059318       0.71937875117965511       0.73135799756078057       0.64075355646320031     
  0.28739590127264636       0.37612960116663258       0.33718220790441561       0.29461309270756936       0.31096564893735157       0.34074723395978879       0.32352446229141513       0.34016407592341902       0.34806022562977051       0.32644911869674170     
  0.69262555020797800       0.68238228937637457       0.65468161711795603       0.65014443483604534       0.65506107494186461       0.85553720041875136       0.56763810909016843       0.73229314922274080       0.74354881035034437       0.65682518172070847     
  0.31559501182121508       0.35294599107998587       0.32705215390585624       0.32431693226392827       0.39620109915573581       0.29791183924895259       0.34179402804035880       0.29382365780135838       0.30832933421862863       0.30501169689369662     
  0.70538007165212024       0.69534788514651946       0.66821949859383822       0.66635986919689971       0.67201561429224876       0.86252813089985292       0.57810051532972306       0.74509838139558626       0.75544367121110167       0.67302101733611341     
  0.29245311098441046       0.28126865521183186       0.33905212946109647       0.29766788423618734       0.31029819776226264       0.34860582569533627       0.32691562865079299       0.33387851015714975       0.31477862051236710       0.29241127071097228     
  0.71737801686130209       0.70848891560052285       0.68202358811509323       0.68279469841124740       0.68886271865596282       0.86954438372430654       0.58855645504365606       0.75818485375577060       0.76747825569199146       0.68919134351030387     
  0.30050890818829551       0.33706985970271436       0.29328171914830725       0.30004692817937217       0.30610744893166092       0.30836628754812095       0.34292734856662704       0.30586027932726317       0.32041497202915536       0.29892185953819639     
  0.73099910572416082       0.71828500435244835       0.69753347638751639       0.69966945941445380       0.70501070851497449       0.87664114572592089       0.59892549337278489       0.77131589301117720       0.77959560900311919       0.70569606167664278     
  0.31408293709609347       0.27766446910180453       0.40940586791571026       0.33720384738628101       0.31631020377923780       0.28506155906453590       0.31248611545560750       0.33118591920625928       0.27001266656832140       0.34370716461293033     
  0.74437124803028287       0.72790129792333880       0.71281722395308478       0.71667363163724018       0.72123333087331787       0.88362137792083217       0.60941289389491582       0.78407764547155978       0.79174083827851682       0.72191645256470516     
  0.29435270066483571       0.29440989699820658       0.32381332981581495       0.32833382899511265       0.33970388755786285       0.34232603122412181       0.30206680329124952       0.32130503141938782       0.29605482776858949       0.36585239006602016     
  0.75884492901781953       0.74006414270238974       0.72808177735471136       0.73307577609973196       0.73756215307989359       0.89050498463527406       0.61995365213805720       0.79679590340176254       0.80381777865579018       0.73854127218085186     
  0.32190814686351799       0.33519139141296322       0.34458659764265265       0.32479471627565976       0.34064195651106666       0.30883255802940379       0.29706162179182538       0.33810749367091564       0.32682664574977865       0.35325583195132243     
  0.77334987853185277       0.75174157566550504       0.74319253492331638       0.74947590044642587       0.75333035260539805       0.89721491613428495       0.63056110345265615       0.80942898083749593       0.81571268917579687       0.75583477727437953     
  0.33871100047010821       0.31880322608289868       0.32909089604499048       0.35286694472428137       0.33026074594027366       0.33835607918672450       0.34180852696882413       0.34297698701604867       0.29468381146612044       0.31529036058699278     
  0.78795701861110923       0.76510250071553965       0.75816195280135046       0.76543580611052708       0.77015386829288479       0.90371303374512257       0.64156394387597038       0.82189823002625284       0.82748073921941789       0.77335063043924024     
  0.32323006255008874       0.38322720618229977       0.32431112247590915       0.39217727475818770       0.35898988571114782       0.29200265758876959       0.35156763555045334       0.32551430088307032       0.28385250774809639       0.39180369340716464     
  0.80232968409789573       0.77797415297885686       0.77352806036179356       0.78144330287362218       0.78677166642331875       0.91011207324139232       0.65285317106393981       0.83414363581082163       0.83950595476557899       0.79103066641247244     
  0.33453640402835982       0.27465130335282439       0.31934166757384086       0.26879081825068540       0.31629735322415509       0.34943688730248373       0.39170408793068767       0.29935020858961353       0.32120159880840876       0.30163644040475784     
  0.81774940105900573       0.78967055733534575       0.78969759105997384       0.79764046054759952       0.80329820553366538       0.91644178079484939       0.66460744733101440       0.84601223797261382       0.85176969207606279       0.80802559694397669     
  0.43699103004415207       0.29136701575085427       0.32232923310251577       0.35194147837572781       0.33809660146507303       0.30261246799702246       0.32962166572359858       0.29419881529819081       0.26729208194081683       0.30031031387725088     
  0.83287825519195458       0.80172198392078198       0.80582415842592015       0.81367431227582510       0.81973083200249164       0.92261522167971288       0.67660667514464146       0.85757936861009221       0.86407223452864301       0.82497148463257208     
  0.34592537261094158       0.34525737981564403       0.31527105231924307       0.33501652170355006       0.36021581814623205       0.34536635448157410       0.36344278807205566       0.35915681948962880       0.34629669219756432       0.29181375994471925     
  0.84943618647194152       0.81489107797709959       0.82175461571262287       0.82936723281765179       0.83576811063385503       0.92863158450762306       0.68956287284694229       0.86879680452343777       0.87637697153421379       0.84056783683310332     
  0.36245183135692571       0.30838925409630408       0.31357321256045007       0.30033935923612259       0.31606676911359632       0.29590906499209746       0.32498861891548791       0.36143051390492958       0.34590122061555872       0.31109708638391509     
  0.86547138862368178       0.82834744019806394       0.83764159738107002       0.84549333634348967       0.85165354213237854       0.93470288357084497       0.70285743905718867       0.88017668321608877       0.88868119121926703       0.85594948223623002     
  0.29661315886924272       0.34786531851254571       0.29929393393067127       0.32376365428735931       0.34879069933581847       0.30277134945996359       0.33144731080299938       0.29419904099480604       0.27924326246343151       0.33272518842650800     
  0.88026528124534631       0.84241809252905697       0.85276856491393915       0.86181810150342486       0.86821451697665575       0.94079104608709485       0.71673685128779896       0.89185954903463782       0.90075273035650294       0.87220132308895704     
  0.34026276361123264       0.29702515778811861       0.32897431740108340       0.29500491629666725       0.33594222896987597       0.34293718129388040       0.32432472205184670       0.35080092499084736       0.26276567669658490       0.32297957434798630     
  0.89525144918414845       0.85599475242463541       0.86844462767226860       0.87803521417596653       0.88475179954385053       0.94684167040575018       0.73113432998639261       0.90391419190750266       0.91282534646199354       0.88855018343241565     
  0.34608437906749040       0.33260703104410116       0.34278764046506521       0.30981490136947498       0.37815356637113567       0.35482290948834266       0.38979699362186637       0.35348605488115109       0.33930159937629945       0.32289211799100509     
  0.90942881780444895       0.87237707773975592       0.88528703768814021       0.89422029243127577       0.89885958034009505       0.95296600967959100       0.74681296212600334       0.91603970115990452       0.92475057053623455       0.90428576110506742     
  0.27672785811645834       0.44718160607321805       0.30414479830531249       0.35643097638515048       0.28008480283835219       0.30871193297018618       0.31445583747963568       0.33592581824745649       0.28772018507196107       0.43518576730410219     
  0.92371112050678961       0.88832452559092789       0.90166218415843680       0.91006523952530427       0.91294864335701786       0.95899130209968197       0.76381129052495100       0.92781154757266360       0.93654249167777626       0.91993836002007001     
  0.31903653556371403       0.30763545242067292       0.34583044933107243       0.40498003321645576       0.32231712189841816       0.29592535217895505       0.43677348549954431       0.29683133989586824       0.30937210448253788       0.33009998980925209     
  0.93807276043749654       0.90509451986556344       0.91772624164959760       0.92558740324863609       0.92455758238861219       0.96465480416206206       0.78078598814244071       0.93958200373121592       0.94841090427134001       0.93450186418685710     
  0.37201829976031753       0.42477782958878507       0.36667049501034893       0.31511420632943321       0.32682785909600215       0.33350653169298516       0.34549558416567994       0.34762118446064699       0.31029044797146793       0.32941028712317388     
  0.95202093049265157       0.92232228259802440       0.93361692139862740       0.94034721377524833       0.93653390118274304       0.97050975042996412       0.79767654787604270       0.95160036433060968       0.96061183381847259       0.94864948923693360     
  0.30223843109708609       0.34100802715845124       0.27703891690475818       0.35784603595758963       0.30783304365478908       0.32576206194981883       0.30716731566270322       0.38183452834818177       0.33466074256424599       0.30304719891429022     
  0.96537415926417314       0.94164619309848108       0.94983975317068625       0.95401212118867929       0.95218282421878409       0.97710230940896048       0.82078412830281133       0.96335306174975421       0.97138059877975547       0.96222969092000965     
  0.37526980994762710       0.34653582467044686       0.33010155661163743       0.37527212189656162       0.37601194869832200       0.30371658191936723       0.33565254588973259       0.31363126086070497       0.30854310751736302       0.38954478296463318     
  0.97860574054835781       0.96145535312352215       0.96599965502627316       0.96838613278909880       0.96712178663000459       0.98386073567047705       0.84755360911868705       0.97510197161730638       0.98248482241608426       0.97576404635484759     
  0.29227372228359538       0.34677461073002713       0.37182213414247534       0.28880632435983389       0.33377553670575866       0.34099642489783777       0.33670142856888113       0.36643260335682826       0.27688453072928837       0.43513527811616287     
  0.98933446952571613       0.98049570660606011       0.98321434774968586       0.98401056029599687       0.98342639707408830       0.99172391926699099       0.91397580479990581       0.98760047843764531       0.99121532712011029       0.98803934189904141     
  0.29785082074900282       0.34978104122384290       0.32780591163874662       0.54070772009460666       0.29887195519645671       0.35694790116009828       0.34721307358942977       0.38030804601758850       0.29211795808570995       0.37731132288376551     
   1.0000000000000000        1.0000000000000000        1.0000000000000000        1.0000000000000000        1.0000000000000000        1.0000000000000000        1.0000000000000000        1.0000000000000000        1.0000000000000000        1.0000000000000000     
  0.39762675899025984       0.34895317717330165       0.31488339160304674       0.49860000293115853       0.33802430581908771       0.28741826214460564       0.25659084662795018       0.37159534606335842       0.38472393145731482       0.47057720351911370     
  -5.6733306435893631      -0.56158531912650578       -5.3833291701475741       -17.147447251640553       -4.3251014455908781        0.0000000000000000       -5.3210836371561347       -3.3749329440902929       -6.8202108764997424       -4.9454365482245493     
  -3.9524967897129071      -0.89512833238987455       -3.8348751321052208       -13.921601164675488       -4.6861841764449785      -0.39576559757630214       -5.9288170189814311       -5.4123081313390848       -3.8640932777773114       -6.5501535671700726     
  -4.2958999201438015       -1.3057626936232309       -6.4033820175497338       -10.455277864464321       -4.1025292331144945       -5.5213689961745365       -3.4039604038753941       -4.1654812856422803       -5.3177832704936616       -3.5210076377276991     
  -6.0505972921227480       -3.8717472402907669       -4.8974098983611061       -8.0165176661664077       -3.8237536364187825       -4.0750195860678291       -5.1306589508332534       -5.2359342151811292       -4.7895936718338170       -4.2071434475589324     
  -4.6884486766926434       -4.6078468525260474       -1.5241370332377058       -5.0306168699569911       -5.3987046736963196       -4.5599502475193825       -3.3557598344228698       -5.2103599024247549       -4.4962605112362990       -4.4092879746843376     
  -4.0556852919299899       -6.7222987772709999       -5.4850762128209700       -1.1943142826902591       -3.8437544640904777       -3.8170709323436260       -5.5337586881865191       -4.7078457992716878       -4.3882179286034377       -5.5507640841138208     
  -5.0971399934337169       -8.5294226429800695       -4.8185753682192747        3.3648334976477661       -5.7689428885516021       -5.0950880800499956       -4.9380328597684535       -4.6998752012798555       -4.6896758832979391       -3.8262886090710371     
  -3.4619973102208803       -10.058729455500171       -5.3777485744147375        11.418160766688480       -4.6627798754272565       -4.3462939321214193       -4.7493365465104720       -3.7748886777362882       -4.4497057787631000       -3.5011962278820223     
   1.2511887458421967E-006
           1           1           1           1           1           1           1           1           1           1
   1.2495322062154113E-006   8.5292125694183049E-007   1.2473023251338210E-009  -5.0437276275261684        6.3098987920970738E-008   3.7322778459659200E-010
   1.4191535338408419E-008   1.3946206553052378E-008   3.8954722542073486E-009  0.20008608681972070        3.8855513759200826E-009   1.7209307214122340E-011
   2.3721698482531511E-002  -2.5703660723410557     
