   0.0000000000000000        0.0000000000000000        0.0000000000000000        0.0000000000000000        0.0000000000000000        0.0000000000000000        0.0000000000000000        0.0000000000000000        0.0000000000000000        0.0000000000000000     
   2.4620883260127575E-002   9.3811050230640494E-004  0.12088844159920947        1.5571403864006983E-002   1.9273031688699302E-002  0.14523247495170449       0.10681175866746094       0.11263069313038888        3.9847276457041135E-002   1.9265980373951178E-002
  0.53988652371808232        1.8039529286269205       0.60426326228221905       0.84644721803544098       0.82044435270091343       0.37055860214549818       0.63458822721247310       0.64741002549748550        1.0111335867079703       0.73856162781853907     
   4.7996837272594170E-002   1.8380098151703876E-003  0.19007666554996222        2.9706648235548395E-002   3.3840442829643991E-002  0.22905926587275130       0.15075647488391072       0.18700613635631752        7.3220941375173432E-002   3.8797906057120579E-002
  0.67284299376812085        2.5695605785904991       0.80175665494773607       0.63895400811657554       0.64106401270374402        2.7093698859580986       0.67875730704376003       0.72544766014191886        1.0968421413626757       0.70443132882627935     
   6.6701996491892748E-002   2.7519008467096879E-003  0.23889280313656033        4.5925816991508009E-002   4.9293179466561358E-002  0.25974581764945465       0.16834825201429152       0.23410127909626879        9.8158744599784617E-002   5.6929006572345342E-002
  0.88816163067609266        2.6599180167778571       0.90249161263174627       0.67654693724592874       0.65153921550245475        1.2093149405247956       0.81467821160125609       0.65455803959221814        1.5078726769165216       0.66796666146183692     
   8.6580777260673078E-002   3.5555875258408533E-003  0.28311636571485194        6.4750493417505467E-002   6.3949257322373637E-002  0.28240282791545079       0.18659885683394686       0.26740120661278238       0.11811723133297687        7.5619348367800779E-002
  0.80428973876169985        2.7133997687733724       0.69246975505578090       0.80995833071576573       0.77878811461254815        1.0342751825386134       0.84177668536604788       0.59791492595230133        1.0603106374143814       0.68428256255655007     
  0.10669380724596260        4.5396983586063165E-003  0.31990588646759277        8.0613436670936386E-002   7.8320485319698943E-002  0.29924275475303491       0.20354795993169941       0.29484422289723911       0.12953319268637967        9.4564569331268652E-002
  0.62096927333138152        2.0214456083662027       0.68841790600071007       0.78874908303092917       0.67606155238824583       0.91079486043471258       0.84766267297632492       0.54162364026887255       0.69610494636358278       0.59117454940053671     
  0.12608424932368878        5.5467822147769854E-003  0.34703356008812114        9.3194308465706047E-002   9.3838383594063643E-002  0.31249888530961234       0.21791183617926937       0.31734165635088335       0.14086143991498576       0.11411158410147310     
  0.83304288352968514        2.2618711043903823       0.63927254511906539       0.80492839285132423       0.60326283776820844       0.70523770439027944       0.69845552532493838       0.66562014074364118       0.80358583076634216       0.77052291497382741     
  0.14501671578790631        6.2979396569990895E-003  0.37123579624217795       0.10730209566669421       0.10980774694391168       0.32297695224352274       0.23044607535686534       0.33899799738075026       0.15176122992621216       0.13401486840284701     
  0.75508007054437520        1.1463930984693342       0.63873701182963560       0.65292732229383388       0.77729238639806963       0.69668685439103095       0.93854812308527902       0.57240265383390543       0.56691309102811138       0.63521537568511843     
  0.16274475235279684        6.8733535528306168E-003  0.39347016405762447       0.12332035955268511       0.12368190225819606       0.33135744815704815       0.24294641522439303       0.35986682858028285       0.16290515350121082       0.15379212991632060     
  0.77318643127237840        1.1407983104943347       0.60290277441897389       0.81487375029350995       0.77039399339694858       0.58659711683744986       0.75641192355035136       0.57026368256160354       0.77735251213072010       0.69404649896219395     
  0.18062213234194352        7.3836285944554030E-003  0.41540641691372809       0.13959790195194405       0.13742082017099777       0.34196509843655809       0.25466195137347158       0.38025492671014122       0.17680945140255608       0.17270794712075496     
  0.71131039752309455       0.88776492757058012       0.74033815473202502       0.98106328252234409       0.68608115732279940       0.85033572325194862       0.86973333186693369       0.60450390261130527        1.0704917800820744       0.63482193094354600     
  0.19849084690069277        7.9979123353118731E-003  0.43564979848822616       0.15573841580767209       0.15069862631007411       0.35359875103502497       0.26630568976113139       0.39851694393245940       0.19245544654952579       0.19200314428352422     
  0.83467027826238260        1.2073293334216217       0.57429916423215865       0.74363004149349632       0.72598772794575317       0.77560468313200959        1.0460819609847904       0.74904036339508129       0.94176202817848431       0.68158789524284769     
  0.21557439450512414        8.7085344591210870E-003  0.45436366253227850       0.17032457041884455       0.16378199263168305       0.36667995573986623       0.27645716506781076       0.41414981571241161       0.20800521674875830       0.21189441676635173     
  0.65382473549103648       0.82864733243747757       0.68287520573576621       0.62870178748398109       0.57965203914458940       0.81742598922923482       0.73712728786783666       0.45825868312033002       0.94486803726053170       0.62938063047757753     
  0.22981067183868079        9.6248897609635658E-003  0.47250977819793333       0.18521673240215675       0.17915476735191388       0.37962674011929026       0.28510643399858909       0.42761315785720533       0.22266461964231715       0.23214661431619338     
  0.75115746732938060        1.0801361522102864       0.74284037332218511       0.90755189261980929       0.84904170732026285       0.60282694844486528       0.73070553149092454       0.69629754982201320       0.79995275139149313       0.71580134053947453     
  0.24462430392122717        1.1050152369545556E-002  0.48694278446479144       0.19935735426605578       0.19235872466788778       0.39172960244393296       0.29301973912317680       0.43972977091259297       0.23667271065705847       0.25205786904155725     
  0.61338169390552788       0.75288369601940275       0.68724623518015204       0.76429645391032486       0.77389793196876855       0.74201154941993330       0.67880108291293295       0.60845916249511667       0.83453439786199823       0.82229921239784109     
  0.26019669966986608        1.2370587457640749E-002  0.50220253329601883       0.21398424008443176       0.20744233604755519       0.40311532293787183       0.30117894121433908       0.45134255900191161       0.24985027283674704       0.27159248743258196     
  0.72579406279908809        1.1364407451912122       0.79498843006362940       0.70983441819981985       0.74184007744235370       0.84132712272594101       0.74836629969553048       0.59227488208783818       0.85974294299811582       0.66111126099715478     
  0.27724827906526628        1.3806000951837347E-002  0.51816048641187373       0.23124178523478250       0.22329336487761411       0.41412758026752250       0.31010321393014184       0.46358908289019507       0.26391783310475403       0.29114390634153103     
   1.0137561569930402       0.76460167141645630       0.90930405722015228       0.54503829546623672       0.81560125012806906       0.92077865997389363       0.85396215070543546       0.62961145813939146       0.61116838327412426       0.61135592131447614     
  0.29452882387899010        1.5386667861626286E-002  0.53561512219182217       0.24821993213420998       0.23742279398899813       0.42532595809619139       0.31892819964618802       0.47577635605611007       0.28023372018392867       0.31172558882933543     
  0.82412303682135468        1.0401988028342002       0.94880721565881487       0.91239295696414213       0.91641487413958067       0.70398567585166705       0.78202175932780538       0.57736478344244579       0.79232066007680124       0.68449472458533012     
  0.31249961953272171        1.7367783870140475E-002  0.55237676305688199       0.26589597112017915       0.25219271718387071       0.43644250842806565       0.32713567924106551       0.48838312387810040       0.29663569828605885       0.33073609894314110     
  0.94138301793084267       0.75749706423148089       0.88740147534654434       0.66330963595706405       0.59934332729262274       0.91678030737074778       0.73714308532468209       0.56656806502820323       0.83430237616892167       0.72172166951647210     
  0.32832134895251497        2.0305756421234129E-002  0.56859453262558457       0.28272235745900004       0.26701167655187014       0.44814294890141676       0.33520702011761311       0.50128538513503285       0.31332453099378516       0.34861135337182808     
  0.65680110022204041       0.94459334266878214        1.0165461139426051       0.70090021956710180       0.74356587265981344       0.86246360844810310       0.68004901100052906       0.71172405387290005        1.0832622840348738       0.66889122146239832     
  0.34184672497498925        2.4074736696653325E-002  0.58250415196753547       0.30008665326696526       0.28227046353637431       0.46030294839353819       0.34299886891553355       0.51435292769136742       0.33008126286122991       0.36666445446440882     
  0.60490277935691905        1.4478671194475230       0.85823637903768801       0.65724403327484593       0.63294879618452993       0.80716764434682275       0.66299401710693007       0.49542942036509968        1.0477115711195659       0.79037305415029824     
  0.35531947015430049        2.8287184615122120E-002  0.59505386331432863       0.31761555397692171       0.29821564484987811       0.47200852799313692       0.34968251742038658       0.52795578296796453       0.34563598065987583       0.38526930105515289     
  0.59500467615695773       0.85119545658151130        1.0186360212081391       0.74016850005232027       0.87967769043092825       0.70192334523596378       0.67111993439949946       0.82285310092938213       0.70599225929034615       0.67030986895121492     
  0.37318301318036406        3.2965985416114986E-002  0.60628314488443602       0.33533169040303895       0.31339027487813897       0.48383977775402720       0.35603574089334761       0.54120299957324836       0.36113940134559608       0.40320969923270916     
  0.68583620658685662       0.76952167202552124       0.70218304249266050       0.78213776351485065       0.79300388072686900       0.81501976619886751       0.72680770368436642       0.80382751446504019        1.0028552577863683       0.79627117426147875     
  0.38702424910682665        3.8219711107886516E-002  0.61739026722011281       0.35206596311346350       0.32796199807524601       0.49585892509241569       0.36214734418272254       0.55441433843484778       0.37616580964603286       0.42029163385078067     
  0.66183689224433540       0.85642053883800939       0.58959715053995598       0.74876182231346233       0.68878916040887417       0.80299535676893186       0.67192468262973415       0.92306966660091994        1.0306534961169085       0.64417680689400414     
  0.39984693076086048        4.3776328405364363E-002  0.63029595558819862       0.36850445340253724       0.34271895035547517       0.50649125236463366       0.36798680162699438       0.56668982857631733       0.39042324077949336       0.43616256934796110     
  0.62386907337828368        1.0272141523610705        1.0335274990703909       0.95641775021209419       0.69111079448337376       0.85321486326065155       0.47434779795893234       0.87440263298039389       0.74386063583716822       0.75955806495528511     
  0.41228775423828956        4.9508479111302794E-002  0.64184996741318612       0.38479862711147583       0.35673646915340862       0.51792728140774658       0.37526451315050402       0.57762445105973026       0.40358272597743561       0.45216832239680255     
  0.53330964059464070       0.66625494013106124       0.71837139435262909       0.69436678835816612       0.78749044141824043       0.72187882526926717       0.71674666624927896       0.92989360930136766       0.76620279066875607       0.59564647925573821     
  0.42513727824217640        5.5495351791233806E-002  0.65202604629744143       0.40165483813395980       0.37120629836757135       0.52916325823189503       0.38318325401864917       0.58822740813685725       0.41814198182349066       0.46754378109753902     
  0.81186543505667286       0.67451152160969696       0.60968424664747378       0.71482401442721599       0.91150236312242017       0.81348786102020920       0.77065050495207033       0.69705353111508395       0.98490981978769798       0.67092936273978110     
  0.44022261445983735        6.2215741772131697E-002  0.66201454971535911       0.41904756275961724       0.38699020439494031       0.54121793783833827       0.39133270352650595       0.59951499155101284       0.43309467205462143       0.47961738430926004     
  0.66044786433194458       0.63375619982060316       0.54759978949354871       0.79003785266711213       0.72534232944290122       0.86706840748647662       0.78432675910516292       0.82453150300165556       0.75832641039244708       0.60737430471325393     
  0.45564062708860287        6.9571975180405102E-002  0.67282024947139507       0.43641220416396448       0.40325974748340337       0.55281283562428984       0.39955362665081345       0.61177330009185638       0.45024084258971364       0.48726185924012311     
  0.55880035102032222       0.76640912174959042       0.66552227961639054       0.74760005204631019       0.84754257636290098       0.88668847183518740        1.0118693388512749       0.98581868344678447       0.77399512555927819       0.89315117059219051     
  0.47170216678863275        7.8466025096327399E-002  0.68408132025166235       0.45331708198165438       0.41652412295108410       0.56407765356877648       0.40768982523729741       0.62409811243323532       0.46776453658172190       0.49312816208905946     
  0.74788424724312652       0.68128707192341476       0.76024050867604109       0.79133513595322702       0.70094141054130266       0.57215539202430388       0.97805665509536366       0.76877916045858563       0.69887547267276617       0.95626908283344791     
  0.48752820969443145        8.8343915341395726E-002  0.69514237721816730       0.47008629659806445       0.42798183941958962       0.57562696748581521       0.41587505662213137       0.63584213904667386       0.48261230457812576       0.49656659882177401     
  0.68159571903283855       0.66118075887950767       0.91906560770854362       0.72057655010410904       0.73849945580145959       0.66573076477741011       0.95145724717502933       0.92386378451188367       0.70138130387406028        1.1208352132023442     
  0.50333701870421521        9.9750692853300543E-002  0.70589430467822112       0.48647857570867548       0.44033952727502818       0.58786202872402915       0.42428175260759937       0.64712657145771202       0.49491881597049803       0.49923584820215755     
  0.84358339280621242       0.69419452228994460       0.80395475762776891       0.82029311031158914       0.51792784232876565       0.76464772175823137       0.86507914492019444       0.83327960411619773       0.66125547777586269        2.1284001059737467     
  0.51928177454419588       0.11286662922068384       0.71656646948634228       0.49940962448948534       0.45265679858082414       0.59755441591851977       0.43301838361590550       0.65777113606660687       0.50755307836939068       0.50184330680967626     
  0.80633958337281664       0.62621598018737512       0.70266588821026210       0.59025473798255235       0.75948065240197260       0.66637939363146004       0.79756270417521891       0.73288055732816926       0.75699944042914447        5.6129919049353481     
  0.53530136077953561       0.12687497153477761       0.72718197604546708       0.51120984948231796       0.46741613354923189       0.60633682144221224       0.44191298170368931       0.66850352915767952       0.51951556800887910       0.50539617575118612     
  0.65826445672075773       0.69906490278097011       0.74303880785196097       0.71864171545306421       0.72522282432660112       0.55119067826416945       0.77527564425147999       0.88159110330111523       0.74727945072812285        1.8803631125853459     
  0.55072826680463172       0.14127840079388443       0.73783057321947587       0.52375335818648849       0.48490551798575859       0.61530956037105244       0.45070347372816361       0.67921465196249331       0.53312094821105371       0.51144437946543597     
  0.72787428798930520       0.53834451701048924       0.75076173827510018       0.69937100507531436       0.73311821830463131       0.68387062291343559       0.87441136488456128       0.79499396413560375       0.63515682196057421        1.2170931039011386     
  0.56634252447594469       0.15670649983079527       0.74872735356032183       0.53706180959254035       0.50249945249208161       0.62707703446328944       0.45951610536944804       0.68837734471424539       0.54716452034442697       0.52074474808051952     
  0.87589685686841223       0.57009518281664195       0.75360270036752997       0.46042802877817507       0.79838260840127262       0.66434788017058999       0.68441908853187527       0.58769579263839500       0.56226357670854832       0.95748165294724763     
  0.58270185112516837       0.17295348719573395       0.75885663363532940       0.55218490999136483       0.51947035174663514       0.63832955152285997       0.46847405514990320       0.69955783477928846       0.56148196878028545       0.53244249773486729     
  0.97334482529570554       0.50453968187492304        1.0305862611933820       0.61950889503539419       0.72151523101813442       0.86626049070776534       0.86946502945631154       0.80041046590782561       0.73317490770527238       0.67523931605747822     
  0.59961727942476761       0.19055348195925359       0.76721882839501077       0.56789329862080895       0.53619925689904724       0.65020692953820847       0.47756953486207676       0.71074766540852075       0.57516033051509907       0.54532986080323376     
  0.71491766876381346       0.54947452676230135       0.85256335051297794       0.65765085237598819       0.93447917386269252       0.84123893597885901       0.77786772860140563       0.73292572164083736       0.62973399446105049       0.69624453130223596     
  0.61697807441797903       0.20926193211241639       0.77480476128194242       0.58288384750205025       0.55255886766522611       0.66218097519186792       0.48663270593794800       0.72405186803280941       0.58974873086969937       0.55863777947975513     
  0.88902561996134843       0.60657496783156717       0.53355145015955641       0.67617086494214329       0.77901304435522700       0.66417555612089818       0.81140664264347095       0.92533731398438768       0.77953977913134387       0.66661347725944298     
  0.63110878530583969       0.22990338978910388       0.78251269811594648       0.59814857368566821       0.56875044972435407       0.67418104372265641       0.49458783741068307       0.73691299709291957       0.60511270535546535       0.57135984368256132     
  0.72789210157766149       0.63853437843814020       0.85796335820396574       0.77709816169138912       0.77299179438096199       0.71060625276089695       0.75784265262631956        1.1178413640374318       0.61419158710527766       0.60442474269635527     
  0.64613837917570449       0.25170191349179161       0.78951079857079987       0.61422635926517533       0.58444800488104098       0.68531513295827295       0.50159765181559335       0.74904772993140278       0.62038847010154408       0.58439075707911481     
  0.66889504350702134       0.66449608524572301       0.56813665200099150       0.72478653965881856       0.66010296730254392       0.68439492580300099       0.64713216785723304       0.59484186438940212       0.66655480985608928       0.52433056811867496     
  0.66379704498921532       0.27377696460522738       0.79649715148336919       0.63031723728967304       0.59876935376504359       0.69666876852208370       0.50806905374667666       0.76154995536959924       0.63554073667048494       0.59765956939939513     
  0.76621441615700769       0.53163691776470434       0.63853853184721332       0.85297286545054796       0.68713537540698588       0.71268086442081791       0.58130336851187070        1.1953867818703960       0.60575444168470916       0.57564192611329312     
  0.68047457580135806       0.29635466615854755       0.80382767925510235       0.64686429467817730       0.61274918534238643       0.70797961132419418       0.51441697968852362       0.77336118898126216       0.65047407605617324       0.61363443941714735     
  0.74005055922213314       0.55000200821901557       0.70126457938863063       0.66866789421743800       0.68645562123634274       0.80248945096380997       0.69172314200242069       0.87395361347581879       0.75182089168639088       0.67028337870904309     
  0.69650347527744294       0.31972565635768241       0.81110490321182427       0.66359643865830298       0.62862793160392616       0.72119925728381384       0.52020645731768189       0.78471406343556926       0.66509058936490717       0.62874568281954024     
   1.0972958998918352       0.64449858048879471       0.73155453311466234       0.94847975426892617       0.66297087807043953       0.95648900381402968       0.71410219660029317       0.82179458102999370       0.70879174208239837       0.56558817946775752     
  0.71216282751760218       0.34535364138072300       0.81794164377158962       0.68027246050954238       0.64611613268162282       0.73202498536477634       0.52535533534449808       0.79572703308096604       0.67990170857791521       0.64216065778304054     
  0.60596689864394648       0.54351993325227799       0.71440198201450311       0.99384847418716593       0.82007404960921049       0.72196834052266556       0.60197881233299810       0.75937633543237015       0.63799205021369410       0.58161480459537185     
  0.72819830001863795       0.37169608877610161       0.82586530905805566       0.69745696274738567       0.66289293059766119       0.74298064238443551       0.53123366535826311       0.80499199535401833       0.69540128390902423       0.65615853359585707     
  0.75502814465259072       0.53006873639096863       0.62461096905049507       0.68965012816882265       0.68132689343724218       0.53402619399086693       0.62171721351530551       0.86046995051370434       0.75209049202086964       0.68615842327648879     
  0.74268541854906356       0.39850305107033279       0.83345667242723120       0.71466997684494504       0.67873885520825195       0.75130202038446992       0.53840205676127206       0.81199647169593814       0.71145198150391198       0.66968380913865888     
  0.94344681374921424       0.49793820584367671       0.77642010829211283       0.84447318088821266       0.73451934475028802       0.68657259872347698       0.54540396582525874       0.61303576065835597       0.68330930425526359       0.56808094499808837     
  0.75136492798605359       0.42635021219159869       0.84159044732535870       0.73215050643228397       0.69497070922752502       0.75948436850529388       0.54863859817230987       0.81855075654586706       0.72724564027137006       0.68618480405434856     
  0.46348482945299779       0.57439368125195178       0.82436837406067542       0.80355421662674886       0.64232452687452113       0.60862902866439728       0.79608843461196965       0.55206736192632655       0.60113357819309077       0.54845619083815622     
  0.75830554243888093       0.45322426014062123       0.85001249278617852       0.74883556828778541       0.71221763111568703       0.76725315184094645       0.55846235046421500       0.82482112933832974       0.74218209906784238       0.70280932009029085     
  0.50580614131599078       0.46985789560186542       0.81875355453299870       0.89679653525973757       0.80490314505826865       0.43154821106148999       0.76014601583199126       0.65419306023914803       0.76995605892695607       0.55805856689642186     
  0.76573215575600295       0.47960971825470927       0.85890434163780349       0.76425186935412859       0.73015410080742427       0.77608555968343473       0.56798884956001483       0.83139322577686392       0.75671240837839715       0.72014324683665309     
  0.50863283686716854       0.53089955221214946       0.87706471895098892       0.79240955203027819       0.81541895648189888       0.59775213269614669       0.59748663901805910       0.73764596481481737       0.69999832862672862       0.76701119321768274     
  0.77679609644374015       0.50621658011355952       0.86746578142021902       0.77961536152220023       0.74723412542527978       0.78599347410716891       0.57785677245450584       0.84061434090492160       0.77191951376971635       0.73705312489021768     
  0.65887751101696423       0.41498993817566804       0.62873061148074072       0.87776227395471329       0.73897084460079021       0.60552140551070577       0.75206453023832653       0.72922013763524862       0.72623256918817947       0.77011009129382724     
  0.79255358906279727       0.53236821761476860       0.87511509098914597       0.79497491689041011       0.76381602902768486       0.79591561247327447       0.58878133761050766       0.85198961401520112       0.78717765171589660       0.75355528085656820     
  0.76187379006718881       0.47204378756273047       0.72533192023143045       0.60765088298219738       0.73921093034819074       0.67794018617930607       0.75455258742435438       0.80846153607498195       0.60011570227247946       0.66606560671709036     
  0.80942669241200704       0.55938555914006449       0.88298227305430588       0.81067714056208617       0.78039475207412312       0.80623552502585427       0.59995004631820958       0.86336030336185787       0.80212251732124473       0.77016592901493786     
  0.72956115476954986       0.48729635760948536       0.66121288418335389       0.65921248417165390       0.91127524992184694       0.66449235401943274       0.89153630189794886       0.98326860391772974       0.58594756441478746       0.61326733774978137     
  0.82569280562687841       0.58657264018234279       0.89186641987946802       0.82583609693981685       0.79742277075373380       0.81696217083937483       0.61196563384956104       0.87380410306693845       0.81714744415746332       0.78792314977733435     
  0.90328941223119275       0.53412543760580200       0.71399316542170954       0.75445781960491987       0.85447028460347696       0.70692969258389804       0.89987041192003159       0.76296985045575272       0.63076320852722101       0.65172370448246142     
  0.84131523796943852       0.61573316955665236       0.90064842258765365       0.84079984172715883       0.81581774739460911       0.82850862993343166       0.62433903959199977       0.88339942942281535       0.83195151625197261       0.80695023285534140     
  0.91668809292828934       0.50216232279087014       0.61458327061240658       0.71431955944386138       0.71932075022912734       0.63561390472627255       0.66494514595823073       0.63359816790300305       0.65778126461381425       0.67894543084933745     
  0.85657254014347917       0.64580483610287109       0.90896119762853234       0.85508431221611880       0.83342388206945517       0.84000588462577430       0.63761307176890292       0.89276726767222936       0.84689064739379472       0.82534368045302620     
  0.75695984168777297       0.60362439705456905       0.82035513848003971       0.81780013610058866       0.88736403955963894       0.52473913285042151       0.98465934702251012       0.81256364173971873       0.67672746005848028       0.59101396168094444     
  0.87215618859323274       0.67597258651653469       0.91808900208781064       0.86847612752233017       0.85006259491020963       0.85223035548083792       0.65077532752067135       0.90310044469727313       0.86224615354632206       0.84139736702067081     
  0.72644624497353560       0.51540301716947201       0.67172662789993820       0.75200684695792952       0.51759786382457285       0.72729000488559270       0.67719576397953851       0.87613435269604178       0.61747166192778891       0.86606966031461996     
  0.88841872680733269       0.70592979668698896       0.92602028255050250       0.88074369205314584       0.86691258537723948       0.86584815216761457       0.66530672244313505       0.91446945143207969       0.87764664588443253       0.85540559028908014     
  0.86159541883007873       0.50706520625222973       0.64325233180752017       0.73912903985993383        1.0381096281898199       0.79859891282394746       0.94188504830245090       0.92203333228435291       0.63732973469531307       0.68345626277921623     
  0.90386035664140674       0.73566789626186657       0.93323617109513390       0.89110966991941054       0.88490430419855026       0.88059770504223056       0.68128233594258902       0.92655639826051273       0.89354071097833498       0.86989895590856259     
  0.65357625938211761       0.48724991273812635       0.78314994649024527       0.56631895469711424       0.56929593241634735       0.69052595870770717       0.81671024670309333       0.96494792368521121       0.54602137414823104       0.75923172888055002     
  0.91794762740593605       0.76461939061859197       0.94096170188369943       0.90516430219792154       0.90310332666851734       0.89571116102244397       0.69792719628533484       0.93732973677599951       0.90915910500043040       0.88681589002834904     
  0.66995405549622999       0.57702475639654327       0.75555939634187808       0.60924957760265752        1.0002532781512921       0.64759260236059790       0.71141202467399645       0.87960123188960748       0.59155035130904332       0.81983340811485872     
  0.93084068214905635       0.79593159955452897       0.95031394162653093       0.92321903814142003       0.92065575260519217       0.91032669574428049       0.71559827179481206       0.94711328819546603       0.92468330015494293       0.90596771243628438     
  0.60426641047027430       0.53304317553506619       0.87927583175953794       0.91454741974813536       0.72459477003176331       0.90868509011384690       0.64511755121268533        1.0418559604279654       0.54168188114954507       0.56058657290245073     
  0.94402360157126275       0.82838052042633703       0.95940646147928799       0.93886786899879016       0.93682541008470921       0.92414468259829552       0.73255589523100328       0.95745620164638034       0.94017671731687347       0.92454010905944994     
  0.88978390785114947       0.49800731188418906       0.62193330980644590        1.0029013169449239       0.62349350447084695       0.64015655402490645       0.64005525061465807       0.67258591872876594       0.78379540950241378       0.84987039503188355     
  0.95970965943569941       0.86426470002764710       0.96861513873336458       0.95563125873048049       0.95186066460342855       0.93674119987824667       0.75365086829235128       0.96830394085218230       0.95577766676610754       0.94306932800791454     
  0.88525125308347430       0.62718294608812653       0.95325724444388804       0.63974116115265245       0.53189248538214473       0.71410328116342192       0.70544196993504460       0.88849541974607293       0.66065450446136065       0.75698275011281846     
  0.97372740455793172       0.90043461572132244       0.97837646652792887       0.97087701734502330       0.96790889784418788       0.95005125579723548       0.78199551909098730       0.97956826869929314       0.97096832416972689       0.96112040295694490     
   1.1233624093604908       0.45722444511347221       0.91231091831118649       0.78220111943333559       0.86262353315187656       0.81630413783165579       0.66587309025520358       0.70114512184364142       0.47154855034352794       0.61793059351982749     
  0.98750755170617477       0.94757341685879815       0.98878018887970143       0.98600622895308054       0.98387193012850382       0.97279924380504101       0.86320222986449391       0.98955472352288831       0.98551956613549319       0.98066348127788072     
   1.0604744980706644       0.63399663371245341       0.81035804936572808       0.87680685134217462        1.0734091087489275       0.98049413593467927       0.75377394012131738       0.71608298935944192       0.57486659606373725       0.68887799730162580     
   1.0000000000000000        1.0000000000000000        1.0000000000000000        1.0000000000000000        1.0000000000000000        1.0000000000000000        1.0000000000000000        1.0000000000000000        1.0000000000000000        1.0000000000000000     
   1.2200396445107200       0.48275730728761901       0.68292925476331201       0.59070218525154317       0.79642194221715745       0.73923766802246171       0.40753360690382462       0.78814374160867273       0.86556347452177973       0.75879819894664524     
  -6.1061056982229661E-002   23.248263611638794       -5.3573463000770625        4.1487080092902211        2.3794522542675614       -6.6933244036358071        5.3783370283725480        1.4113503356170016      -0.43627251387064114        2.0830869027615293     
 -0.72882003758054237        5.3701435413375638        6.5383732277102089        3.7385796948261003        1.0486731884231737       0.90358561796024128       -1.5539713559456729       0.89622629155656131        1.9365543219713850        1.2286949494018962     
 -0.44121282474133183      -0.56312118895132901        3.8757759219626871        1.9331100457422030        1.0993629972024950       -2.8533183087485443        2.3139731333800335        3.7628225174372329        4.2428369675152320        4.1868238063907430     
   2.7779523668168538       -5.4452825894841697        1.0378949742314372        1.1184071825654520        2.6486164942818764        1.0270035327557854        1.8096669862524339        3.0744742457901255        4.7954419975371403        1.5984054083328150     
   3.9981969973931921       -8.2242003256575043        2.4591272513152740       -3.1012815933518616        2.0651458239900675       0.95795785111210374        2.3003646224361924        4.0234641299294678        3.4308008884579784        2.5979535663041338     
   3.2672884613818369       -8.8935545484720446        4.1659369816571674        4.2974088173786100        2.8102538531189705        4.2182244885694340        4.8602919533498037       0.44037864248925712        2.6912023046392419        1.2646248746500564     
   4.1189440466168721       -13.016132415365110        2.5877511387633962       0.78562506503128926        1.8222648501969128        6.9269580174874674        2.3690850547064422        2.6588336169916462        1.4921904303936093        3.3139806981063380     
   3.2167070599896492       -19.267400600183688        1.7322106457386244        3.0568872743781577        2.3138204516010883        2.0526947040153933       -3.8504131807348076        2.1235861108847978       0.23078444306529858       0.42652026738798315     
   2.2270930335194662E-004
           1           1           1           1           1           1           1           1           1           1
   5.2266961106422927E-005   4.2495795137943151E-005  -6.2638923021829043E-009   1.8611755712634244        2.0099610501269082E-006   1.9289568704531008E-009
   9.4490433045370037E-007   9.6575756134903118E-007   3.2289272263037452E-008   6.3303181026649225E-002   3.2277880046293263E-008   2.1799845261471704E-011
   5.0000000000000001E-003   5.4100965332085007     
