   0.0000000000000000        0.0000000000000000        0.0000000000000000        0.0000000000000000        0.0000000000000000        0.0000000000000000        0.0000000000000000        0.0000000000000000        0.0000000000000000        0.0000000000000000     
   2.7739209233671253E-002   1.2163017412254605E-003   1.1591323827910144E-002   1.7312018151405838E-002   1.4397125435458270E-002  0.26950200385905215        7.8151792925945762E-002   7.1479791951099825E-002   1.9236664446897082E-002   1.7581546231892925E-002
  0.52875823019306634        2.0884993858286345       0.57630432626013328       0.63774784959075981       0.56623817723799641       0.60616008094786888       0.39680615508769529       0.48852568101709243        1.2342485529042606       0.54616890138479768     
   5.2577689960574610E-002   2.2903348113779941E-003   2.3059163124366951E-002   3.4549389595740478E-002   2.8713292490820077E-002  0.40661694926674186       0.14875253305316088       0.12816376578977173        3.8760687228217433E-002   3.5927973619366567E-002
  0.63133386704953576        1.0710950014558032       0.60723897996166099       0.68696872936581743       0.52014424728572339        1.1258017436584984       0.54318136612284018       0.64154695867053013        1.3506172475641911       0.54573872057961414     
   7.4410850187396307E-002   3.4201199108676965E-003   3.5024587541512608E-002   5.1108081628246593E-002   4.3431948916678578E-002  0.48438430200462002       0.18015278361604517       0.16525185454289376        5.4579847849202820E-002   4.7643765169389549E-002
  0.65807884097804847       0.97297311830438393       0.53744720487222397       0.61271491781578991       0.67275205200381727       0.99149670944719803       0.57677527611266699       0.68073672897808291        1.0216602468443958       0.48941319772651376     
   9.5359129506018020E-002   4.4859757373079791E-003   4.7703690920126038E-002   6.7048734405028329E-002   5.8289307612059034E-002  0.52702959677207162       0.21316289121987947       0.19489179752024999        7.0116237212799803E-002   5.8837219842064248E-002
  0.94838955825749616       0.96605415115981996       0.64271547144482510       0.67258458427220180       0.55549710482177095       0.79292747814543318       0.88705632036320725       0.70677634191447858       0.86337899066664936       0.42777198737269279     
  0.11288843982534158        6.0482898134510202E-003   6.0833049404129723E-002   8.3451270132913008E-002   7.4076885423370584E-002  0.56176975339892721       0.23155674703072798       0.21898953715423666        7.8026343529695757E-002   7.1602898496528275E-002
  0.65030186911098331       0.94281044231278144       0.46300744455895210       0.65528187127012849       0.62702065082122438       0.80313554543846521       0.61694244919459107       0.56615610354142853       0.56231507489657773       0.57573304825204408     
  0.12932328344527302        7.6623196825657876E-003   7.3157947877841772E-002  0.10023333486612836        8.9553365825627257E-002  0.58935580166828916       0.25078274951416113       0.23847149079532820        8.7953509609085628E-002   8.4606068265393353E-002
  0.50356520926804471       0.68711966182448636       0.61193513560705992       0.59603483769953602       0.63120678143510711       0.74632785885275887       0.57934633583265860       0.73756643159029522       0.57351375602680665       0.54081734432899387     
  0.14621652573863650        9.3323852018618383E-003   8.5540177596065428E-002  0.11544339202115766       0.10478712041171001       0.61601486691530161       0.26746012382275774       0.25371874066507183       0.10097024742342066       0.10251030391091800     
  0.56430540645143523       0.77185991028514422       0.59758240612610514       0.52765252004630181       0.58416219671069014       0.81116618475218039       0.60151585415296793       0.60255580484232496       0.71037914554382908       0.71171405934890175     
  0.16327624496935292        1.1051446648098191E-002   9.7991001912183601E-002  0.13064698071654737       0.12018089472698178       0.63809650510458438       0.28348011649174848       0.26717917802038377       0.11519609793307352       0.11938628144410354     
  0.61579977249077156       0.58825775533234348       0.53773348108244334       0.59889116162902278       0.52127977432439776       0.70398336414548968       0.62856608843770845       0.55146023425585533       0.80372571127241987       0.68432346568523084     
  0.18055685062986793        1.2719184373024384E-002  0.11005401275073771       0.14593752825049983       0.13672738019178507       0.66028607267571715       0.29704243992134050       0.27817016213402879       0.13053176309964873       0.13623882881865748     
  0.65655772763900655       0.68312107002607092       0.50438330779372209       0.51831080757280013       0.67610156655919096       0.64917102125944282       0.63232031940915767       0.66028188422769507       0.65313894236517522       0.61588078293892257     
  0.19819929710645631        1.4315284039065230E-002  0.12050613435691268       0.16111093914000213       0.15168155812447473       0.67735635132186567       0.31073283793632528       0.28892697338864920       0.14487714521111358       0.15339117462789262     
  0.54956585323801621       0.50404230789196525       0.50548574723435014       0.53287413087683910       0.51808753487411774       0.55748734791589127       0.57245376896845257       0.67790161711153762       0.61973842815957891       0.56492877523144414     
  0.21631967315281458        1.6276870657216561E-002  0.12999111533676785       0.17873186683698342       0.16213706272542261       0.69408742051604333       0.32421208803631862       0.29874361067510186       0.15841894324023117       0.17128449431118434     
  0.68515085605057724       0.61370865187889201       0.57439240033125516       0.55366709304246009       0.43900221172657561       0.62396138909445320       0.63554831433941050       0.67389301108102262       0.65140733546101848       0.58311184614749800     
  0.23490179914027703        1.8455273445372917E-002  0.13999663149319402       0.19599281670790264       0.17391391307423268       0.70947383904381922       0.33767357507413986       0.30868719807849815       0.17459129354855599       0.18899615352707999     
  0.56105150950921068       0.67046620795535739       0.63476817360404547       0.66607101479060860       0.48376796395144400       0.55139463278888046       0.59956685109472563       0.65155003023583169       0.58918940332205039       0.67836534646254809     
  0.25320111899297537        2.0773487546567063E-002  0.15026578220559672       0.21308209813338103       0.18647873922616107       0.72406212677518256       0.34996953784760798       0.31844565687501014       0.19114656409561895       0.20586642540350000     
  0.70567677791523165       0.56824319628052378       0.48845581361645118       0.52714692350279080       0.57188796963050992       0.69481337630205386       0.56149048780454935       0.69277004975068524       0.65381440076462416       0.57682242593893018     
  0.27082385100560902        2.3281625028063749E-002  0.16570235377509721       0.23052829974295241       0.20199224236749375       0.73644712374922139       0.36223291674092384       0.32732126345806672       0.21007732978674970       0.22295955565425646     
  0.62071544324477146       0.53344216277228151       0.54888227495592701       0.78453046390965542       0.55999898890795130       0.48824938640676196       0.58172461270192166       0.47945427061111273       0.64470017060389484       0.57750166443502793     
  0.28808041535705869        2.5846189604457118E-002  0.18199417663159353       0.24724188729315746       0.21949751944084084       0.74847433800442553       0.37347728331771912       0.33430191930850017       0.22903733357523054       0.23983001763416018     
  0.65814856334090965       0.58194604797460148       0.57168674997231272       0.69460795611743020       0.61707127593584576       0.54768521648623381       0.55384294242314358       0.49593980484331979       0.58673809088523921       0.50497405165836995     
  0.30556588118060335        2.8934180212069952E-002  0.19735752158158587       0.26343293670521967       0.23669223269240558       0.76099937056188482       0.38451547768201405       0.34048510029610290       0.24639868647477292       0.25652281906129165     
  0.64869389478519801       0.63459948778581221       0.51804676131443406       0.55152939984149763       0.64007811838401385       0.55420535220073852       0.67075000580025035       0.49949119037561968       0.66419067874831161       0.60504691382445941     
  0.32262997681748173        3.1990131206365888E-002  0.21255117949197724       0.27980632153051421       0.25417689219763290       0.77367981462033830       0.39412827688227281       0.34614379370591203       0.26337995081677712       0.27275042789365705     
  0.67976852617055084       0.54998275388350859       0.56031554426914587       0.66007340621693888       0.59284809961298968       0.55851654056374034       0.62187020864012588       0.52407257302556520       0.54139058859426958       0.56006793849784797     
  0.33676805044003078        3.5293362833320283E-002  0.22891026102386342       0.29674979935403689       0.27090098283060976       0.78544262064058590       0.40314547537973494       0.35576938961296434       0.28091769463719052       0.28819555022117233     
  0.51096937335265857       0.58012730120878808       0.50854195563541282       0.61666581347880500       0.55974431335643693       0.59666770350555576       0.66589832451487341       0.68092104384474317       0.50471097728027514       0.54774927272824137     
  0.35168630091241976        3.8702210798727328E-002  0.24490528983181231       0.31411228146906950       0.28584630678275130       0.79685863247372324       0.41264922630810780       0.36528175390407941       0.29761389023046381       0.30284159629499269     
  0.46242576350558090       0.53707208335781398       0.61219665109074883       0.60339379115428637       0.58289213735663126       0.57327398680274289       0.61666698377290141       0.54465044548806651       0.54087482816073207       0.48735656004827538     
  0.36708140022433511        4.2334110773751599E-002  0.26049506373567138       0.33126997665047070       0.30180756216516641       0.80716569296101948       0.42222762649278411       0.37759001433784967       0.31476962324482743       0.31725850022831814     
  0.54640216906257821       0.57006075398658373       0.60842084519448070       0.57547241033169971       0.60827901480233115       0.52647684127104488       0.65807128347792931       0.72909187094491035       0.55188284071890537       0.54851357273289503     
  0.38208022172268286        4.6058607987247105E-002  0.27561291275328598       0.34900577915513209       0.31904537531544785       0.81728270903154432       0.42825042479453562       0.38980598891053536       0.33200673100512890       0.33096025486925623     
  0.53818879357190763       0.59834435742575565       0.63051119906161945       0.61862821932644063       0.71368075466282543       0.55333489226187138       0.46333870624696116       0.57045559856574346       0.55675312777789199       0.59211435710993865     
  0.39692319692684069        4.9996331911701532E-002  0.29158526110914135       0.36740954246182700       0.33505071063514574       0.82637254032374485       0.43453565375787728       0.40186070557063713       0.34943443775061306       0.34449116942823371     
  0.63561431392216805       0.48558120509839681       0.66599641191759673       0.57395014741198047       0.66609630009863707       0.48263545753747011       0.45239407550318339       0.50810006287185727       0.51818346929264414       0.53470928583419941     
  0.41100417536932160        5.3923462256017990E-002  0.30701295583475052       0.38589088719071268       0.34971856832745013       0.83540811702003270       0.44104191035384949       0.41364642294332227       0.36751224280476574       0.35733181570891959     
  0.58130093297089924       0.51800317545722996       0.64742549350061984       0.73949820894764018       0.55078909470247928       0.49919447261406014       0.49485473811758535       0.69915581630432289       0.54938933295140879       0.43584896247595889     
  0.42403778296234196        5.8014140449068510E-002  0.32248148499585477       0.40442675576044185       0.36469673377863077       0.84349546627650329       0.44873397539716081       0.42434503025075121       0.38447230379238628       0.37014188156976235     
  0.69877121618839122       0.50802320417890168       0.59331571689640528       0.64368160044073197       0.53889770580634311       0.63089924124197450       0.49222301187479428       0.50120092199590105       0.53601530073423409       0.43284396086822768     
  0.43886766629860730        6.2201611343460007E-002  0.33814279849007145       0.42293213818480740       0.38046919332554013       0.85122201326412994       0.45997376076772667       0.43519813942390928       0.40081388609308077       0.38292125756157469     
  0.48813182751479961       0.47155750383725059       0.73970745682392269       0.67071139669119328       0.49118469346874577       0.50104853438813013       0.77725066305866086       0.46897643170126396       0.50678859189635161       0.46103137983136894     
  0.45459192737377602        6.6801277829758463E-002  0.35438017992267740       0.44143250514595167       0.39579424504431526       0.85803121960296225       0.47088668327123029       0.44667141115629438       0.41695021290296530       0.39575710040111883     
  0.60949597270020450       0.47580379639323334       0.69775121508055049       0.66977228661363253       0.54482291092264046       0.45733237926993692       0.60139546517602860       0.49226101442679460       0.55540103191425638       0.53762339914411272     
  0.47036546019552461        7.1648168000852483E-002  0.37046410606125824       0.45968541394609025       0.40993992109443389       0.86493332805432821       0.48159210685118664       0.45826319167045143       0.43295662815227376       0.40880350997138987     
  0.64167554297826956       0.56711122098523670       0.63582360317128550       0.59585025357540755       0.58263901526517126       0.52746531590643364       0.64941281917286353       0.60714816131233529       0.67031974534194017       0.51695016526275772     
  0.48638476051871832        7.6801030893143038E-002  0.38640375509792513       0.47790243923167924       0.42452942659865961       0.87207269813142763       0.49189413689366324       0.46880241719909482       0.44896905693717393       0.42406542610266867     
  0.53446787268956575       0.48193426167335984       0.63406193501040509       0.63191870606140621       0.48207111759163784       0.55568045204766248       0.63772506200806744       0.51631867788938290       0.64430999974803438       0.55724752516811682     
  0.50187216454578654        8.2007492755337072E-002  0.40221718517252630       0.49631706227890016       0.44003814767425259       0.87895446680849598       0.50073873708956085       0.47862496428365015       0.46482127232560178       0.44098453278270183     
  0.66962264158877693       0.49431171704004195       0.55912664167378179       0.64988557656666590       0.57998744915182165       0.51389247153449336       0.61706726813900348       0.54663663646563820       0.61335678324342402       0.72883366012204798     
  0.51691804338365854        8.7373307540282719E-002  0.41826562682871027       0.51297470287505820       0.45317507795587958       0.88505464210525420       0.50972391503180015       0.48877720268614333       0.47959220641368955       0.45700417555863221     
  0.50465444499539946       0.50859846476616311       0.53900311968335646       0.64305281245182144       0.62095055703001456       0.51577972284973128       0.55855524658915578       0.51990513602340249       0.49990512383766339       0.74998419021824991     
  0.53168475201808219        9.2815662792701065E-002  0.43443945384355942       0.52832716142710756       0.46317907462433749       0.89119887479463400       0.52018833824453825       0.49922682740744329       0.49374946821862353       0.47282989196291780     
  0.66384938520269321       0.46418641577109632       0.59562436875610547       0.66836923940903559       0.45101044003245927       0.47113203403443682       0.67739761105119234       0.53760936896698042       0.53341682898214382       0.80202399012018932     
  0.54607603822488349        9.8675726475342965E-002  0.45113272302092644       0.54442842141518244       0.47417105302268930       0.89690390016140298       0.53040766795694805       0.51215704339365087       0.50861704523158224       0.48738675703921419     
  0.55423983889973749       0.44181342159812093       0.63353044922937185       0.68484119654934561       0.47613841730151091       0.53707740173678686       0.59423345240558889       0.57056907116205147       0.53551541483422849       0.84734095382840036     
  0.56065962164704719       0.10477241751819069       0.46864028578742301       0.56132534140212198       0.48523013419447031       0.90250468388881011       0.53962041910993586       0.52689482862607195       0.52375205441559392       0.50093593763905986     
  0.56189331424583677       0.49443920401956482       0.69257727409976100       0.55746554372935875       0.54665161530964457       0.48923692241832728       0.61821023324351476       0.64399184709752200       0.50548425227388682        1.7851260215964697     
  0.57464799344180661       0.11106158640289553       0.48559102199864262       0.57868708204537522       0.49665429581416887       0.90752671329785506       0.54882959267088272       0.54091472828739651       0.53827324895280682       0.51649840448846684     
  0.56730165700249491       0.45654978155898424       0.65037811796938272       0.69406951426920316       0.44330772776150229       0.51810074291192920       0.54763410637114607       0.53276489612195232       0.44617867857656462        1.5698915898628847     
  0.59104704919447626       0.11735314698913657       0.50104011920315461       0.59581468872973786       0.50756643600398876       0.91247441796626105       0.55710068083463116       0.55452982801308937       0.55244872305080794       0.53333603557855913     
  0.50453656081773501       0.51590105130881159       0.55755294162080260       0.64910561381775445       0.57301325707000239       0.47812993278289156       0.52188601116385236       0.50326351598384400       0.60718436367186512       0.65727958938018616     
  0.60760933414079998       0.12490507531095199       0.51604997279912090       0.61262134075150154       0.52378080522946946       0.91714493591887103       0.56542387190819943       0.56791305145091142       0.56625387183459797       0.55045393529233078     
  0.62331756225977153       0.49330133463873066       0.54017018221174562       0.63475248971845855       0.57160517819061796       0.54684850500075155       0.58195247686425267       0.51689911701723890       0.50255930266380511       0.68319398768812623     
  0.62384225208929234       0.13245498979640155       0.53020834967483432       0.63009304806308386       0.53977601906922357       0.92173994709390950       0.57403399594222215       0.58101198350044936       0.57983097563546815       0.56797620682381178     
  0.59960621279295734       0.59556952120717688       0.59425523867303853       0.59511748949260146       0.65939803511124961       0.55094529236457845       0.75913999579179192       0.51555055390116189       0.48526323739852034       0.65380145618409102     
  0.63995417626976914       0.14152702816144977       0.54437368094564886       0.64752554805039708       0.55694541663871999       0.92613115528662249       0.58287223606427130       0.59447653270513745       0.59276620235769861       0.58532784600520771     
  0.63929114519614305       0.52232049602330721       0.58571457264505700       0.55397607162849816       0.64006880768647312       0.54683849836977272       0.60063909804159954       0.51688712854238061       0.50233510364782030       0.73515864460539093     
  0.65648640850189188       0.15084997981921450       0.55857717415664809       0.66305843510923923       0.57398828605588936       0.93042847911441784       0.59210522817482458       0.60814342302051549       0.60550499403712088       0.60084446394893198     
  0.68320807102814396       0.44913499681228380       0.63684294698421529       0.68410469977677280       0.74519029098706380       0.43309400112149526       0.57545836740186362       0.58309253395419369       0.43914396344104878       0.53110009867374486     
  0.67293386389830712       0.16111375010611828       0.57265167588958077       0.67797236818528428       0.59034758014138866       0.93453902603698558       0.60146882680059699       0.62238338284083838       0.61970159891050125       0.61784882178455880     
  0.61129473860064987       0.46541594558772637       0.60081889348955253       0.52666053703541749       0.67440518328730525       0.56224553213451556       0.52101564386759380       0.50938372912597485       0.62261405873113984       0.55149555170893516     
  0.69001046321760262       0.17207602534680014       0.58684840483347889       0.69082702773243654       0.60649121974444409       0.93861277241492524       0.61057562439496116       0.63744064158579117       0.63423499543929951       0.63454161852061097     
  0.60950099863715701       0.43006727092118979       0.61433972741105147       0.54432076738678581       0.68798628085581159       0.52042265147458233       0.69165417520696149       0.62402515802487712       0.49918022678639840       0.55845667392887555     
  0.70687708515645531       0.18414244290101728       0.60163126906889786       0.70394499586887260       0.62253983081923958       0.94245368016530207       0.61941948840625760       0.65280011485195832       0.64830940770053869       0.65198070994490909     
  0.69120271092221841       0.55204533055902372       0.55367806333572789       0.42647884569485717       0.61404530160079274       0.46743471084191662       0.58654426296373352       0.54743461887401457       0.52145549492593313       0.56100047396513009     
  0.72443613926242201       0.19679642630987884       0.61704677102305405       0.71683972454277389       0.63880130520625544       0.94617077288212115       0.62822589638005455       0.66915361345599644       0.66216062361161687       0.67010776801167549     
  0.59368451786293430       0.48584948659319932       0.59322255275730229       0.59295148027039435       0.54484431916110254       0.49167122706542310       0.62126513068554012       0.59932107585186023       0.49274924115086394       0.67669121701033774     
  0.74200319523470104       0.21068432939414752       0.63167054606053119       0.73028071385929660       0.65683659368421610       0.94986203377989498       0.63711499720462317       0.68604576729678735       0.67634898762670137       0.68852050804656861     
  0.64525995544070591       0.50323107566552217       0.71207341805559765       0.56364750987915069       0.70030616098260590       0.48091111998663166       0.56404158580071340       0.58579409278629702       0.46574247915997469       0.66060908234587601     
  0.75923622685979764       0.22501107696547831       0.64402316811452476       0.74368438418683547       0.67563732162648993       0.95340398577636587       0.64566577365845579       0.70366400815988206       0.69046293237111356       0.70664622475103878     
  0.59867685254653979       0.51157614854516720       0.48754979995098380       0.50545658502480084       0.68096132954161825       0.52408165566975551       0.67059581122252798       0.76038718124254812       0.48789303476790707       0.66384251901101954     
  0.77654415847202440       0.24162737667932277       0.65698346759804649       0.75791506577244194       0.69398685932189585       0.95671630937373031       0.65407261254003934       0.72124804881160531       0.70540578322520398       0.72454360871990064     
  0.73544208462904170       0.65944584916238125       0.57639999997019387       0.60052655922382936       0.76166524224346654       0.55968572926200677       0.50583246568034446       0.76261314800876967       0.54662900353824839       0.51766104000991231     
  0.79252174644108464       0.25913219631169809       0.67184409986189020       0.77148386743429143       0.71215426265467108       0.95990733552595453       0.66214108153596496       0.73913900226331941       0.72039124857216319       0.74143760326824548     
  0.53840253356703272       0.50537671950876240       0.50922152961816669       0.63982597775551964       0.68154374740038381       0.48645386047172229       0.55689695605753742       0.67606540677849436       0.53242391806180256       0.58226402367585861     
  0.80786133479538447       0.27866959877122399       0.68655752524814728       0.78222969032496248       0.72985945631704052       0.96304566350288279       0.67046133298254551       0.75665497922733727       0.73581929523835110       0.75867372263620902     
  0.53507704873068329       0.49049103679731981       0.54247304722365008       0.47875757561935339       0.53406980792770475       0.52809312548262433       0.60902429902182187       0.52981909693205032       0.53255927005742310       0.60004615669725125     
  0.82073795961608831       0.29924622621636182       0.70196415151735669       0.79333983706630107       0.74656363196702902       0.96607696625398887       0.68144590746847855       0.77158845424703615       0.75172741818314870       0.77380589740197947     
  0.53998561707723525       0.64619335835696434       0.65831697478464224       0.50502929662579454       0.75230123324503040       0.42707401796664479       0.57827111618311366       0.61752317331345452       0.58731058881147435       0.53134851250845128     
  0.83105917749604974       0.32081749758722311       0.71756291878923906       0.80245063432119412       0.76311803179912241       0.96903561681954631       0.69205892299747707       0.78712898894384675       0.76772131941056887       0.78906957318871485     
  0.47080813431364554       0.51320921824213228       0.65772066070390967       0.43379631056697882       0.56192075442349354       0.54212032796821619       0.69396503495041872       0.48432756721451753       0.49118576106155726       0.53324790960413004     
  0.84436198965173892       0.34224713693843833       0.73521591975354472       0.81413767397046310       0.78011234522982087       0.97181756112989326       0.70267009602046204       0.80227743265476315       0.78372292698815849       0.80284828814644305     
  0.53948786533100335       0.57886938638237218       0.63388306928762095       0.53870239893944671       0.57706973792795890       0.52468124271178174       0.62033778456777033       0.49342094502768075       0.56005632524310189       0.54020165147558985     
  0.85819147966370546       0.36840336968813842       0.75226473581075337       0.82652609042126468       0.79815915177512697       0.97450370272021558       0.71313108184326690       0.81787397900080627       0.80016239821351487       0.81650074766572223     
  0.58782569323763278       0.60057886963841811       0.63057808906374879       0.50941554488075269       0.54944223967757166       0.49739569694234165       0.55029136798180844       0.59090462026529367       0.69874562290694675       0.49519383087512925     
  0.87276388148846096       0.39552283792610926       0.77113429416363477       0.84149465325634709       0.81554539626635769       0.97752183275268245       0.72486985771897017       0.83388406393772707       0.81717166358123616       0.83178479456883148     
  0.48376441708265838       0.44553526120935255       0.72598924358864658       0.63410772812782701       0.74334380452185722       0.57715436974102741       0.54578698161635530       0.47956210171753261       0.56541859477870915       0.56421165542558238     
  0.88716410445876870       0.42820228973877494       0.78996920126807724       0.85609074338020807       0.83262661082556366       0.98058084638850651       0.73663727010402225       0.84986045073810834       0.83413465854556890       0.84705042469583580     
  0.56370045268610858       0.63514220011830114       0.73021279667082750       0.61689814109634278       0.68808573004972140       0.68398020058567111       0.72691849979417911       0.52303901037279221       0.54585900612353566       0.49630305739653879     
  0.90106042265805375       0.46276795689622496       0.80697961420242970       0.87016820294335695       0.84916116889989945       0.98301331454419494       0.74999893180281374       0.86562038810934572       0.85110602704950256       0.86248410819042109     
  0.57605368034967930       0.48202951695860535       0.59586233384846521       0.58061993571161197       0.55972333646582106       0.70028432046268574       0.73933212467517140       0.55655615670993042       0.46565035213275252       0.55391064842174087     
  0.91458715223735720       0.50208828184561105       0.82428601962650894       0.88436918659378450       0.86521755211605011       0.98508689071253253       0.76350797794465519       0.88142593511928224       0.86800042923116949       0.87819012350096137     
  0.56182498085981469       0.66293538565591714       0.71718529967784150       0.64441692140938944       0.64034918472845614       0.67157955189726004       0.63248885822622347       0.58348055101547469       0.64110818174512607       0.57283526363591231     
  0.92704702341337508       0.54309963001678707       0.83845704989272407       0.89947967994258049       0.87981675625540456       0.98716491333233147       0.77885340084994581       0.89777052627238874       0.88488744003578934       0.89099045761089601     
  0.59978336016103639       0.63260965303072636       0.66810394936260165       0.61643097981802308       0.60880058083351274       0.69329951371090759       0.77487514508996125       0.58402667501897598       0.58348850156633247       0.46433434960367759     
  0.93908760877258979       0.59571057208678402       0.85073297543817972       0.91421413638960680       0.89542020431792169       0.98924413033607261       0.79457875153797342       0.91371454871627023       0.90126286156404545       0.90373313643607256     
  0.64368760754992427       0.77219700184643125       0.46962288043006628       0.62532445400309289       0.59141239213589347       0.69130259217427115       0.64023843260435886       0.74170270071938449       0.57288771850954245       0.59313848340925290     
  0.95066235128901855       0.65227149226856718       0.86767234992864350       0.92922094832394575       0.91223293982223541       0.99140308269886168       0.81082387804178080       0.92752303158997995       0.91662330627451449       0.91805608126993943     
  0.61625847121941557       0.71557414581871814       0.56452419738195148       0.49429577105576727       0.53915212706109628       0.77831381678983635       0.53120133863469399       0.86061962728169916       0.48583318195634823       0.60163428404637653     
  0.96216074016713726       0.71634810447256214       0.88578155653792912       0.94470474614061628       0.92810948323528053       0.99367056165063006       0.82731458316653361       0.94164247255502087       0.93233194534359387       0.93259967839272517     
  0.67558677279812795       0.73475218772835005       0.59968769684674250       0.61746660103432538       0.71045699297000631       0.84245214636573285       0.56478988549314435       0.70778203433826914       0.58560635185485010       0.55725748428210953     
  0.97256565246015259       0.78505228649419767       0.90888060685706140       0.95752600119439679       0.94495619522235541       0.99557150434242270       0.84830041728892835       0.95681150154446715       0.94862214252319954       0.94975896473401777     
  0.53458987432767657       0.59418253756774686       0.65404731391818127       0.51933680076358335       0.66706257069740293       0.91631621068037650       0.57662983751809571       0.71302615230031940       0.74239664615404488       0.56210521133330538     
  0.98263541159734991       0.84952833361199998       0.93391742971461023       0.97034379442430541       0.96191317546649224       0.99702394858926624       0.87548239686230389       0.97164740155525320       0.96467950189878993       0.96645189085681316     
  0.47875381350020180       0.50850742776217028       0.63946570769357203       0.60981675779780309       0.53552096873522093       0.72676946486358118       0.66087893545179277       0.76958575460322232       0.64579302312140396       0.60455619560666685     
  0.99136832083260817       0.92638490692373221       0.96586333386662726       0.98527168343101357       0.98070324149304533       0.99845172903979673       0.92327611637881069       0.98593358856551416       0.98252244651322629       0.98330991521556099     
  0.47665493420181093       0.95000090410038107       0.58732832499549359       0.58855690431931429       0.64854774058385423       0.98348474040582834       0.50165685206352606       0.85502959128152933       0.61785097937983890       0.60775389667582391     
   1.0000000000000000        1.0000000000000000        1.0000000000000000        1.0000000000000000        1.0000000000000000        1.0000000000000000        1.0000000000000000        1.0000000000000000        1.0000000000000000        1.0000000000000000     
  0.90461039602516191        1.2219187757872034       0.58146275021594795       0.53845566115591426       0.81411322229832095       0.90370547226818543       0.41283110266482342       0.82979885885257343        1.2744944278963712       0.59873526383238318     
  -9.5616432192505716       -15.785590225232680       -11.931710918580974       -10.765501761743741       -8.6451415630632233        0.0000000000000000       -5.7089858376911042       -15.328468471966193       -11.287829659611136       -7.5591178859114292     
  -9.3496927594639505       -8.6024551530945494       -13.061617134972419       -7.7520048300931199       -12.287316890430894       -10.702350283548311       -10.006086528383086       -9.2220040306304565       -9.4508140789351778       -8.6596254386303677     
  -11.354185193688863       -7.3000857636685890       -11.136479098486175       -5.9221030330834790       -10.419039370502551       -3.0388722656281022       -9.4852169055253768       -12.560224312339219       -7.8130123545606196       -11.896011453284329     
  -9.6201870581744355       -5.1246150811680460       -7.3419331077108563       -6.6567931431388692       -11.545227258971085       -4.5929720592141905       -8.7354976346915780       -7.7844107274436078       -7.9717062097719662       -8.4958553514484763     
  -7.7480938940534019       -1.8576602677690190       -9.7900943779140928       -12.227280453221177       -8.7645409892468749       -5.8716672021250496       -11.784383491571520       -8.0168376881609262       -11.250682174194939       -10.669754568534909     
  -8.2161266290904091      -0.59253824407985189       -5.5102766456962540       -9.8198094651713959       -8.7766746747865181       -7.7681089146564464       -9.2761149072094913       -8.5760966009597048       -10.165815367574384       -9.6953989054387311     
  -9.8259098048799771        3.0792237791761559       -5.3322613116392485       -7.6217154713820037       -7.1374215533715590       -10.197413753734402       -7.3044729876988947       -9.1345011559028624       -9.6734468997544560       -10.340306182772030     
  -10.562596451387103        10.566717786064400       -5.5822292694170157       -11.582129363110282       -8.4976807637267875       -11.769623578878651       -8.8414528883739969       -9.6217371797464075       -10.292906251954687       -8.2851560291682542     
   3.3197796756198589E-004
           1           1           1           1           1           1           1           1           1           1
   9.4988094848160853E-005   5.0793446544163225E-005  -2.2977049625665363E-007  -9.2535675434872786        2.9393928749863203E-006   8.3999303370568296E-009
   1.8808380513458402E-007   1.6553005862079309E-007   6.2615707005866357E-008   3.5495591178864874E-002   6.2594720315525956E-008   1.1892410799157489E-010
   8.9102461676625142E-003  -8.8574200387711119     
