   0.0000000000000000        0.0000000000000000        0.0000000000000000        0.0000000000000000        0.0000000000000000        0.0000000000000000        0.0000000000000000        0.0000000000000000        0.0000000000000000        0.0000000000000000     
   3.3234040330990457E-002   6.8861046293021476E-004  0.13404161599517325        1.6786680704727438E-002   1.2078811322740850E-002  0.16732806194851235        7.1347274141023112E-002   9.8828598570693205E-002   3.5760257507514749E-002   8.3601966290499669E-003
  0.53016661819052668        1.6295789351532282       0.72524356330331385       0.90757379028467511       0.50431144594533084       0.66119400647626392       0.48802670661279179       0.63621485041824977       0.84750580125478447        5.0278127301164082     
   5.6832366345951686E-002   1.2076935974591313E-003  0.19557656406845031        3.3009760615510003E-002   2.3954398226471461E-002  0.20502958580139707       0.10391274380612987       0.17044303166132732        6.6407663473259701E-002   1.4747303020994966E-002
  0.82561257420783973        1.5514043835665079       0.63350116806302592       0.64690307426429228       0.59298596628333267        1.1783296636671674       0.58445429340516919       0.89346528137180481        1.1685632240845329       0.85349155184432179     
   7.5610768458235833E-002   1.7440671432777700E-003  0.22749716320280486        5.0447570604773201E-002   3.6231456204865446E-002  0.22640850694719755       0.12221704420471692       0.21987391433281847        8.6895171435344004E-002   2.2028430741770653E-002
  0.52482796693263001        1.5992947097885097       0.56179640946880993       0.63788351480738992       0.66328430028015206        1.3518699597099135       0.58316703732379682       0.61406187573418192        1.1357404610880448       0.58535503053538174     
   9.3692997045594584E-002   2.3359434839466398E-003  0.25605117853353793        6.8325248240834080E-002   4.7327962688086804E-002  0.24456873550179783       0.13789307398993439       0.25359154306446585       0.10615115125851510        3.0430332203250029E-002
  0.64908596368547544        1.5943146540824189       0.53608824133876753       0.65101960674570458       0.56469244289648701        1.1385438437852637       0.56857113902641521       0.61560351218071263       0.77631411700806352       0.55218825788417991     
  0.11180578293020539        2.8937157557924588E-003  0.28152247148088472        8.5823768756866634E-002   5.9883157947232452E-002  0.26328263992055023       0.15182657630834503       0.28062257058831103       0.12145557126542100        3.9113730477321265E-002
  0.82046995854162552        1.3842301623402322       0.47582096706995830       0.51916132038212870       0.52689458338016881       0.78948916301162975       0.53744766453268056       0.52861870040094783       0.86032542350743424       0.61511556186848337     
  0.13005180382923084        3.4809232587865646E-003  0.31338612928444043       0.10285483543313483        7.5362834729215594E-002  0.28209737276647695       0.16495045781098361       0.30285056917519654       0.13492857335759009        4.8758547491127228E-002
  0.68493752427055865        1.7420884082583179       0.84267972063330732       0.71303777418274306       0.79255485189724584       0.78898589661332086       0.64406393015639951       0.61769539967748843       0.71776733453454433       0.49120738980795231     
  0.14775794484197566        4.2696819745919089E-003  0.34937042150803982       0.11811959209589783        9.0909634075830817E-002  0.30023825557072226       0.17819599745374595       0.32241454281498239       0.14646008358024054        6.3545603113738122E-002
  0.77002492663632582        1.3559169175552030       0.78194044309297417       0.63635088074389234       0.73401188446550059       0.74758192216785946       0.58651251748222732       0.81259721063742851       0.68503772721359513       0.72556648445632133     
  0.16603932572954011        5.1428093974089598E-003  0.38080989504360785       0.13292599601301461       0.10657337501512307       0.31647134615117911       0.19056707163348691       0.34022231069628828       0.15619124700753467        7.8083097145232774E-002
  0.55828340392597464        1.3996469352961587       0.79822526141350758       0.57215994026226769       0.51891767013903989       0.83606032090182281       0.53759043753087199       0.60019487364584789       0.87683866185715209       0.58059859114077750     
  0.18561047326796254        6.2984055632776623E-003  0.40731789126885182       0.14807042737154333       0.12291454791970276       0.33132437584401264       0.20234074621507125       0.35761303449241771       0.16833614743362274        9.3531010247115742E-002
  0.86103452500966193        1.7178229863741175       0.57992383290755156       0.54091517335208383       0.61821808602435047       0.72449340538057216       0.77365769569833043       0.47276740991112581       0.66185728145007994       0.62475578875040672     
  0.20444269180909067        7.3885090319307772E-003  0.43024794090630014       0.16350565505403461       0.13961557607558658       0.34503192865105659       0.21366177012086443       0.37499367532378619       0.18355078471164327       0.10941848866463640     
  0.74917619761124077        1.3086093440572741       0.62902864509425216       0.64121301699676536       0.55974649709904600       0.76322583051418946       0.56908668596627032       0.58644735942960025       0.86151617381598333       0.61841070095817707     
  0.22156581396222239        8.6460577937588524E-003  0.45167948235444566       0.17891208311285844       0.15590290036150034       0.35768819511326561       0.22487431551950388       0.39232386108227718       0.20145781864471102       0.12625964128157030     
  0.63223537313633593        1.4728318077130840       0.64723554134821193       0.65658941918508951       0.59859541706954988       0.50284554075444188       0.55106573489721788       0.62419015101961806       0.85534240785543092       0.65312427916775628     
  0.23827126558472903        1.0043974678799614E-002  0.47235372964247002       0.19691460420410264       0.17291235113143311       0.36995890400493714       0.23591069710605539       0.40838840279254129       0.21921295617565564       0.14392686726543397     
  0.58847385043007838        1.1987225935481385       0.64035834564938532       0.64127919639151887       0.55985228995760383       0.72981825894945540       0.58405930344938317       0.60076433736559509       0.95433076445671838       0.51077477966345597     
  0.25408338842117351        1.1511512025341191E-002  0.49237466577464983       0.21399762488651872       0.18985384183308046       0.38186270386974974       0.24645880318262423       0.42421764384640459       0.23572649683143074       0.16183624778387717     
  0.76095673494279537       0.96856061489781053       0.60677447070630763       0.64056702655235032       0.67175891864711590       0.59398415125552750       0.72242422346250512       0.66875945871538456       0.90468938937910615       0.63490598333842863     
  0.27069842570094954        1.3084917128924159E-002  0.51040138706689120       0.23113974711343760       0.20882256993107773       0.39292309050721042       0.25786874012967326       0.43461658220572502       0.25211272761238668       0.18054465274847420     
  0.63246592971496574        1.0222044632109144       0.70650789139906811       0.57396062706933249       0.79309441953304294       0.55851746288823356       0.56044245119200276       0.56079135764626797       0.90897791507407766       0.60887350426025633     
  0.28628215648129751        1.4941969395152629E-002  0.52557610137772126       0.24774209729665850       0.22737850425818923       0.40370663505619886       0.26982911805263632       0.44377734106186295       0.26979704195023402       0.19984401515735789     
  0.51423210406707764       0.80527166767094638       0.70063685923276764       0.69715496061157789       0.63833888698549346       0.53548998950233340       0.74913296997527756       0.42735633743578805       0.90227034801467643       0.68281271731544046     
  0.30289112318733580        1.7207614938687173E-002  0.53922541174844529       0.26375011433691781       0.24563913751355335       0.41405413114006240       0.28164381097611146       0.45286029752563206       0.28693110581195591       0.21953836663881113     
  0.93162819369424577       0.98304034613806257       0.50571717345415823       0.56055902418756764       0.81964555165780217       0.48987018482209249       0.56950671115338214       0.54358442581834299       0.94659886231018975       0.72560771269386870     
  0.31804600519032084        1.9909985163601367E-002  0.55285478743917793       0.27797245140701088       0.26364321444236288       0.42566033881485882       0.29280301843295742       0.46253926369278131       0.30230960296124426       0.23958765182313749     
  0.53057314238313802       0.87543040661294047       0.69592138417930904       0.76029294931084090       0.74850499432208395       0.56975097554113574       0.70134463592084129       0.66362146493935747       0.72516569353866622       0.72492341755815515     
  0.33318880476405938        2.2705305527208258E-002  0.56762116678020313       0.29283649723688160       0.28105482628229300       0.43807207353860167       0.30395855769318003       0.47459096714237553       0.31699147968438307       0.25973480825747314     
  0.70236129937264913       0.63362163914578951       0.64859014696043205       0.71994905014586352       0.70888134701252625       0.62121203850512796       0.74391477615433521       0.72680850455421353       0.61815537012622446       0.60327641176573821     
  0.34864790847396304        2.5503443943043911E-002  0.58156072409815462       0.30797683495305961       0.29718358296597802       0.45053077982159295       0.31569129277891073       0.48862368999310885       0.33097333390571260       0.27875289176191609     
  0.69287265335023240       0.71992491967995087       0.63655320980980534       0.62168616740460636       0.68534148942869055       0.55767624324650489       0.64072634777387860       0.63059712359741760       0.71597168987686022       0.70803577031048071     
  0.36491348620682951        2.8755416325184958E-002  0.59678719705663619       0.32525751971012523       0.31300274609767520       0.46265736215666453       0.32835950655717638       0.50199812185615078       0.34669020040360615       0.29727234992711749     
  0.71343526384537970       0.79321247477893175       0.59533430998015613       0.83626207121442264       0.59603562717286096       0.65367382213343472       0.72578172346934233       0.57550553362409795       0.67412918928489773       0.64282710982330160     
  0.38227891409452941        3.2611956714790925E-002  0.61096859680105986       0.34278997793680938       0.32902129573370581       0.47425972240737885       0.34133074104928329       0.51608951978500006       0.36379883066404484       0.31555309654695346     
  0.69285806647795511       0.55086551610006462       0.54903627344008055       0.58167865424925902       0.68490878555549994       0.74603418337041649       0.66428723453104166       0.76823001799693236       0.73060366682960820       0.58709243423519009     
  0.39880773385375634        3.7298136339285651E-002  0.62409954812516988       0.35939534322823680       0.34653223079734324       0.48583934877411911       0.35382387394349679       0.53082752186501148       0.38132472961842950       0.33374709625915167     
  0.66716369378761287       0.82011002091626695       0.86747775645433711       0.89307805833494069       0.67989731721470559       0.57911475024043757       0.73690778301158466       0.93049268790669182       0.79632440569819785       0.74141761552457541     
  0.41576316447138084        4.3066956719074151E-002  0.63563656078777109       0.37455680260763202       0.36248488470398343       0.49741899401327888       0.36586290202198196       0.54513039787124562       0.40008625294892247       0.35144121217219226     
  0.54245089510935318       0.81643759732997345       0.77691260692330855       0.61842859125830696       0.65404302443988871       0.70015605139217041       0.62667521481315780       0.89128498678419665        1.0901307365154391       0.55747806177036130     
  0.43273828827555466        5.0058573363832966E-002  0.64488824387851984       0.38735981805134262       0.37880698546646602       0.50962380467705826       0.37724641069457510       0.55763033258552497       0.41762608777357318       0.36924563960878815     
  0.58749311189280951       0.65392480209632431       0.53964562511572078       0.63898579836223701       0.66777336117376218       0.65609090410804838       0.50039360901508800       0.61989841394759282       0.69026701702945703       0.58675232915332343     
  0.44882023779444624        5.8432327893727438E-002  0.65507821021764268       0.39876030233862769       0.39529906281476168       0.52171690532006199       0.38788445250809439       0.56685574612483991       0.43455089826991838       0.38772635462955246     
  0.61548951345691860       0.71356672401516152       0.62785974644432696       0.48747363895109508       0.88721116525053156       0.60796511349475635       0.81535981928747558       0.49771008421741819       0.84167976847754722       0.71314819257255890     
  0.46278718799371538        6.8168167977118582E-002  0.66564703298742078       0.41395780634088714       0.41256477846214695       0.53298375365040795       0.39790155474543315       0.57562738874107255       0.45123486367031418       0.40591555489739917     
  0.73293444608971148       0.72823916227355046       0.62393397705892284       0.81954201951386374       0.75965198183835747       0.76967483223591149       0.49369075534853707       0.49880932930648475       0.67231337160329574       0.60649194267984363     
  0.47424887989716036        7.8860827780291437E-002  0.67699112181340393       0.43051233073025641       0.42855193986034212       0.54407278561943628       0.40768525702842334       0.58521963729010273       0.46826116774101834       0.42117467500859956     
  0.53173309867014384       0.56409211997107145       0.64827283846506800       0.80047147335075508       0.68311767122919131       0.57820190295472007       0.62230807105333663       0.61923976259043512       0.66958298470046829       0.61052214303852037     
  0.48564996609702871        9.0526491521499525E-002  0.68806200112336557       0.44909537319307941       0.44168059240551361       0.55521742718114453       0.41780728941417189       0.59713883861718353       0.48291128005771206       0.43532901678989339     
  0.46948267107064184       0.59644062330867886       0.62606534508264711       0.72878600986400155       0.67530939504243204       0.77811681625668405       0.62314891777992720        1.1544972490699599       0.52786073106699349       0.51844178140676367     
  0.49971309063619962       0.10301436068089177       0.69844533741022796       0.46666162534458017       0.45439529185813099       0.56700528083525681       0.42826206019462965       0.60896922152316868       0.49403128221256692       0.44816985777377216     
  0.56797984389016598       0.54138982485434395       0.74804881301524029       0.64499995732733628       0.58485598256628568       0.70691627023042880       0.91292231483484920       0.64913633789264924       0.50713907560323224       0.58452234502709688     
  0.51615591385470794       0.11697588978369283       0.70864474245096232       0.48333788646038600       0.46545440065617372       0.57827223553662976       0.43935581026230319       0.61992617551294238       0.50535558930849567       0.46258431267010158     
  0.69612989318490504       0.49964290449878468       0.82085135905639806       0.53298995497049151       0.57652089183176514       0.62555224740943771       0.69350328644634884       0.72478865505349654       0.48797587125371317       0.55533671363366144     
  0.53420457616431904       0.13133435166708773       0.71837395349678190       0.50034839370432871       0.47844095863372599       0.58957165369135611       0.45068663762974104       0.63074894702882067       0.51670867039572510       0.47799590254971031     
  0.71813860675418550       0.56546644124035916       0.63592433110557156       0.82719832054869091       0.54623830094602221       0.66512021477078320       0.69669389945929816       0.57469124095799629       0.46679821273582622       0.55681038641193792     
  0.55205377413962797       0.14546200978961549       0.72717659015787217       0.51783914265267394       0.49283915845762971       0.60117390791942893       0.46279948495320528       0.64254150626568785       0.53006505687016814       0.49350764588896734     
  0.75180477076358243       0.53529319260972197       0.87117332495113675       0.71343353879951166       0.76113520103722487       0.64914639444568345        1.0203094970004405       0.74218191293167146       0.67221566086457130       0.53388024290030311     
  0.56900507691937463       0.16029067923183282       0.73578058085038101       0.53532969176161171       0.50861210399212597       0.61392724327612236       0.47478492513797610       0.65528466194914192       0.54872148368609452       0.50784153148231947     
  0.75926179206454181       0.45955983772160869       0.61143501543289736       0.74997720433847948       0.56400699099548401       0.68080719353460584       0.77424450119850341       0.83195153049233539       0.52987759575823346       0.54918586676714354     
  0.58620607342386610       0.17875105081988729       0.74508372818898716       0.55171607694633551       0.52486108434571599       0.62673118026528341       0.48472792157466249       0.66815906668993619       0.56623052756598624       0.52134876806263797     
  0.69305239351296455       0.45677104445221889       0.60826423863206402       0.76566124491217036       0.88593365432614379       0.69717668839027425       0.57718224425526210        1.1431185163786508       0.63693897175804637       0.65747922573814821     
  0.60152347634537084       0.19870788641721329       0.75467867717366077       0.56635265143811764       0.53855156032878271       0.63879022127077889       0.49297402594718848       0.68152737218900683       0.58225845404066834       0.53460599475040516     
  0.69864186615500290       0.54226539655825290       0.55515234888196341       0.73775312223876810       0.69625996740156204       0.70063380365172701       0.66770616303225283       0.86704609069746719       0.52402918930002440       0.52900965111053677     
  0.61384090348705467       0.22020480779125243       0.76419213492132676       0.58119041414827566       0.54994562856947637       0.65051916742362548       0.50056719451141363       0.69538309048133151       0.59735804526493175       0.54732368012362709     
  0.49569896530741653       0.56537142448276845       0.63811062679551156       0.57094381610958489       0.44274300534303573       0.61436107154908715       0.54094823281336368       0.53731187923097790       0.65566365398036663       0.59278999559795209     
  0.62470167481806282       0.24201296806561931       0.77369454590311415       0.59517136746853105       0.56032293967976843       0.66236531512115604       0.51045916329778385       0.70901945515752940       0.61249558195607134       0.56066151228666428     
  0.59860253509930605       0.54183111610458123       0.79855988705996517       0.53950228986793369       0.65430673840241260       0.52333567514325363       0.52720946797554880       0.76439570011989599       0.67662333310482836       0.48898217848134912     
  0.63654408214021618       0.26421675152579921       0.78320239618512055       0.60993355706380592       0.57686948347099321       0.67490386021225934       0.52181185071663883       0.72165865619730962       0.62867043322057670       0.57590419752363020     
  0.54707892596223162       0.62927524248152433       0.71555678200817951       0.74428762383147495       0.90610543904750318       0.51333916476250463       0.71384076996883328       0.60479409405974605       0.52615717062945100       0.51779479557226771     
  0.64819729745459331       0.28677845403051466       0.79257512847627942       0.62425657569865312       0.59427906855166412       0.68748692385179155       0.53279661038526993       0.73279857386271041       0.64467995368582387       0.59433711508007292     
  0.67691752919849812       0.46639342068796091       0.60532768378666635       0.50473384403492660       0.64764814490709044       0.64894096431403492       0.68760010096853996       0.77154693665735252       0.73065048987630499       0.59034826327290391     
  0.66165089151380008       0.31040928699807990       0.80154462932183657       0.63997701669207618       0.61169069626083317       0.69926285227213081       0.54363872405692704       0.74423340247390823       0.66013770189496468       0.61215980211806698     
  0.64165627725675090       0.51296927780835033       0.61659321752766982       0.76984829370497210       0.75479514793623781       0.74660252586842724       0.67412361263758269       0.70460473845230975       0.56679878205126955       0.67151086138137517     
  0.67834270816360021       0.33502998869846606       0.81015618125747502       0.65646558258261223       0.62700656620307982       0.71096802480044763       0.55167076997478259       0.75567948380424443       0.67517684198433237       0.62850232880594847     
  0.66205431590576347       0.61529066361416795       0.86150122257289008       0.66031839689066374       0.49724049894582351       0.72991574626783873       0.54384622906366997       0.89516028248507873       0.49706173914230167       0.45854054208655365     
  0.69364168634647860       0.36042376464019854       0.81863452300681616       0.67313436518059255       0.64138174969951423       0.72266080763187290       0.56005598349492836       0.76743261458357093       0.68998794939723984       0.64328571696917825     
  0.64972138404498592       0.48331856165063009       0.81640799838234879       0.51907384146749647       0.58465400074413643       0.64743988103032768       0.70514775184940715       0.67497751028488207       0.54417784583303030       0.48106090232974025     
  0.70812622680025772       0.38581713477984525       0.82670317797130077       0.68969657291020170       0.65517799167990931       0.73447255544109269       0.56831191701689998       0.77961860430094709       0.70295488155299102       0.65749664112753081     
  0.64750987624630363       0.48887698868237017       0.77910406632866058       0.74728551953663624       0.65243395159309758       0.55367575517493495       0.63084448238258450       0.60586855256470584       0.47683598268502925       0.48735940334871175     
  0.72327661373300722       0.41032164776192720       0.83435070948021861       0.70611069358735479       0.66930842018919079       0.74621213266101361       0.57668017586798925       0.79027773925846234       0.71610232316235645       0.67316820568996294     
  0.57373322016612305       0.40809335754571258       0.57017007524312124       0.56331828211118973       0.65842706976039567       0.78746892616200337       0.63069076183660289       0.70504386796515894       0.44912430804668069       0.62698977973294490     
  0.73790720199662063       0.43430892935749360       0.84169702382236056       0.72266876833692895       0.68300671037333915       0.75641155486845324       0.58753119768646256       0.80055231963891049       0.72957314084349079       0.69044198662695311     
  0.64738039419173687       0.42712631455940125       0.59381832304952242       0.75502398349742073       0.54287742141185424       0.70837199423282660       0.56566657917355256       0.61215474382719837       0.59060117731493789       0.62432645464341086     
  0.75375631253435749       0.45817576025839185       0.84896750796567189       0.73998138699336613       0.69768415520555549       0.76533309642662972       0.59976247135042915       0.80973644436579273       0.74415470948823192       0.70961364112003678     
  0.84935385111757555       0.53416905513826762       0.80363706964933190       0.88121603918578173       0.58083762137960848       0.49088050986375059       0.63726473809765316       0.50138615099048656       0.54529505486832386       0.70868718743481363     
  0.76936762581617801       0.48239859193145057       0.85687150253517874       0.75438288443711254       0.71363057062350421       0.77445712174493908       0.61156208944971313       0.81936382832401811       0.75948381833490031       0.72950247257825163     
  0.85883583799220153       0.44535053514207840       0.74167509987218772       0.58286720789162094       0.80156088005176729       0.48339344058113232       0.68920475916920554       0.89340744538823236       0.66798371766996834       0.78378238875234452     
  0.78451093667494298       0.50762054484923602       0.86457051818023656       0.76646168088829891       0.73093543471242417       0.78630227275736719       0.62326200799792320       0.82895223300872822       0.77450267041442711       0.74928108447273767     
  0.63246759010350206       0.44084198028493682       0.64864942032952855       0.58040039201304117       0.86541958976440148       0.47660875548400117       0.73522793961668054       0.68565691796827821       0.49361300972336652       0.68287310506169119     
  0.79984074358775459       0.53418086721396141       0.87253912613395279       0.77840234816774023       0.74893922127926515       0.79963639579396739       0.63383552367216023       0.83750863783540119       0.79014511615045291       0.76901357501714096     
  0.61828731307545670       0.48100653920608399       0.89037695697973118       0.48767101140468416       0.65918808833110099       0.68166631020524859       0.66500604521540652       0.54504569666729041       0.47491462625021125       0.51665127914322750     
  0.81531652515493636       0.56088332273906905       0.88021938689276125       0.78881761435535136       0.76683471531634784       0.81206067748089816       0.64522357498840244       0.84541407112122213       0.80584087659306081       0.78902292714345290     
  0.57537442323959553       0.43210140036431627       0.74146724016626464       0.55358613705514392       0.58887416895937816       0.56122345213921265       0.70051551634243925       0.47259872959171351       0.69404472637719061       0.76120616279353714     
  0.83198935840806343       0.58630531532035057       0.88799465929555010       0.79945969366497971       0.78357649356488179       0.82410466928564663       0.65640016863641015       0.85350615765441040       0.82150638955136712       0.80782547374359037     
  0.56626535588493243       0.37767393261696386       0.53451234740827458       0.52861517545328462       0.67680978741571762       0.61896523388379188       0.55044967454835569       0.52648324609385477       0.69381363901638826       0.63308225661637152     
  0.84783130067696177       0.61110757928896686       0.89502808904013220       0.81344359097259467       0.79895666606032523       0.83609585147344734       0.66828231504575419       0.86288491738641171       0.83723181627727439       0.82635996025203629     
  0.70682458531892778       0.39738808015854205       0.56642933220793057       0.60691733149692306       0.64312358933930736       0.65580938604977701       0.60385678568531520       0.69907119309643051       0.57975505224715529       0.68038011565766721     
  0.86225339978965487       0.63636707823644079       0.90193195083618671       0.82890528056278034       0.81504210720909032       0.84868484468942895       0.68145360027319124       0.87388553757208898       0.85259664110881883       0.84505088754762392     
  0.67325298082754770       0.39411339518942429       0.66628789799572186       0.78240341376543843       0.73186332177188174       0.47305517442889178       0.76457303556392209       0.55720486580676931       0.52086212170778168       0.60511942839597099     
  0.87603162131843682       0.66406483963956886       0.90883241706972573       0.84455016322829679       0.83134608699538426       0.86272095016123362       0.69621604454867880       0.88547877772953432       0.86728829330110901       0.86193967730866350     
  0.75247675084403598       0.40559550625633883       0.50686357886183697       0.54271460442376096       0.64657159570875944       0.77160362077825972       0.62283071044170735       0.64259311316640610       0.46756424172604627       0.61108598923107893     
  0.88924289918226329       0.69179742439390302       0.91584546357821550       0.85831983522639432       0.84782068045949743       0.87660125266172551       0.71121470479459925       0.89712859282688184       0.88192206352350466       0.87839937305554894     
  0.61078427985812866       0.46515828289212308       0.60378825858411811       0.69116369172012804       0.57555308741295841       0.49875123870625804        1.1842075446770137       0.63991943676951846       0.52815531390447112       0.47756753611456432     
  0.90297551218919370       0.71895377416425876       0.92307246645015073       0.87133955289049025       0.86482104476578581       0.89030198770080615       0.72598508402863315       0.90808940956854045       0.89651552591292971       0.89407411857281338     
  0.65224916981631120       0.39895152200229883       0.64869757110804749       0.57385690686233848       0.73961320161887278       0.70341094036837248       0.78542056250958181       0.55567809154741532       0.49411069426619919       0.55166858112939321     
  0.91729705940670647       0.74612263303207305       0.93052461886618965       0.88479814929340228       0.88235039831848638       0.90139513257726478       0.74152916549336356       0.91837939000811442       0.91184318281896315       0.90975805669090282     
  0.77867479224561453       0.39147039912287290       0.62401536532032043       0.50380024184212191       0.75811174985961960       0.58732506878705415       0.85925768697942195       0.63417134513004780       0.44265388186269150       0.64758948854218878     
  0.93177016729953577       0.77476705922442146       0.93815626421694431       0.89902315977251601       0.89923971651696621       0.91176081945733123       0.75721339408146149       0.92988673097833663       0.92742723051510700       0.92534283386754002     
  0.67010887695255394       0.43074876185556193       0.58412022341804049       0.74996422206826674       0.63604403815695620       0.60895603757702677       0.73683703251608534       0.69027391546041361       0.53505526641362156       0.60729415174590162     
  0.94611124013913506       0.80522289481021947       0.94591672148788586       0.91542466146460288       0.91451491435784116       0.92179092599044044       0.77483071225073297       0.94121061340994139       0.94303048809717949       0.94065427651810019     
  0.80315000188389940       0.44036604768746501       0.59135888195090214       0.53985127488845031       0.59112355807820438       0.69555459607509074       0.86817188408054113       0.72397413994731308       0.46733907747523745       0.58331888262442544     
  0.95921799766904048       0.83631109817348492       0.95414808396856776       0.93241950476838165       0.92966992500217038       0.93103758408048998       0.79297513772021200       0.95231333522384498       0.95830939893319123       0.95626234606960336     
  0.50595664105686744       0.47749734503146612       0.60701369387340098       0.81061779025677116       0.64661960993389589       0.53977201446810696       0.62926413338131049       0.85128626810703079       0.48979992471824857       0.62680046051936267     
  0.97026792796616712       0.86919576901659845       0.96289047036449149       0.94873533978264046       0.94603077141691161       0.94087864454385850       0.81272095677159284       0.96296884888048617       0.97186770815957979       0.97158146114785593     
  0.72636747723260964       0.44443779615714479       0.82136485983786200       0.76246030499865014       0.77765421280099645       0.49149035844775119       0.74207230355691689       0.60902388437224741       0.55492423965015081       0.64571365969613337     
  0.98047873991874468       0.90404609779184641       0.97296482583028043       0.96571338550624974       0.96414533867609675       0.95460829494580712       0.83835129789879514       0.97343321622623336       0.98486643435766541       0.98361497587303748     
  0.60062800643899084       0.47241038621568837       0.71692509051242159       0.79862479894832727       0.67630160424737318       0.75508935076576467       0.55458437422123896       0.48222447599774920       0.44719207954963131       0.67719050663637093     
  0.98952036203407290       0.94742908375753665       0.98591347404794993       0.98190598268861595       0.98226590335981734       0.97696063885714080       0.88549585399477537       0.98640334884046188       0.99279142326199821       0.99249220512242753     
  0.54792252694279919       0.48631886657174017       0.60755554232210918       0.69964978055094762       0.68820699112101535       0.85045021928982689       0.57353537192309456       0.70739408911255430       0.37373259768234635        1.2887557991460072     
   1.0000000000000000        1.0000000000000000        1.0000000000000000        1.0000000000000000        1.0000000000000000        1.0000000000000000        1.0000000000000000        1.0000000000000000        1.0000000000000000        1.0000000000000000     
  0.80327635410989529       0.40129151348028708       0.51363650747792311       0.78477639884090733       0.61440048282920401       0.59960347625951094       0.64804441261716861       0.67468478667367227        2.7122704030496556        4.7553816399010431     
  -1.9955384697435390        26.270917651330819       -8.6784300151249596       0.30814471842699831       0.16669058491469793        0.0000000000000000      -0.35080288133640269        3.2118967147224895       -3.2413605368137226      -0.75163577739941823     
  -1.0867891705150383        4.4460850357196273       -7.2203568248071397      -0.86178462172098746       -3.6785247040623212       -6.4718749910384643       0.18526455699515817        3.4444848632672911        1.9111994119637539       -2.7622913230892898     
  -2.0233525186439394       -1.8312939101542285       -3.4436501782741398       -1.5245801377070436      -0.88614464227388057       -2.4483330284254543        2.2727002316778560        2.3052632008366380       0.34991505912609383       -1.9366827640159059     
   2.2544612278388247       -6.2363032091020338       -3.9889243959161824        3.0760271778560053        1.7872199100198882       -1.5072089485475715      -0.75068069343561539       0.39357727403296444       -3.2030987399809252       -1.6924714298866330     
   2.9006382325155182       -9.3658965474132128       -3.3006683641542076       0.22128501221981839       -1.8998057892381806      -0.17437413281241071       -1.4823235656879716       -1.8965070871984866        2.0037040315144035        1.2377712371957124     
  0.51587979783899596       -13.856751137039105        1.2932213069366125       -2.1127795928789848        2.4166138365988754       0.28567276117010415        2.0638846498236902      -0.16753662028715402        7.2372268624572050E-002   2.8237098896104875     
  -1.4251604774591082       -17.430922847258383       0.43591236965332530       0.96396028929278477       0.92298615472729661        5.1123687919207388       -2.5519762521269449       -2.5679530811757108       -2.5044222357713668       -2.6088986265530876     
   8.5996160578499362E-002  -26.460229090416604        3.0666750278982922       -2.4561453856535871       -2.7305215834199075       -2.2737058327414363       -2.5008265134722092        1.7336114905894588        1.7627007128611751        3.1302020958859531     
   1.8141846313976575E-004
           1           1           1           1           1           1           1           1           1           1
   1.7358150343822050E-005   1.4038427654081664E-005   9.6373487653362045E-008 -0.24264842497909755        7.2759218794681815E-007   6.3996613334361028E-010
   2.6963575108111237E-007   2.7266337250646780E-007   1.2366429963615934E-008   6.7521105484979083E-002   1.2362447762805252E-008   7.2066545333569843E-012
   5.0000000000000001E-003   2.1358796967077658     
