   0.0000000000000000        0.0000000000000000        0.0000000000000000        0.0000000000000000        0.0000000000000000        0.0000000000000000        0.0000000000000000        0.0000000000000000        0.0000000000000000        0.0000000000000000     
   2.7811952880201819E-002   1.3274546407029415E-003   3.2753544229320586E-002   1.6942573597573316E-002   1.5168697879913678E-002  0.23513480659090813       0.13038660127006826        8.3690578999912529E-002   1.6213993281779387E-002   1.5370495528425464E-002
  0.50536774095201686        1.8347162757241622       0.57734059100123103       0.59233962247674521       0.48211880381477257       0.74270831807181947       0.37279868355001700       0.56626304819659934        1.6729431357960152        2.0175024706007512     
   5.6718948874499880E-002   2.6349183249538073E-003   6.4426830617879419E-002   3.3700142286362603E-002   3.0264149156607238E-002  0.42491202327905486       0.21026808040421507       0.15016131880485098        3.2914156381718268E-002   3.0798750683380730E-002
  0.82560598464561785        1.0794615876245692       0.98807551861320408       0.75535649112192849       0.54744422707625850        1.3313506907915438       0.58444954838687713       0.95236002475173065        1.0664105031222457       0.72588736532152931     
   7.5383392859613291E-002   4.0466753398389049E-003   8.9452930029322600E-002   5.0930188001495430E-002   4.3447797139084268E-002  0.45913906360903123       0.24706394121040856       0.18606034835929691        4.9444849048141795E-002   4.6331032229318621E-002
  0.56574354990917364       0.98836433626585785       0.59931121087649353       0.52265129099423868       0.51109740993065300       0.74444242417487927       0.51533313973470096       0.67418141192129033        1.0274599091084153       0.61793701382160260     
   9.3958113781800995E-002   5.4867787909436000E-003  0.11430252633543513        6.8449929271591534E-002   5.6826062998466577E-002  0.49339116583961512       0.27357893568508884       0.21175073962272303        6.5542518850262244E-002   6.2066973775537451E-002
  0.61703534091221113       0.85701096960110446       0.77280699498947203       0.64884145020119777       0.53189349686518195       0.69722163134314696       0.54646899074623156       0.66237837911762687       0.89595559293828864       0.62323520827644641     
  0.11149899790640952        6.9930587817465754E-003  0.13598277514604545        8.5856642511096204E-002   7.1506850497525490E-002  0.52354356156259529       0.29382341406585666       0.22791163797637376        8.2310646874078103E-002   7.8194192361357356E-002
  0.53061790664742514       0.63475536818518374       0.53696432831284824       0.67227509193469515       0.60869349799373096       0.63658031097898105       0.59432078018797385       0.59249609893856181       0.89147271496578573       0.69466802749452439     
  0.12958158402874134        8.5960473076820282E-003  0.15737766719315249       0.10314254107980023        8.6554059193002700E-002  0.55214774703911507       0.31090096027119984       0.24281501873635933        9.9200950846660099E-002   9.4421824493035225E-002
  0.67520337273458564       0.68487003416253966       0.75433819424606374       0.68956547042397698       0.61461671108100191       0.82708781504828122       0.50466636934433151       0.48236368895213222       0.85397341092604340       0.61620289006988649     
  0.14726928473329690        1.0180671131204305E-002  0.17672499679006543       0.11950919548910771       0.10162132504762286       0.57907898239142108       0.32554889196695935       0.25517300473719984       0.11486278314384354       0.11165235545390755     
  0.65072659002585365       0.63561340280615697       0.59015174124278169       0.60947697254436517       0.51932154898191629       0.66377345897525919       0.74214499619918128       0.49564001459471657       0.67154128085918641       0.56503204248623229     
  0.16558177018264167        1.1775000883307492E-002  0.19660270645404673       0.13585115328592620       0.11656441333879870       0.60273969286191065       0.33922301181525649       0.26690933296710911       0.13018948835215657       0.12903809321024620     
  0.70226580016703533       0.62073492756071647       0.53998580844301813       0.55528291472681646       0.47178748760826472       0.67092026907530011       0.55634453941090978       0.65602389179076004       0.69950837648717934       0.63771009401945045     
  0.17890486409671810        1.3456648195073178E-002  0.21452179490432341       0.14995101688668513       0.13179073282457854       0.62526284356320383       0.35212691205609326       0.27625490252815099       0.14289242623082685       0.14470054867488447     
  0.39967636029885617       0.58395858439006343       0.55977174116458850       0.56048213017075321       0.50948285468990762       0.63099524172061050       0.66226212263133799       0.49032318316972123       0.67631068272448647       0.47607852825768104     
  0.19174165936681331        1.5365347832542217E-002  0.23272083513042624       0.16332281137825141       0.14791953276194447       0.64527147818669317       0.36451108194494042       0.28594183326466949       0.15283755438867599       0.15978571615343032     
  0.56226321235483312       0.63238453516185877       0.63773935711148544       0.48529071991171657       0.50106798990664680       0.57103237357161574       0.53089108812681896       0.56902557876438553       0.45705668979129965       0.49821049886771801     
  0.20321639431480498        1.7279392393065206E-002  0.24881072159688525       0.17622144914208168       0.16461286534585007       0.66442062534697277       0.37641880859814458       0.29638757523307835       0.16362484683593811       0.17699343769329809     
  0.45676326189167366       0.52932358427461557       0.55536485525068846       0.63091924680264033       0.57662061269568976       0.56556335985667683       0.50789763237026142       0.61803322613846334       0.45454081515352257       0.57177174183096924     
  0.21580143805991783        1.9451549779398454E-002  0.26539195769932961       0.18876390530526366       0.18100821492281000       0.68155729048541880       0.38807856048779577       0.30680298247322074       0.17516439710741868       0.19341247525536617     
  0.45089460203890253       0.51314856432500777       0.57923290668984151       0.46661904595503401       0.69845107008013008       0.73294550728932462       0.53801849028466042       0.58849977612122906       0.50012697262497419       0.53691350529288207     
  0.23036200833337533        2.1682335441717101E-002  0.27824231744665634       0.20100245865220479       0.19789602499413581       0.69806653132384733       0.39927330738445876       0.31712460497982714       0.18783250621576325       0.21026739858791496     
  0.41467409676141648       0.59755199320882924       0.51297643623503675       0.51771701588076546       0.64673625394944267       0.61320913958572032       0.66958233687311353       0.64032066765438655       0.55548742648242944       0.49411611998492933     
  0.24561394813583673        2.4097613521833913E-002  0.29147279886513267       0.21262360918791176       0.21496963818295250       0.71279086590541518       0.41011688358519299       0.32731013696412015       0.20039694381578199       0.22699834211077244     
  0.57123504890797738       0.53158036516429152       0.47014407910079425       0.48427969650138264       0.62904264846532909       0.66346139136646676       0.70667627561033008       0.43845650456144220       0.51658055689692850       0.52697339645285646     
  0.26133313881343051        2.6609860984924558E-002  0.30366655029209988       0.22839996921232597       0.23179890061860142       0.72686730290154489       0.42072385600198492       0.33654850043796658       0.21635676859507047       0.24275906642013989     
  0.48455970187241804       0.49883199828566288       0.41606803842905998       0.55622137944622496       0.58898392493760243       0.67796183671554311       0.62823390787250344       0.58141474217353939       0.47061532331466893       0.85300697599758335     
  0.27686305689223506        2.9110392208346471E-002  0.31605991468334110       0.24268795701793036       0.24801356964747112       0.73968764041110324       0.43122716083033702       0.34573160465351083       0.23195024840499334       0.25815264933972265     
  0.50339667212756534       0.56939854975302229       0.50237749689049460       0.46274584549771025       0.62439177904289933       0.52058664168765612       0.80741517695937270       0.53183079166929859       0.66366329446957439       0.59361627546178297     
  0.29250365611882140        3.1727458806532806E-002  0.32743444961433854       0.25930707322403224       0.26229639210740541       0.75188565803755980       0.44156348468113071       0.35702409628317533       0.24718213132893302       0.27320971571426866     
  0.48470884467120606       0.50065657820725407       0.49251824557715340       0.68408511710505726       0.74161214939058007       0.49461707869031984       0.58094235635448765       0.55496379805448715       0.54512256616589005       0.54083003451740630     
  0.30804828131787604        3.4364432457249114E-002  0.34341519561472089       0.27542512838333155       0.27631853678713458       0.76353823137188659       0.45165325425603009       0.36771098091878957       0.26282013045707486       0.28857094573816777     
  0.53871677025672238       0.45363468449018851       0.63888075999322880       0.56337607416013435       0.55770404781969352       0.51311222908489273       0.63279265167916932       0.61101624864971216       0.56950620019201781       0.55941705255917773     
  0.32344623000189604        3.7368948230663133E-002  0.36214700622683860       0.29215731115705845       0.29193357465089997       0.77418142374623822       0.46118821412510658       0.37964062403201532       0.27936966828399201       0.30343701159734121     
  0.53343653881280950       0.52016981084353964       0.66395155237266290       0.62016237844800504       0.51822166582341744       0.42027476697234262       0.67158096019787283       0.59265849157160422       0.48000167832476565       0.55855993732236497     
  0.33810401582226490        4.0421630946809874E-002  0.37917833886483993       0.30885609544183823       0.30712412818252449       0.78374757335336198       0.47104752327253457       0.39178754560419932       0.29670938386242873       0.31876185674885260     
  0.61911652643899384       0.45361999712700007       0.63949124706643656       0.73868223184169801       0.56598408488905594       0.51760176210439490       0.58342975113193452       0.61858211405095376       0.60235101877633723       0.48528535600983103     
  0.35268004817163079        4.3592789203852469E-002  0.39540088180947847       0.32510981077453588       0.32363841877181998       0.79327973420978337       0.47976833675364272       0.40396352462468782       0.31657608517012392       0.33415623693423452     
  0.52495250538390137       0.46421809390991348       0.54777701188690620       0.52242691336450009       0.70921112038460343       0.48661879368962135       0.48189228596646427       0.55186934184226821       0.62558322498153773       0.50350318331233801     
  0.36706656774262586        4.6819516049014444E-002  0.41058414869801463       0.34139063624834787       0.34008655451810937       0.80274906329190066       0.48830232741526525       0.41606038690883457       0.33573448487776603       0.34966033064481722     
  0.45846553805156465       0.47222626190370526       0.51434421840687206       0.56052753736365679       0.63796988615207895       0.56785162107553588       0.67689832647984272       0.53756764456927897       0.55577653823503070       0.50677940279279954     
  0.38104934721835909        5.0154539735164205E-002  0.42472682608961609       0.35726935593858800       0.35495812079502120       0.81183527628407504       0.49682152868486368       0.42788121242580884       0.35362949726130605       0.36650870718526846     
  0.71094762894164976       0.46649856141643620       0.49063456779696463       0.62177869993446555       0.50168153929446835       0.46273886090895999       0.79143655870720786       0.55854409232980973       0.51852346697185148       0.58224966190644656     
  0.39665634427514423        5.3574541140281685E-002  0.43869497275084973       0.37286983800891993       0.36945279202573789       0.82065451530830924       0.50552463631012090       0.43952563728128180       0.37094270913691235       0.38328889221776380     
  0.78139333530309674       0.40511975161182562       0.55421786246972571       0.63546887614812886       0.57597408768759262       0.44001941278160583       0.52452529521199720       0.46008273693839680       0.55280505593148277       0.56784994478240536     
  0.41237586387877717        5.7101452614499351E-002  0.45245987276020205       0.38823426694783031       0.38090078381323894       0.82865866461118687       0.51323338385198936       0.45118337825578003       0.38748704303333503       0.39988653210613573     
  0.53960927719603136       0.47586738446228111       0.48682236060612644       0.56016380321580339       0.42307588736746782       0.43510381478369597       0.65897046957686678       0.53645990491926798       0.48645101885803149       0.62555385163867361     
  0.42807806549238986        6.0674189666838338E-002  0.46581317080511947       0.40366539428624304       0.39242382571169826       0.83642595727979341       0.52060367502763938       0.46282731692660667       0.40497269673593383       0.41640497800414750     
  0.55568542795221620       0.53922254935253533       0.57974562572368016       0.52734727813255766       0.47074944451065842       0.52558905204180795       0.49602314677069143       0.57624672568273194       0.52104882388722518       0.45013522037046350     
  0.44371399960644631        6.4378240780450346E-002  0.47908820827253884       0.41907105997160954       0.40338077412764139       0.84397718151915768       0.52875531961416811       0.47512305206200472       0.42161300671791074       0.43194249791806605     
  0.65702944281329700       0.45303322888231318       0.53032592350625551       0.57821836241464275       0.56534761459799754       0.56895959571390387       0.57048398801271294       0.60131608471472875       0.49192998296016394       0.46559432222722807     
  0.45931996116903229        6.8109024874530869E-002  0.49326898297753852       0.43402423696967884       0.41521478330511924       0.85147530866441712       0.53694866177111511       0.48827196436754805       0.43836241120374958       0.44813251924930303     
  0.57384115251452239       0.46456952831952597       0.54230578418731290       0.52653250156198417       0.53263465704868695       0.44095632381565741       0.62113251188146645       0.60849853333438209       0.41709202856056243       0.52157686418321203     
  0.47506336424051204        7.2425872515038639E-002  0.50799425875284276       0.44823677753172125       0.42781392678210178       0.85868947843704801       0.54436361897563557       0.50143730327960034       0.45526731838872059       0.46291091550214664     
  0.48237074464173846       0.44583740592564391       0.60214486922498500       0.51028528876792456       0.49644168756239415       0.52191444043890234       0.51948668437455803       0.49456268610766702       0.48978687939399979       0.48867452914462012     
  0.49119871759346945        7.6966332288288059E-002  0.52263557517945347       0.46265918504889803       0.44291576261517207       0.86581121415162099       0.55172000262630505       0.51452351427309440       0.47231357783629113       0.47844063474702231     
  0.63767955681900579       0.54047164947604842       0.49968825925466875       0.53190994495374844       0.63328459339776411       0.45851800434212991       0.53449053015391590       0.53436971872019368       0.50104227291201842       0.54486324848802814     
  0.50740769865716184        8.1918658340990005E-002  0.53675276472706590       0.47706561448117413       0.45894926649138174       0.87233196088595522       0.55898870938740242       0.52793634893121966       0.48834992983728326       0.49369179305224209     
  0.72981846051215560       0.49306707752639201       0.58904965175016721       0.55977872005010598       0.57015653390876664       0.48115316323830742       0.73487937637947121       0.53540243252299669       0.49706252627628417       0.54151999131471462     
  0.52452326705509167        8.7047494164000566E-002  0.55085631491932574       0.49183314801579164       0.47450183986271499       0.87870760402374926       0.56636582013615555       0.54174092297168830       0.50431957684702022       0.50897330309256172     
  0.63309684017696322       0.48896967406071085       0.65821275079685160       0.65588487433944564       0.67251322200715880       0.46565114380517636       0.62376275599365938       0.48513400662495965       0.47609924355683508       0.60056949955775374     
  0.54257852977625853        9.2657815819045530E-002  0.56516237704279160       0.50761612564803271       0.48981227217953055       0.88462322482989009       0.57409043990249287       0.55529991635283893       0.52098485253807514       0.52539732935205474     
  0.71388202197995587       0.54962332923774970       0.51004795164515349       0.49756465641250364       0.57223425696511476       0.57916858209652766       0.64496661543819978       0.57806127630230619       0.55234926521528771       0.59392794391845016     
  0.55971844727642450        9.8748403342982266E-002  0.57971184230046535       0.52267712308604797       0.50471129897601175       0.89044910610231176       0.58180127038821605       0.56869453560868022       0.53807202321977210       0.54147771796485000     
  0.52957521832837240       0.45657447571842485       0.51589847109195042       0.56973997065878146       0.49719901053882326       0.47321192146812080       0.55188208209018907       0.59823120449926215       0.43784839998384556       0.53775888160823004     
  0.57582193336314391       0.10507383651709812       0.59522904481734340       0.53687944579033164       0.51909902431269284       0.89620662989289201       0.58933868935432654       0.58201413799531321       0.55540492205960423       0.55849908179846330     
  0.54131087537961475       0.45329500165903769       0.54695589981378556       0.57101892377003294       0.57431334401918843       0.51125326695623663       0.56690081759335764       0.54911722598754609       0.57241314992168901       0.73536868765981456     
  0.59132147959196590       0.11170035319452283       0.61062991648553444       0.55114098585853510       0.53461182997999901       0.90190794350528170       0.59683467905295506       0.59482788084280946       0.57295873465210878       0.57585251703115414     
  0.54298310166018271       0.48836758436088273       0.67907906258581197       0.58771662744636310       0.52019702966091597       0.46947153043383588       0.53708913882700848       0.54097471346953518       0.59285891442146033       0.59557190389426007     
  0.60612130218591787       0.11867295042082689       0.62577521701558803       0.56544743620493487       0.54997365595200032       0.90732493749154508       0.60468622875817701       0.60771482167389779       0.59029304751961864       0.59191053470941102     
  0.52876368239476457       0.41849149899961902       0.42785219671946606       0.49771954444558197       0.54446492967705540       0.45114470472464679       0.50881612114060359       0.49188837442124422       0.56944001397271204       0.47309268193788262     
  0.62064119215503677       0.12595170059022809       0.64062273815423232       0.58101062244932677       0.56689176728942026       0.91266535899593471       0.61296483828697479       0.62096430066889874       0.60735300829153105       0.60787373834516889     
  0.58804604329892418       0.59052785764375770       0.55391334815520188       0.55207156411081670       0.68637839192222716       0.47580895140040241       0.51402317363417327       0.65541196485990882       0.49415725352307105       0.52359599596400785     
  0.63471987925793794       0.13357325079498902       0.65460815977365272       0.59694070846051561       0.58387560975255282       0.91729041101849274       0.62119699729460587       0.63473872060200687       0.62439004473540172       0.62272158382587217     
  0.62181557119248843       0.55763437021438145       0.51962608625927109       0.55948163551313002       0.56782116420214279       0.49847773296505066       0.58785033790256924       0.59801475941903970       0.41301934156749304       0.53771883610257987     
  0.64919164119467276       0.14136870714291397       0.66883295079753635       0.61341877874786743       0.60122307758908500       0.92156666288049427       0.62947641996609249       0.64844862253098556       0.64142417403288199       0.63812281948117566     
  0.48628949440966990       0.44930334662295018       0.53065708166173020       0.70176636878554099       0.73856175578209726       0.51270060594171774       0.55836753476608492       0.44217133093825595       0.53213952750796012       0.63108815744852931     
  0.66376597717938257       0.14977747753504378       0.68304582189139473       0.63062774040471348       0.61882244781816831       0.92577285121835451       0.63779032248923939       0.66224862950254559       0.65810754857436538       0.65333840167833868     
  0.47202204845659612       0.54064314832695326       0.59013783599110736       0.57190930666201600       0.70264151381228601       0.51922909086981894       0.60807241239470156       0.61558316660331691       0.54990303536132457       0.48713712845935098     
  0.67898191931548846       0.15877002538581372       0.69777688756088596       0.64730927013122352       0.63576855072268446       0.92988434332200298       0.64546754999041067       0.67512492999238749       0.67427339851230572       0.66857282071279955     
  0.71177946644976309       0.47802090350388382       0.55700794310239510       0.65289197041974933       0.63053253676598020       0.49212842917062311       0.55477306381380742       0.45896901655494277       0.48907922580454399       0.56087130610830616     
  0.69458627516834825       0.16866610791463257       0.71326310930284231       0.66354564291364448       0.65207717529449261       0.93410159199682008       0.65341922465309754       0.68838105073157296       0.69063860734438154       0.68647117127151414     
  0.64001279225344143       0.42096850376154682       0.54728195271418500       0.67847458929318027       0.63363966009348804       0.51199304328606576       0.63827206160597361       0.57320895085322821       0.44668366645761265       0.57289718760337749     
  0.70916020322685169       0.17954669338072979       0.72905935340528671       0.67972614194218561       0.66879486653739406       0.93834844416320917       0.66206673036327535       0.70110925844169969       0.70508516679578537       0.70531740984666269     
  0.51582172409951421       0.45963590030470070       0.62177560922400976       0.62258851781835434       0.51927438746471666       0.50059296969274436       0.55555721135475877       0.51978063310235700       0.48288062639077778       0.60554737068009934     
  0.72298871210949145       0.19103725455519102       0.74431719345385072       0.69575514227340651       0.68583312206727332       0.94245655386728688       0.67062690229315702       0.71405467850025484       0.71979380196940890       0.72295372807097713     
  0.53505826850165084       0.45843743987028773       0.64170342327626351       0.53137130686459100       0.60744850260011674       0.51074407112356635       0.52294693430102923       0.53932961581226113       0.38674281082788309       0.57997314300100455     
  0.73674053379452764       0.20326960130535404       0.75959405183955986       0.71204180635174341       0.70241291369691961       0.94645935993602304       0.67824533940042309       0.72939107557601157       0.73526262189083302       0.74030063072004670     
  0.55288512838463322       0.43333395355418419       0.65158509231570338       0.49933735669768886       0.57644106070148715       0.52369510949951492       0.62029498039470821       0.55450605097413730       0.48805417126717443       0.55140471382281142     
  0.75092077045119598       0.21718972754146762       0.77413382789550045       0.72832175001687405       0.71866870539105165       0.95031223128404607       0.68615983814554549       0.74504347549687377       0.75090481794417496       0.75783559704198455     
  0.51975608970508236       0.49526454599623837       0.62984077923257842       0.53412782596972952       0.50116202671026266       0.54619765313683444       0.62378463453948729       0.56825656852828810       0.48081174402909205       0.57313291184407855     
  0.76621710147156308       0.23217729914195528       0.78864050275424702       0.74436844906856126       0.73470802867984830       0.95395830259377645       0.69319359919136136       0.76151343718184084       0.76664816114174628       0.77419712639810812     
  0.51383811228691922       0.48716002507633094       0.60600390559002926       0.56800713398252323       0.53976977055602005       0.56612438516373564       0.58679261929954663       0.55435399108525807       0.48144219471372091       0.52289124137749332     
  0.78222068984721627       0.24969574478811007       0.80305854693679735       0.76044870591165392       0.75058862060795883       0.95748595665994773       0.70015903651513745       0.77757139382685980       0.78198432609528123       0.79071413517032718     
  0.56701477252084831       0.49694380560729906       0.52860632544469499       0.57445758499437416       0.52208201226372208       0.52224458847714061       0.50590100159037665       0.66122779936069620       0.49625668990659733       0.51678722721663406     
  0.79808872761375216       0.26778834641065624       0.81773498457255955       0.77737920517400361       0.76671495783809041       0.96079955512348525       0.70692057799934405       0.79344787104497305       0.79688710309794508       0.80704423954625781     
  0.68338037431145227       0.48997571831625053       0.57698864135831252       0.60600295918742786       0.61050245073830478       0.49366245634259581       0.64516451129562602       0.48292725653459717       0.47494618237903125       0.53552682760260939     
  0.81419483204362231       0.28768244065175880       0.83126554610059866       0.79532462906477197       0.78226813781886806       0.96408037545373093       0.71395038671169164       0.80937976329504013       0.81150797185049239       0.82353521708391320     
  0.69615980473038042       0.62348816284293074       0.53805368447014301       0.56582374042527095       0.55892825505350330       0.51884992225733506       0.43618610455200962       0.53638697680027336       0.47921825715760302       0.55911386930391505     
  0.83021242991655619       0.30810564411539937       0.84382756017886040       0.81322631385836108       0.79812843966005176       0.96725075364918700       0.72129232122881237       0.82579938745701986       0.82635992113264989       0.84026369705267723     
  0.58130140282927101       0.49412236744915772       0.58502406391896844       0.58655855838611071       0.53020061308950250       0.55827455828571615       0.54331330232296493       0.60440623967915430       0.45537891253452656       0.59852893178352162     
  0.84604471127044323       0.33215381574940001       0.85733803978014778       0.83078079887138134       0.81472223956924983       0.97033285232622357       0.72986687765994196       0.84183570131975050       0.84115362092785662       0.85679231374390763     
  0.51882540713615555       0.54995357983302240       0.55347442486200626       0.62173221421505143       0.56564826177245831       0.49040978449732581       0.53156055126986168       0.68240530245922149       0.46227837358216028       0.57078716370195770     
  0.86218206575723288       0.35786001108839766       0.87088224907614065       0.84766289054986632       0.83153376378519561       0.97311880023289443       0.73861818488995468       0.85673095496976426       0.85572083711901592       0.87299299928725171     
  0.65165995216827866       0.56699934121383422       0.63156408252793339       0.66994154484954316       0.51778674194241492       0.50144408575085986       0.63563468157063607       0.57504690725216434       0.52239546808419079       0.49148059639330294     
  0.87776319064370556       0.38915555281762537       0.88430468161527476       0.86354366345859257       0.84945099088048703       0.97596646789966723       0.74826697022800059       0.87153935497939483       0.86960609607331230       0.88845973704499526     
  0.79017001463289449       0.70611873849629903       0.75014256087423836       0.53791515159353986       0.53090552762789456       0.66045922520137379       0.57958469190447193       0.61879315265355594       0.59245095245395862       0.64294386312473739     
  0.89306460379641517       0.42332327616077597       0.89720326096941949       0.87926678327490593       0.86750970658824411       0.97850063923180308       0.75798254409456189       0.88636751904852096       0.88349235145306293       0.90315727463249396     
  0.49454184436451681       0.51773633193648294       0.56831788151808527       0.50498477935963570       0.60568176098055626       0.51422465491546820       0.68405567021464708       0.56923805251454074       0.52427815119689625       0.45979732400432582     
  0.90721704678493786       0.46156377089635969       0.91097208062698498       0.89412891404145867       0.88341207081324102       0.98106070005307444       0.76954648458710762       0.90119217236619098       0.89853368392069310       0.91723681194639617     
  0.57482171177908625       0.53931777683328685       0.51296143115137927       0.50426680458423845       0.52854603008607681       0.71240272868434007       0.50679687975541043       0.57106823789250960       0.45434599270098874       0.48359445925007560     
  0.92080169206884177       0.50879348005986247       0.92486563214255413       0.90899124986561564       0.90016374605946481       0.98358905125051055       0.78299535034102086       0.91600849616729807       0.91376348611705327       0.93096711221484030     
  0.56123120369953527       0.69261651000923086       0.57487789747966145       0.52030337781591907       0.57465856717633645       0.63148433815560945       0.58894760793605216       0.52772094682812021       0.46907858414999476       0.59283405859302130     
  0.93404297168345263       0.56256667187124787       0.93815840162862330       0.92416783894727028       0.91658200402019585       0.98612602268326621       0.79785431008315377       0.93027937008182238       0.92929287734617083       0.94407473276559761     
  0.51197631957460688       0.64142586483292652       0.55323841201386315       0.55534033361459356       0.56078671565575477       0.65513395943318475       0.53235057015843901       0.65743259037698520       0.47113145867202799       0.45879536935382687     
  0.94770707840557022       0.63775984673957187       0.95145724826774780       0.93926359689962435       0.93292148773226058       0.98878044824137290       0.81450082710461125       0.94442107662727759       0.94471903239114075       0.95502616464000312     
  0.71903727379907734       0.67417303119783600       0.61437871084294193       0.54059295105559513       0.69550036778302038       0.82750428383079044       0.57965149228269963       0.60015944470427240       0.55907230598709612       0.45085381943122699     
  0.96098831758515268       0.71643648521659598       0.96351934731080535       0.95542963588231322       0.95047010327236425       0.99138285706042539       0.83472534750474869       0.95800776808330745       0.95997962526095926       0.96636200822302176     
  0.46028461827012956       0.81341955337128891       0.58892692278234637       0.63007295218798098       0.62787203801008007       0.65899250645067886       0.54920086092632758       0.70600080838310508       0.47072090746109740       0.48083593079100095     
  0.97417328764133759       0.80611112016454367       0.97544133584013426       0.97124433040615565       0.96814238511486250       0.99401289045088159       0.86119946733142849       0.97176153592515735       0.97482309057043137       0.97744939871942060     
  0.60147273962195014       0.90944954651865173       0.53842354039190032       0.64924023656868046       0.75781143558912323       0.86198168338599390       0.52079159529031060       0.64270271755862229       0.64133057240700508       0.61662207981917716     
  0.98710159455231117       0.90011245586467203       0.98750632070622213       0.98595034836074669       0.98430019155840964       0.99695551459767295       0.91466754278269402       0.98570303323484554       0.98731254593970841       0.98875377152438204     
  0.51412688316312305       0.88982617585797807       0.57605896716370397       0.58710376668211361       0.65869065115808301        1.1194708823178776       0.55428922614385590       0.76316720300488750       0.45259379542749772       0.59807206790353562     
   1.0000000000000000        1.0000000000000000        1.0000000000000000        1.0000000000000000        1.0000000000000000        1.0000000000000000        1.0000000000000000        1.0000000000000000        1.0000000000000000        1.0000000000000000     
   1.0651624408475373        2.9673714538449576       0.70601152789964039       0.55591606581441444       0.57253009763778995       0.86524691371439255       0.40056005878755119       0.67964617283027240        10.604731683973110        1.3668754289337699     
  -12.216085552204715       -18.676800411144150       -11.925433909867349       -10.895483396754722       -14.363469901948287        0.0000000000000000       -7.9826074495067969       -10.228116849394533       -11.745702807831433       -10.261279981302970     
  -11.501404226069333       -9.1609068439980454       -13.058748552045270       -7.8549703462925784       -11.071458189385460      -0.67721542378757837       -11.293565605235679       -11.410677149574598       -10.611554219328102       -16.835654994582811     
  -14.627311544159772       -6.1950091745471152       -15.118357531678827       -12.324134540717594       -11.966370624204249       -3.8943702303699284       -9.6980715235122847       -13.011315460453909       -9.2474301556339071       -11.900918390380186     
  -9.7175236262154048       -2.5754855683690230       -15.097417079277037       -14.373191627230135       -14.523843849571495       -5.0266349851124685       -12.355519874888467       -12.823521019148092       -11.080555570397935       -10.967735223209459     
  -11.652635573438152       -9.1753221691317971E-002  -13.089589394116899       -11.677481333169888       -11.309239226190890       -7.6621213454654598       -12.603664399780671       -11.438838439874001       -8.3435338301664554       -11.411558030045837     
  -15.850113184614559        4.6568991735830245       -8.3472101725040098       -12.580143653888367       -7.6998640546146104       -10.882530414631011       -12.835976740342685       -13.152680904375877       -10.824548553257429       -9.3133869499672528     
  -11.693548513507350        6.3218079059571428       -6.4462641322104144       -12.139610959760073       -10.785752567423303       -14.376229209825713       -13.625003362396942       -11.823302714170062       -15.855944991114614       -13.999481648875959     
  -10.446425275511290        19.027692770086539       -11.600637836311854       -11.568687377292013       -12.375431978664007       -13.212360324451650       -8.9494207078965751       -11.867449726766633       -10.691208123353181       -11.457632667000599     
   3.5885270616930700E-004
           1           1           1           1           1           1           1           1           1           1
   5.2153954989778744E-005   2.7734184846879159E-005   1.5247091916762746E-007  -11.151634404895198        1.6517912685631991E-006   5.2877822429550897E-009
   1.4912807984804757E-007   1.4350489610584474E-007   1.8670264347013023E-008   2.4545812466744751E-002   1.8658786003654050E-008   4.1348325384729277E-011
   1.0746880038381102E-002  -12.742902929181980     
