   0.0000000000000000        0.0000000000000000        0.0000000000000000        0.0000000000000000        0.0000000000000000        0.0000000000000000        0.0000000000000000        0.0000000000000000        0.0000000000000000        0.0000000000000000     
   2.3161739249730282E-002   1.2186626685177612E-003   2.6481754285794207E-002   1.6792925452602067E-002   1.6777745711341763E-002  0.26236188726524440       0.12465837266380783        8.0894516213625353E-002   1.4909919673189808E-002   1.2508917294607366E-002
  0.43775797677544870        1.5036349071583737       0.59457437864115281       0.53760640246722335       0.51109646193281388       0.61171453365256712       0.38333122087305715       0.47709630671062653       0.72311353904381914       0.75747927793808767     
   4.5458946529398483E-002   2.4097443983877890E-003   5.0924275474362679E-002   3.4094749360004922E-002   3.3624479565731766E-002  0.39499115269707508       0.20943949287255031       0.14367571671900925        2.9283530288984057E-002   2.5136790470942701E-002
  0.56589754196618203       0.87824645060278561       0.71705192505201276       0.56851874496135046       0.56555576969597032       0.97157992136676385       0.54113700021696842       0.59605799959255990       0.80733001451951958       0.56336647548233243     
   6.2942800268602911E-002   3.5912458324544000E-003   7.2470666543911100E-002   5.1207233653012371E-002   5.1302254772223471E-002  0.46328223174113681       0.24538782651994723       0.18152213498449674        4.2889314572369379E-002   3.7515807504758192E-002
  0.51579342812698947       0.85520363872463967       0.60126092733761749       0.57647705730335097       0.55717918153365487       0.84673350190354590       0.52555236258111582       0.67778715550646407       0.83499977242708401       0.66346741084085403     
   8.0471906350701811E-002   4.7605462808739205E-003   9.3392154930469803E-002   6.7815138938521452E-002   6.9456681171814361E-002  0.50518897865360735       0.27432039311753387       0.20734183924912042        5.5753387001137272E-002   4.9744994237843898E-002
  0.51679341115702671       0.66218207889734149       0.55713963102351405       0.47659633476158741       0.56784313846988821       0.64007249301274016       0.45338201286265223       0.60153049339634801       0.64689047887064322       0.55330314405259384     
   9.7893311814326769E-002   5.9591290731038733E-003  0.11309489605181670        8.3412186210693975E-002   8.3516832882485556E-002  0.54114434128035138       0.29396483096111120       0.22716979971935800        6.8470648933393441E-002   6.3065212386576142E-002
  0.48552143965229133       0.56743013778669427       0.52947511876291087       0.47577707610087383       0.53120075164846503       0.59557066560176530       0.53342101613294846       0.57711472682193043       0.52299380891144842       0.55475949362197752     
  0.11509455583333844        7.2716532539382414E-003  0.13240840403489984        9.8543767709669092E-002   9.8144587460279376E-002  0.56752133981071562       0.31274254858247602       0.24397965469813920        8.2817114688061702E-002   7.6448735683429817E-002
  0.58649634085885027       0.52159201959588675       0.53387091718073565       0.52470457992103781       0.49182798787561910       0.65340909499822397       0.54034458302471278       0.67445660954591824       0.75109467783389527       0.40137847139521982     
  0.13212544205296667        8.5954154713044541E-003  0.15122548858192758       0.11406657722974554       0.11132813387053182       0.59213776777150662       0.32928304391391855       0.25942108740438080        9.7259832383294137E-002   9.1869391210539109E-002
  0.49845611735438300       0.66233096755437093       0.63621742850446295       0.69040855244369748       0.46174456572246303       0.57111784968111901       0.57783497318476251       0.61099687923358792       0.60839575154649761       0.57262492162228174     
  0.14930402153833067        1.0163560895581996E-002  0.16978809691372820       0.12974921715775792       0.12461205228860847       0.61415934287549767       0.34432178620501330       0.27294644892288084       0.11188188511469099       0.10694251175903237     
  0.51030194683913443       0.62241381445324984       0.54992733373898728       0.58979815177586858       0.51163469414553586       0.54197756802913366       0.52940928389175945       0.61609018830885709       0.54657946016995407       0.43776010124718739     
  0.16466768689143635        1.1668161162933810E-002  0.18791037299104693       0.14551040597041959       0.13815752578928309       0.63684645623597869       0.35677841289535422       0.28498105251430450       0.12621148816293509       0.12341408551268226     
  0.57076145689022417       0.59970035241384234       0.50539729426238877       0.59351097619071147       0.55197358395092422       0.43067696051543564       0.43246346113453710       0.58627753624983003       0.59886598934867152       0.52390750823856069     
  0.18032230197332616        1.3324255235825573E-002  0.20579265835888555       0.16152231373025211       0.15203569659443317       0.65658033136621974       0.36869312941847010       0.29680383254524151       0.14097718326839123       0.13941421523461220     
  0.53133461656214998       0.51689673146105564       0.47738539507453009       0.48998630476232696       0.44770667151442817       0.54917585590251328       0.47774118062832582       0.53254676684243263       0.60208301896429006       0.46718733732414908     
  0.19424134644102770        1.5035873640354294E-002  0.22420543702045251       0.17699060020491844       0.16637099669588620       0.67544644622752537       0.37965524524803845       0.30800519641062996       0.15669974569232939       0.15679952941297259     
  0.57550067763688662       0.46766688583057286       0.47346901383863227       0.57190670061839166       0.52549118417274721       0.58690010166919515       0.49595510970812395       0.58101474682486232       0.55704052901477452       0.59734828580447552     
  0.20813637309824412        1.6820947582163244E-002  0.24285513170409326       0.19285023925146105       0.18137714614324135       0.69225267417541314       0.39077836843857588       0.31932245943108328       0.17276124016548600       0.17601938448396623     
  0.47545130561798377       0.52538638544057581       0.56268221388712858       0.57188743737202841       0.48010701921616611       0.46567935509151903       0.56253143941017136       0.64249383792887138       0.62962775771672441       0.59370119995715387     
  0.22368948987109818        1.8645365075829253E-002  0.25982975141112202       0.20787207389033818       0.19777769114034757       0.70912309980501342       0.40156688907284233       0.32996645730355512       0.18850505978168575       0.19399345202803425     
  0.51298584830002769       0.53023409106263708       0.51068859644030717       0.40482103238456957       0.60649490965428421       0.51032385734255392       0.46213558335829641       0.59229001519847502       0.57273145726888219       0.54376178888166882     
  0.23923483061428885        2.0657708937860855E-002  0.27529090174834303       0.22303509836919805       0.21413573348357615       0.72300531810866242       0.41263748835801184       0.34089800444781332       0.20391204720724432       0.21112756865347940     
  0.57566847238221575       0.47010853771815286       0.47719594988301334       0.49340796661067832       0.53143102320249380       0.55437275966496680       0.57181093927010451       0.55160614113203810       0.54300172500299471       0.53070002491055845     
  0.25302029582525948        2.2843244308750732E-002  0.29043042107061939       0.23643630978001354       0.23110247427563596       0.73693594132500462       0.42283930966884015       0.35206262895416485       0.21913949835181526       0.22875191718720955     
  0.46732317258979733       0.46872204594976791       0.51377573693648326       0.45080197141580919       0.63898659069134189       0.50462054920873767       0.49856885127392075       0.54081599036525541       0.54050302583656140       0.44025694393312070     
  0.26649658479490590        2.5185911344794417E-002  0.30532933748624325       0.24999684181734730       0.24752515155730417       0.74930094667234814       0.43250461685188279       0.36299562062254048       0.23418713599771709       0.24680827999831989     
  0.49121715402238275       0.49934232438724391       0.52669600981225495       0.42372580543444860       0.58248192976000646       0.46064024451215435       0.56498528967902917       0.48940486591545285       0.54258396644669638       0.51651019816715071     
  0.28105373893295738        2.7801966682871482E-002  0.31860714088067149       0.26421341948589372       0.26225146167360630       0.76145383537834022       0.44157026869266769       0.37251894574242811       0.24910908787601704       0.26392214538172187     
  0.45424223613596620       0.48014183486655027       0.48818948960946884       0.46852429016151798       0.53025719952177830       0.56857096379286054       0.49619696236824468       0.48065608668598975       0.52252509954670900       0.59108986293216859     
  0.29614597097381806        3.0405820998411829E-002  0.33101600350054694       0.27846777982316462       0.27732034573167735       0.77277546324556590       0.45069034360580673       0.38189542035858026       0.26422552616968664       0.28029889417117959     
  0.62444186912871102       0.53309142218660177       0.50435688804529921       0.51002127179086487       0.44582418488814124       0.45094691095642059       0.48420437129008886       0.51222029462680496       0.49191680302823676       0.46823086393972102     
  0.31125406084917440        3.3060498745386580E-002  0.34460513549833705       0.29338898147927184       0.29321047136272549       0.78397895249815608       0.46000387046953622       0.39122879155365436       0.27924492280508001       0.29679949908487502     
  0.49181344163970725       0.43565040893834878       0.51754382266405208       0.51997722878235197       0.50554328109671043       0.43114785535937705       0.58667413285048353       0.44574847300349796       0.42600225334969188       0.60415410611202047     
  0.32684236224709989        3.5779246954652968E-002  0.35815739578604316       0.30882964326768086       0.30869484858763979       0.79439483634406860       0.46912833734764448       0.40089422938810743       0.29420051052117518       0.31344285584238479     
  0.52045022275803765       0.43692508195933433       0.50191017443293229       0.44375816946051255       0.55216270262547196       0.42151326193924066       0.53554292482892030       0.47810943873166467       0.54905257405752150       0.48023163572243288     
  0.34273787551564933        3.8881469129886465E-002  0.37302294626761423       0.32580172849760025       0.32286203043602923       0.80456833214362711       0.47807045418416366       0.41195547697183882       0.30907538382537597       0.32932185547798015     
  0.52177748581121464       0.41309307522316407       0.58680081480613422       0.50112756082096532       0.53074109586430263       0.41806356918053444       0.55743937774343055       0.43540926985506306       0.48139619918113519       0.44592384788663364     
  0.35917092534065509        4.2067624657880193E-002  0.38743254180944570       0.34239842522209107       0.33735597771516668       0.81333192958930844       0.48691316912534338       0.42409191079325509       0.32437251872091732       0.34489422227393057     
  0.54642182998549316       0.45543826191900083       0.48212586457926881       0.48116186323022980       0.50215800848832026       0.40096692636353148       0.49781218743313355       0.43139439522514700       0.57125494370237428       0.60405173342694196     
  0.37399140744527720        4.5524584359649053E-002  0.40340272773335667       0.35836238939393777       0.35108138350874957       0.82180949073771359       0.49532359324279840       0.43593027450191391       0.33985159293446393       0.36017087427356315     
  0.47977141825287734       0.51296395160341701       0.72544635640931487       0.50878798365851441       0.42588166797158311       0.44307685045860729       0.46787776171459455       0.53452618442177313       0.40708393067437687       0.52798540799339388     
  0.38917493887686516        4.9043649040755533E-002  0.41966827315158395       0.37464975374446907       0.36448476427964083       0.82967299517006832       0.50343187063524597       0.44718372756233249       0.35585549523784243       0.37533654815832074     
  0.47669085125419453       0.52113766645856696       0.48415464427247551       0.62309519727401275       0.48068668597971104       0.43048152932646783       0.59636667073602267       0.50275011173684958       0.56167365296036920       0.49767457623817479     
  0.40255847321003269        5.2867683761627503E-002  0.43555417012475572       0.39200428518416636       0.37813924798069309       0.83744813740487101       0.51127769909706011       0.45873322698273339       0.37216256486738630       0.39014603729247582     
  0.44815567672170392       0.51934010334377101       0.48904941663177698       0.52944402777416077       0.50420754530203082       0.46757693408821771       0.58450677002125906       0.42549089590470335       0.44775645267464670       0.50110672032342318     
  0.41569035642011537        5.6719321776709436E-002  0.45104723901197269       0.40938739591430545       0.39212027226371016       0.84527567775989243       0.51831760402370342       0.47075799412821373       0.38900460238923562       0.40458101125412649     
  0.47717072852967601       0.40122264086663478       0.50758442642546842       0.50490641131577862       0.48869517595752177       0.45219154696731456       0.49571421372230107       0.52681181015213785       0.45792006614009850       0.53152433211776273     
  0.42834224050635222        6.0996858659414961E-002  0.46707090125888284       0.42685132662588104       0.40683611650583951       0.85281999280025744       0.52536852049660165       0.48289606787073935       0.40619177933910067       0.41894223824382981     
  0.50245938275095359       0.50371386200528501       0.49957592810478818       0.53302041820627155       0.55551250190421497       0.47642828462767939       0.50048712278134044       0.47982297216313380       0.46664978111208638       0.54941098745961181     
  0.44099939980698405        6.5303896796367264E-002  0.48300145599094979       0.44404315213638801       0.42229926067098111       0.85980253460734968       0.53202888745990728       0.49523808694831972       0.42386484162604593       0.43346451041308326     
  0.45021095844548092       0.48645635845379781       0.53188917124980140       0.57533889191049803       0.51799613592268079       0.44818905685459171       0.47264154854639923       0.51706411307585176       0.44939756654953100       0.42676312596700411     
  0.45289705558410859        7.0042433193577489E-002  0.49877080074353530       0.45904667744249456       0.43930839471230820       0.86645537638426318       0.53804896346023934       0.50747759317466878       0.44179195197106808       0.44524547026991934     
  0.52119949996932857       0.48501190946129175       0.49647222769403293       0.47560152400334804       0.65184442958150057       0.43799728881869177       0.53833787893342577       0.51042997901874088       0.52403371334694970       0.44515999497714015     
  0.46557541383752404        7.5007261538121719E-002  0.51471185015279253       0.47379098207409598       0.45615128605092142       0.87264800801311304       0.54361270654436289       0.52013580389835101       0.45952905571413599       0.45676626716581831     
  0.49790889531405552       0.46976923704458068       0.54039302145388957       0.50314212010371018       0.58961994935332596       0.50573718414813718       0.44159906939155430       0.56608327676942294       0.41391462048465927       0.53624906952386342     
  0.47900683072030437        8.0178601038830635E-002  0.52958794379256047       0.48655101346370716       0.47355529977072763       0.87879007773910245       0.54965641081904737       0.53294623762205795       0.47697215361845835       0.46932048231095014     
  0.55740100881539945       0.44215264884097083       0.46776457523349863       0.46473340160469812       0.44348289788069623       0.45043047922153945       0.45325934286815273       0.45629693638930729       0.42256505153509938       0.46512542448065780     
  0.49428075152958795        8.5311041091358328E-002  0.54439678254799184       0.49974364935582122       0.49102227934352427       0.88478957174504214       0.55561560104528185       0.54585803710210057       0.49442966243034425       0.48211752507873057     
  0.51436611267358612       0.49405218662060341       0.46973278741266605       0.46753441398878010       0.51478664572564947       0.42299094605000281       0.43301044382672227       0.59673933277789526       0.47737760411640967       0.48927241962583301     
  0.51068142676218742        9.0653992805428393E-002  0.55886811008210491       0.51321710725823244       0.50837425176143236       0.89057307051787793       0.56259449296291830       0.55905983170854989       0.51175518416555665       0.49663622543206859     
  0.63463152348642815       0.44536982803948200       0.44419377604352073       0.44900434302510156       0.58330405696310483       0.52196628168911419       0.57140309851330118       0.56661771415929374       0.42845144029135873       0.43993679092572274     
  0.52694888897218362        9.6138271101130990E-002  0.57344037789724922       0.52648418971827193       0.52570209439611904       0.89612709709839300       0.56975808052527499       0.57273658772537583       0.52907580837973456       0.51125891462817219     
  0.57800609426039040       0.43530495581618750       0.45636138298432777       0.46563075090419248       0.55998985567112392       0.45493886181984711       0.47448898609716816       0.61259228778230257       0.45380036886411729       0.49415124078988093     
  0.54344688630953264       0.10209787820812521       0.58805782378940052       0.53899596319078769       0.54322069813521490       0.90171342684100231       0.57653905952308027       0.58656853829205613       0.54661637167798272       0.52654783204986755     
  0.54800352427305843       0.40589047924738147       0.46992711437925622       0.49094709384215784       0.48791385049172298       0.43055623783676017       0.51122591076633850       0.54292322776853108       0.48522486373719964       0.50696232879812153     
  0.56027485320315429       0.10800196859441039       0.60253173429568985       0.55676486565475758       0.56094891783649026       0.90726428816436300       0.58317675804228852       0.60084175558702924       0.56367245329991200       0.54150268439851579     
  0.55398150979134597       0.41505926065566490       0.55017443455525350       0.58655856583762878       0.53972990458011738       0.47717793220825838       0.44253074550295446       0.53834487977088075       0.50742440046620751       0.46906767458863158     
  0.57743749013746959       0.11563784495027789       0.61679749928958416       0.57567773276813416       0.57549343722039648       0.91275422024388431       0.59077918385314665       0.61534775642828510       0.58027497348885282       0.55609872020070827     
  0.59808514148805325       0.44649428146268910       0.44769615790920558       0.55198440058075715       0.42188943887786257       0.44744667265089050       0.52831210528550065       0.46089757072138265       0.43857731276694789       0.55212286342176686     
  0.59421511560878160       0.12358762992534400       0.63140565017674410       0.59458508941794186       0.59022243875840952       0.91774418107652966       0.59846111130080715       0.62983406535000241       0.59663029974536630       0.57076795772748801     
  0.51238824656271464       0.48405842562762658       0.46287122205943992       0.57362606818741924       0.45109327025061813       0.50744177478742769       0.51796191465514829       0.47986028464619035       0.45724495749654437       0.55576151295852372     
  0.61061694418773760       0.13208088833185064       0.64639601191394147       0.61376176681027217       0.60557210618641499       0.92268044611115418       0.60593118322696260       0.64407945167252878       0.61263279305000351       0.58590009600951731     
  0.49170297401743934       0.46158398598881500       0.47027198950302107       0.56936202088204568       0.46842728745480572       0.44811214983043079       0.62953079074730711       0.47395816212483038       0.46158139979298968       0.46004433099693953     
  0.62697525670867327       0.14075634653165076       0.66169042054042226       0.63204079666621615       0.62095974568747925       0.92704648380455312       0.61346769680947499       0.65810016000503657       0.62881388100586577       0.60218869424959043     
  0.50516271888485409       0.46259668476912680       0.50586528146614784       0.65425243090128982       0.53452026036640998       0.47747453636229809       0.52193865077073176       0.45825907231599700       0.38871156056405121       0.58703888169542673     
  0.64350102070217174       0.15055540097514111       0.67728585538022401       0.64955332896823514       0.63735187732252607       0.93137904104150016       0.62141928421212522       0.67208810597736424       0.64425640817213359       0.62104549764308314     
  0.48795687535012189       0.46104237167827472       0.48100922600754964       0.48688520317379635       0.58942664872502104       0.49300894931910949       0.71448019397893214       0.44060865479230982       0.40354796068663756       0.51869344371056925     
  0.66088212619012465       0.16054908323631220       0.69258459211126766       0.66710055936928547       0.65351444236390044       0.93565380659338815       0.62956609837924615       0.68495538247206855       0.65985862059833933       0.63938234262486371     
  0.55451330566543311       0.50333641178197397       0.51440342533319827       0.62806230463922941       0.58578904470006032       0.47902148805617917       0.52897073062573274       0.41952635816544787       0.51685908515630941       0.50974906839866063     
  0.67702191144828272       0.17240487135504282       0.70736115128613075       0.68435857036309222       0.66955850712375620       0.93995225466344023       0.63760083517159283       0.69839615195752425       0.67515925877108751       0.65751628508675286     
  0.45359521214067205       0.51399496557291435       0.49639088885904437       0.45704204627843215       0.59328025918339145       0.45592564049589518       0.48708317102097964       0.54934727026910135       0.44738832806164247       0.53438452814913440     
  0.69314456371063926       0.18425022324404303       0.72205629504408619       0.70147941216794829       0.68598482432084740       0.94385549408719838       0.64550136988232742       0.71145101651749176       0.69048690000301038       0.67561095521348968     
  0.58429001791587731       0.55744873016922847       0.54979352826853556       0.66659547889000648       0.53617493914118564       0.45696408666152061       0.58090770143748027       0.52281876472648781       0.40979730262453007       0.59483197393067788     
  0.70846159519414553       0.19740833556839349       0.73657732081719463       0.71845347269178828       0.70255400607546115       0.94782405945716430       0.65489086272578856       0.72481540406196310       0.70571416651818331       0.69437273661251309     
  0.47457371166363799       0.45649201969090281       0.54490920925739883       0.56930272967723494       0.50997893817656303       0.54337277005009055       0.61245656201868603       0.43929208782047480       0.49400788191300471       0.55942605375675736     
  0.72431717880302526       0.21110334408737497       0.75088226282226944       0.73505269531795103       0.71948506868810269       0.95132474248168963       0.66439090985065941       0.73957145268347058       0.72125908238124392       0.71269298449182683     
  0.57590838167546421       0.51385772346883296       0.53548469452603598       0.58447480931057239       0.53267624592955920       0.50450216134522685       0.56948499854330914       0.53891598519332462       0.43422527896501451       0.56633339644994352     
  0.74090081701215427       0.22623811224437215       0.76463010322087543       0.75046097549803636       0.73563553371737289       0.95477677935561500       0.67354510280094060       0.75408042552853249       0.73698232123450413       0.72977519749659714     
  0.51749104885443253       0.54120377893359273       0.51946409240015656       0.53679990373402342       0.56625883371453711       0.45176466315924529       0.51730404282944109       0.44873356189048247       0.46086757001220519       0.51957380794869090     
  0.75744076664692761       0.24062416061134270       0.77820178767195269       0.76585404374519128       0.75145006182697882       0.95802557619922046       0.68272056797274749       0.76949532552515365       0.75313471511663110       0.74667609512852007     
  0.60844082941929034       0.45074155043768016       0.51336665731122400       0.52959758918533373       0.52520669707093592       0.50730834661445090       0.54815693381475195       0.46328531289437036       0.54991449875810250       0.61494289413633185     
  0.77292514255078071       0.25645882880507886       0.79175249187402719       0.78004755637190204       0.76649231089920256       0.96116930761520503       0.69220727335141363       0.78455676993227719       0.76943642152431013       0.76329554623002216     
  0.49743807463240891       0.48004230324510128       0.50266476015900885       0.48930061019161925       0.53291115980236681       0.49490785806789367       0.54556854644819619       0.45169239085646212       0.45912069459932164       0.58467246795864980     
  0.78857177668775424       0.27248061933462397       0.80586360145083680       0.79453512379098312       0.78178990971618256       0.96448757756194980       0.70161161294511942       0.79937277920467420       0.78598897867175865       0.77983514513544017     
  0.45434609946097698       0.51915167124034867       0.50506271848873796       0.44801910888582874       0.49902966985956215       0.48202116432276715       0.54723884145249768       0.44703047107463689       0.41551488535579573       0.53072921102515092     
  0.80485300537465254       0.29198374972149949       0.81972996093962280       0.80819051639466866       0.79711371739518422       0.96784664316948421       0.71147945835813953       0.81463746121421565       0.80278685072339984       0.79738948167676071     
  0.50756297039110310       0.45842476690900991       0.44517706050680361       0.44261481807462094       0.52694185926125026       0.53800889168982124       0.57047125645905095       0.44634862484321935       0.44200588649943223       0.48105825027243443     
  0.82145483553837728       0.31237065125562713       0.83344735246357227       0.82252838926224103       0.81266734985770628       0.97079946437901310       0.72174984343876569       0.83109573741365506       0.81897965037309872       0.81562707472161777     
  0.50104597912627979       0.51494768240244582       0.43486295540107539       0.51485285105067058       0.55534031972201292       0.55712154013479598       0.59660239617081423       0.57635697567360655       0.50956674996914941       0.60418938019653923     
  0.83778185115466086       0.33883184798788013       0.84707823266343207       0.83700254208371361       0.82725085928363096       0.97337175683124244       0.73206446790423763       0.84705546607831905       0.83474637747518587       0.83349015408696292     
  0.55153158101959943       0.48984762410512356       0.50146594438332837       0.48461141237463840       0.47254046991010318       0.43846094673860042       0.55208125388042817       0.50627902437038275       0.52967205216872681       0.48072092984203119     
  0.85360597333695021       0.36647449912704488       0.86090019310493204       0.85186313428513538       0.84217486180803658       0.97586368695204484       0.74261351520136742       0.86171144737210004       0.85052561227316958       0.85136482925469403     
  0.48089029354637225       0.42625866086998598       0.44972609764528210       0.58656640134197147       0.43074257530328169       0.47640342484157822       0.55231991339379549       0.46221503651395318       0.52222742421466695       0.49689528924390619     
  0.87089411878372736       0.39664943801703689       0.87504170688003491       0.86790446857659154       0.85710009588653080       0.97813804591335085       0.75333002760681345       0.87553758333405762       0.86622675028249441       0.86847711004329164     
  0.49537203609894559       0.42739147013272211       0.59379920735999125       0.58498324536573310       0.44516124222434950       0.57936696084813888       0.60900864298347313       0.49804854095509954       0.54624870951475357       0.47291869110724127     
  0.88853673622025819       0.43228284470886247       0.88925548562028955       0.88411397758999855       0.87215231290735806       0.98048719530969841       0.76364495557576650       0.88852180994202101       0.88212626506572633       0.88525015705368060     
  0.59200656590127110       0.41674141738796688       0.51950392744145779       0.54072085588076768       0.50027954896207516       0.57767562250521953       0.48085922432847722       0.47434806578935013       0.45341381494759198       0.48210541222859732     
  0.90358287166403395       0.47563735285510206       0.90406400775178886       0.89843008844944250       0.88941470004694667       0.98288710546751656       0.77484760637274863       0.90026835501533820       0.89826768880430929       0.90028317178464756     
  0.47829034695410005       0.64646780425227801       0.49447169021527587       0.44546572494012504       0.61588861420041785       0.50953067154618303       0.54497214260578952       0.51683740424724500       0.43081802627929877       0.48476611269478781     
  0.91828753238011862       0.52607821563295387       0.91886166125490321       0.91210671761840190       0.90593405720273568       0.98525753424169071       0.78644508008250447       0.91149155474706978       0.91433276500344907       0.91470719042023307     
  0.53029092789609389       0.58304906330616535       0.56178749571563491       0.45147874028219026       0.54059043885631008       0.56192531949321067       0.45888746318976226       0.46263024274174580       0.40519420158074082       0.50113743758585028     
  0.93137856372204830       0.58088717717062666       0.93339741754653527       0.92610685461120346       0.92110962191851986       0.98741780480325259       0.79967166019965608       0.92498970931419755       0.93058710588308902       0.93027392989091262     
  0.46430340025074157       0.50830700383721827       0.60151793164515333       0.52132265530211752       0.48401441692113811       0.61474600685375680       0.44563914486941164       0.49733778262318096       0.49507877996914951       0.48711569703702923     
  0.94419733534499739       0.65075187980062321       0.94818857128288725       0.94028441207484703       0.93639286504262720       0.98948862808830562       0.81456728919301158       0.93836492713382746       0.94654307756167788       0.94618410654351348     
  0.44042268217674602       0.60931403080140989       0.64198462496774866       0.52252092898826186       0.50569932592287026       0.59611580800531128       0.54318904778024413       0.53829616634262467       0.52989295610407305       0.46798831411870201     
  0.96021344894241090       0.72916979628974810       0.96179534944373357       0.95528622678520048       0.95216649491601180       0.99176428178890497       0.83534657849647975       0.95445829784975844       0.96141734261750500       0.96026424651966125     
  0.53245504226385598       0.56842528834562023       0.55223037412453790       0.55153034188405448       0.51861198002247377       0.75672088234856472       0.53448771020391306       0.58724399010013584       0.63788422203146178       0.44042808954644586     
  0.97529350599327902       0.81744724427517801       0.97591028720501716       0.97021270544778238       0.96785691939814411       0.99408056395761824       0.86249703336182648       0.97044626300862036       0.97570626082974576       0.97412755407218343     
  0.48372673830163054       0.57969427618790237       0.59430532333894681       0.51320452256333748       0.47311292903503793       0.68758449837175095       0.53217568943545668       0.70944298066125278       0.52770065352436157       0.55543380023194644     
  0.98787665724598528       0.90925021948217488       0.98784968604541412       0.98507277086145706       0.98401886593195476       0.99679071739017111       0.91676816288406215       0.98516265986589946       0.98807977813041248       0.98703363209324557     
  0.47627377058384079       0.67032039722523018       0.54889929239085278       0.53212170057549746       0.61998602607670628        1.1001870994399943       0.54314161330250177       0.51814712830776921       0.52123298133871299       0.55343572353248471     
   1.0000000000000000        1.0000000000000000        1.0000000000000000        1.0000000000000000        1.0000000000000000        1.0000000000000000        1.0000000000000000        1.0000000000000000        1.0000000000000000        1.0000000000000000     
  0.96822075117392825       0.80853671980237329       0.49763671396597864       0.51165285676402983       0.43908486471735536       0.64125783090605315       0.38175835894732635       0.65876967795745334        2.3077984128208304       0.51234539641251953     
  -11.057233645085160       -19.952030102145315       -14.135910515561209       -12.590555912159935       -10.024058573069588        0.0000000000000000       -12.698302824977430       -12.630156722674856       -11.102700869206661       -10.674379492400464     
  -17.915443498845079       -7.9755899246016257       -14.309284385097790       -13.448592313115933       -12.881482103449761       -3.9654131975935663       -11.315419202703360       -12.906643546820446       -9.9545633528554500       -13.488289131905278     
  -8.2887597133536417       -5.1537238103722016       -13.741618620199290       -15.346071640360385       -10.270580001182498       -4.3361599041454602       -11.345520491133877       -9.8449850742589327       -11.088474910473773       -9.7562044689405116     
  -9.1148501833021776       -3.3489987419535252       -11.822743582333636       -11.378892854298684       -14.365108534075775       -5.4906592909335012       -14.442106540885943       -8.0531367359482537       -11.453659637899039       -15.252414772801437     
  -10.249168589412797      -0.24856986107666154       -11.704575030793988       -11.883989487176283       -10.794090911736584       -7.5191565107572336       -14.984240038616880       -8.6773270813352497       -18.052541880378222       -11.502069333968173     
  -13.753098035120908        3.9648998050957829       -15.501631782708866       -10.795001610538710       -13.291454129789082       -11.149744363062641       -11.032525206915562       -12.051737894224688       -9.2902415903200897       -12.333897926200303     
  -9.5105129126283039        6.6395801419065510       -8.3675106622250688       -10.325443776546010       -8.9107874396024744       -14.031919611655724       -11.434750688015882       -12.693869484939954       -12.435521844180959       -9.1372609604700497     
  -9.7805954252152976        20.202750750515690       -9.4695023560285438       -11.944726336444633       -18.261167223120765       -13.669987435748643       -7.8561656839638641       -14.726741263754469       -10.524989813624320       -9.1663235334968043     
   1.5267307383179572E-004
           1           1           1           1           1           1           1           1           1           1
   6.4178411969859967E-005   3.4322165586805553E-005  -2.2956720067839317E-008  -11.994771297128397        2.3333152576039539E-006   1.6985737180054508E-008
   2.4271888707089007E-007   2.0114004061300698E-007   5.6410568638737437E-008   6.8544773791357247E-002   5.6291438895003101E-008   2.8776689012407816E-010
   2.7024776611818329E-002  -13.573595999067521     
