   0.0000000000000000        0.0000000000000000        0.0000000000000000        0.0000000000000000        0.0000000000000000        0.0000000000000000        0.0000000000000000        0.0000000000000000        0.0000000000000000        0.0000000000000000     
   2.1541619921079020E-002   1.8011073082142615E-002   1.5684942822192603E-002   1.7804524555577912E-002   1.4541746027093662E-002  0.19579495810534586        5.2701803292673606E-002   7.2596040603571985E-002   3.6501836015119311E-002   9.9158283011910858E-003
  0.35034522662810269       0.43731168454235275       0.46221327616336666       0.41419624551413142       0.35859354450716657       0.33710048794091879       0.32942075894380624       0.30316938112760672       0.43754473143636685       0.45926452057140266     
   4.1338551539235581E-002   3.5865790040013189E-002   3.1858426903930329E-002   3.5446850408442865E-002   2.9467292376991902E-002  0.32490423146991948        9.2709620962337702E-002  0.13402325624133465        6.9739272811407377E-002   2.0103077352724482E-002
  0.43855199259198863       0.43741212787098022       0.34534824113217161       0.39259964409256132       0.44669598864398302       0.69813502135927497       0.36145537230901037       0.36372986399027957       0.47373654168129870       0.50883444512447351     
   5.7990270130539472E-002   5.3978563080085418E-002   4.6679479908832283E-002   4.9308423424310695E-002   4.3547482767443364E-002  0.37044244902953521       0.11351849512574838       0.17187748956014157       0.10095477154787617        3.2314854433319995E-002
  0.38314871393496996       0.35737970129146096       0.32576197841855664       0.37742587715986381       0.37476096166760547       0.37742239682650164       0.40590848256952328       0.36549360615017434       0.51151176216214234       0.36688618316082144     
   7.4580878233519318E-002   7.1717542244796720E-002   6.1735488529308907E-002   6.3430349587781432E-002   5.8451268885371624E-002  0.40722142861822780       0.13167662771383870       0.20434879392047903       0.12869512985040507        4.5174498276908975E-002
  0.36486904907799628       0.37742419683492179       0.35262532216739956       0.44746469663901661       0.32918097098865862       0.43915716190580861       0.41460506804670383       0.38685103095240436       0.49988899127662251       0.37644090706394617     
   9.0009840623917051E-002   8.8354540852017313E-002   7.8175310297765727E-002   7.7506321720077084E-002   7.1355254720832068E-002  0.43127450800146716       0.14476176541851704       0.22736724811022371       0.15150759605928713        6.0256366020324956E-002
  0.33262112306942498       0.40094408292447009       0.37062894386184880       0.43395385169914380       0.33741414588385066       0.36272472964799363       0.37847156844143492       0.39294317284826275       0.42917890441177720       0.35902573032789747     
  0.10520543733184569       0.10549017476799449        9.4495357552289549E-002   9.2262308453833680E-002   8.3731395861177074E-002  0.45443804516297642       0.15748518193439359       0.24879728617457911       0.17458518107863696        7.5348199704746835E-002
  0.54346144329415680       0.39404738519071447       0.34524654972882801       0.38006844977035753       0.30840373376927005       0.40198474869415152       0.38823338071411639       0.46103012532243787       0.49242428239767405       0.41605940719763251     
  0.12010896059141193       0.12251625729381617       0.11050899290547452       0.10608398600490715        9.8307789155779229E-002  0.47611852740754745       0.16890126690279650       0.26532735391179413       0.19685509075055529        9.0804520157134694E-002
  0.37636433032047506       0.37242174315753424       0.34833321733970901       0.39300401090479276       0.35285251375159643       0.38469241917927022       0.33899626476802436       0.36778069521063494       0.46682722829103124       0.41046904991671840     
  0.13543131683887979       0.13965457862877290       0.12635901698549473       0.11961495704983589       0.11245352317612949       0.49626003471344626       0.18021782045673831       0.28134719307900807       0.21877862459389621       0.10658574723188080     
  0.43493724388693378       0.39986488955402677       0.34277214206403966       0.42878916309668230       0.42193233406871583       0.54085735765490350       0.36818995176693020       0.36268755586056362       0.44829422934217467       0.39485760496899530     
  0.15107828471861437       0.15585705492315877       0.14059622828097992       0.13266553898894293       0.12868779236548322       0.51486176035279374       0.19021708007858887       0.29570231074622155       0.23911549856744096       0.12259252095579184     
  0.37690648662506049       0.46755496530624796       0.32280667270864266       0.36261466655384827       0.35445681906641385       0.37906319122500209       0.37480441706155060       0.38707943404661371       0.37799615746000986       0.39496370516090373     
  0.16664230367910046       0.17186137352676834       0.15525129027486917       0.14550412605148258       0.14471952015455711       0.53176823736549395       0.20023308090883721       0.30958294662184060       0.25980940522027235       0.13821687284452147     
  0.39832822516025435       0.39984333241118453       0.35454245501087944       0.36146062188500117       0.34612419531101368       0.40166421020132798       0.35720411367370081       0.40369019717132132       0.43818535405909831       0.36288107217053200     
  0.18242463637651982       0.18667693324222961       0.17047325514919678       0.15855867362409309       0.16004306161860737       0.54760679810664237       0.20995805194614731       0.32251817934194027       0.28029397726635724       0.15369188742856710     
  0.35489221556124706       0.42444727441590907       0.34824037297573995       0.39660231448269218       0.36541662842367773       0.34874048401770430       0.31441258402784211       0.39737995726315278       0.42383406535306778       0.37709289892210868     
  0.19850591748834689       0.20113582183461989       0.18551576357411331       0.17171542324566952       0.17536866049541072       0.56210200371868824       0.21959768782663608       0.33505590435537436       0.30053624961178488       0.16947169235271223     
  0.38174370111474165       0.42495941701401524       0.35882302879178984       0.36196625048439934       0.38570843753852468       0.33663385382762318       0.38557935003875210       0.38959124706292697       0.37043205555030434       0.33720370395383747     
  0.21396177738449848       0.21505847430461555       0.20159485597108287       0.18495891256114610       0.19036902595676847       0.57573900053152716       0.22919086949677500       0.34702390861257398       0.32061943461390541       0.18590712051877181     
  0.35123101858208589       0.31652704091077993       0.33252306074143045       0.35603361055669985       0.38989637179917097       0.38848985884041182       0.39278543064637705       0.40205265094509363       0.45610814621647372       0.41268292179870175     
  0.22853154934273814       0.23017758445727582       0.21728560527647545       0.19820588403038028       0.20556181256614817       0.58792089217608012       0.23873250055897799       0.35927008821449286       0.34021043625685593       0.20285382158596013     
  0.38243103405952855       0.36565232931022634       0.41165718459365597       0.40977912968638369       0.34013140545548343       0.37730514068005350       0.49834561492723023       0.36996120856091153       0.38139433516622745       0.32730754155575742     
  0.24351192686308643       0.24528735278326663       0.23298744740375371       0.21136453223610588       0.22095945967774222       0.59942506654017047       0.24801552686370384       0.37178709779086300       0.35919591925816785       0.21961107198103100     
  0.36985628620476552       0.40731963824094192       0.35119886977029230       0.35449622620880211       0.37206310978627360       0.36906372232081747       0.35683721007712255       0.40139234689887443       0.42134150995794489       0.39385015089770181     
  0.25885606535619177       0.25995899991162524       0.24827636447361082       0.22470402452061586       0.23650467416748183       0.61104269629030372       0.25746159896644710       0.38445822802572965       0.37785274764877530       0.23614256482081189     
  0.30878037884014775       0.35623091220363307       0.35333912935394740       0.37484909693149149       0.37769243827003612       0.36802791516929884       0.32657277078236097       0.39845174880524176       0.42103890829610002       0.39048661139050006     
  0.27424746926346610       0.27448015429533434       0.26304696068683536       0.23746357033492510       0.25293727404792665       0.62298324273626315       0.26655413480152740       0.39711126794243246       0.39561070859313913       0.25258348480750720     
  0.41512910921398227       0.43121874555763201       0.37718978883832222       0.39527838184128217       0.39201378531927544       0.35999322157857666       0.34655536096008321       0.35112737218367507       0.36184814606316784       0.34010584868369420     
  0.28959887413975827       0.28892662653881868       0.27795447384635519       0.24998715626339019       0.26923679173136245       0.63523592443049059       0.27585498828191063       0.40978573894184600       0.41242766369997286       0.26866849304487977     
  0.36686982406312474       0.34131867615896111       0.40807404324395397       0.39799027651403723       0.36010261824977302       0.34370097382474801       0.37501424225427066       0.37887624964094735       0.40041445804244680       0.31773472397448282     
  0.30497665264635077       0.30248270730451238       0.29284154428238629       0.26283905280626479       0.28598526808184949       0.64726892986466644       0.28605250194264181       0.42210218105892078       0.42851482123007062       0.28467386028551617     
  0.37333145667541956       0.35621771919419232       0.38468725778839946       0.32488087241047697       0.42617181140587157       0.32361050046580458       0.37771271045486049       0.38211584416675753       0.47963436445926549       0.33252457289008930     
  0.32049321943463260       0.31540559975255494       0.30804358446623131       0.27575529794608916       0.30257106902861924       0.65894869806370260       0.29613407626761495       0.43484403142233824       0.44295755526212116       0.30073019191619754     
  0.42458343864888581       0.37343904684641954       0.40158123592773798       0.36539556653919120       0.38540771540585955       0.33894574441598602       0.35485248618205140       0.37800312562651350       0.35507751703653245       0.35325640541619735     
  0.33626980631580838       0.33003023251138286       0.32513310798412143       0.28888052341844422       0.31854236951449683       0.67043301652119358       0.30612465665250516       0.44742610180474990       0.45548997642537503       0.31699572648372770     
  0.35872342456447748       0.48818852582993610       0.41262372801893010       0.35924441957801911       0.41697964482255762       0.32314269468926798       0.39359855608744559       0.36985660932872128       0.32389949227010534       0.33490337380547514     
  0.35225306558288877       0.34402545842880256       0.34205286690467868       0.30225673704326378       0.33484592954250270       0.68151142462789516       0.31629036294874274       0.46064660321800582       0.47127434583552724       0.33359876612506800     
  0.38590245010032020       0.36576139630427995       0.42071572055283180       0.34502963623144262       0.41713122000253056       0.42788872187218308       0.39818295241984014       0.36953180137036840       0.32987942190723996       0.39457926512724195     
  0.36807727434236492       0.35788531671839124       0.35842883556365235       0.31608015710089238       0.34994709654538991       0.69233178504962378       0.32669040780930475       0.47425744127098129       0.48808976921808456       0.35015201498888571     
  0.45155490271331744       0.34907975414046716       0.36814869711630738       0.33186475352134326       0.33812058388147048       0.35187268934054833       0.39883959205899056       0.35567289081977838       0.37257192712576626       0.38271994777211099     
  0.38381602451620261       0.37191542310341452       0.37466351363507450       0.32979656286520115       0.36516962803812619       0.70304705692457026       0.33712263161149453       0.48791637404604632       0.50407114382207907       0.36676251056021036     
  0.34825741706562624       0.34050992249213163       0.38032801558692120       0.31939825782110942       0.41890631214260032       0.37077232028222401       0.43485344165890266       0.48556093558155911       0.37088331071406455       0.35813468289693579     
  0.39934912475658119       0.38543141599883868       0.39031216577637873       0.34358353889314031       0.38098131520499029       0.71363811899882867       0.34729814956778676       0.50140627192097920       0.51971035374385699       0.38317567217936227     
  0.41630477836935992       0.36613486109379972       0.43777300757945892       0.35678494700846292       0.39285452003883053       0.39305241389437506       0.42806744013530329       0.35181351178383813       0.36442849955410128       0.36522900687557081     
  0.41456643921509212       0.39889779381790730       0.40612571652370250       0.35752099505349999       0.39679895103526447       0.72374874964824620       0.35741744872829712       0.51432470073632419       0.53471414897186387       0.39911180598092533     
  0.47511622032689538       0.45351092541254662       0.41058522363114064       0.36513434367465186       0.37543758230634228       0.37088254600258891       0.36154606960486108       0.37186628959399148       0.31795757992844753       0.37743300335437313     
  0.42953670133346389       0.41291892620485338       0.42156483999095118       0.37165883690764617       0.41272201473298564       0.73329690334911246       0.36764838829354918       0.52721215789406140       0.54938179863990955       0.41478392409038745     
  0.39342593469949844       0.34738678214030755       0.33878762503455279       0.37957256338515727       0.33179984216816977       0.41287836314075532       0.40008288464875974       0.31031778713585323       0.32282262197177947       0.47401847757758747     
  0.44424853069492937       0.42734161560821415       0.43711877358693080       0.38597577585715021       0.42850476886240807       0.74250689323745844       0.37825647771536419       0.54058359223902674       0.56342135364356305       0.43101934139965092     
  0.33996027408820484       0.37958155406456429       0.45309859596884111       0.33006152067736366       0.34990112431019960       0.33147671672935081       0.42717407885356623       0.34670568299311455       0.36196186753590776       0.40743882944593296     
  0.45938851065393016       0.44134786613745158       0.45282126387171717       0.40038425813882444       0.44509080742610957       0.75143404597198082       0.38930051331663623       0.55455178612373024       0.57730244103438300       0.44794209342641345     
  0.36187626032096559       0.35725347332878826       0.34368481332639050       0.33789015226128427       0.39788571109259813       0.36694501036660215       0.32722646236311476       0.36116772259872265       0.36031440148150323       0.39866203162337971     
  0.47480167944200952       0.45506879074558138       0.46846782529122688       0.41480419720936934       0.46153608505454524       0.76035318946126951       0.40026847338373672       0.56844353611366205       0.59150411463267538       0.46500485449355317     
  0.36872807196825819       0.36804811766228540       0.35819199123365725       0.42352321591809799       0.42603820639062795       0.38075331344798041       0.38894497632533903       0.37695526502446847       0.37453427486061103       0.39179374846836301     
  0.49028430952900998       0.46909530211331885       0.48422072573718877       0.42991360669563961       0.47802100033201855       0.76929607579767367       0.41077933485190038       0.58225408914411036       0.60586822431170140       0.48194465074321280     
  0.43883670110470846       0.37708613835650162       0.36963025662572074       0.34645531310223382       0.41331478433148255       0.42278421163134244       0.37769524777860475       0.34882294394037294       0.34722567472860127       0.38942085702534096     
  0.50629756028325101       0.48346153992630969       0.49973517952968777       0.44554844196725613       0.49459794135818885       0.77837146661209822       0.42112983759892808       0.59602174171820377       0.61929588246552314       0.49824338499674681     
  0.39483660758933642       0.34753175128794017       0.34275960358468216       0.39737047942678921       0.37277190463365190       0.36336905512280077       0.35909174683723571       0.41343597961272877       0.31601701486672862       0.42058233805624295     
  0.52245142138274248       0.49762070316401619       0.51529080922147608       0.46135925194752531       0.51136028344560991       0.78701368955281636       0.43202795935271426       0.60979747154998232       0.63225866788051266       0.51405826424250256     
  0.38500023656769211       0.36524850470234838       0.36272530902256539       0.34590963726782764       0.42691624359861191       0.35282145398216963       0.35821236380865651       0.34757739187115838       0.33532357446902150       0.34729075350243016     
  0.53872423786787360       0.51160299304897294       0.53066858616724799       0.47748835327102024       0.52784799793418813       0.79563849499250827       0.44297541839309817       0.62353544636581670       0.64520760939985655       0.52976985683034583     
  0.35847640285211607       0.38574204098518461       0.41723511328481688       0.34143226339882482       0.33670444216727663       0.36876401439247936       0.36069547702151289       0.33875035124171249       0.33510151110516212       0.36069987367858342     
  0.55460930985111001       0.52585386546828305       0.54632226286590313       0.49342333772606511       0.54148496627234854       0.80405822674243421       0.45114334040267134       0.63661524698642968       0.65816942217451913       0.54520548165624017     
  0.39801444874378489       0.46688244133713175       0.41718027830215926       0.35240079664768625       0.40316921707586906       0.35743524995956227       0.35853149268787765       0.39728299426277258       0.35765079388927812       0.31698475896646788     
  0.57031864541751620       0.54030309915957808       0.56208162330943712       0.50921990581646981       0.55498292033933072       0.81248084866271020       0.45911499837237862       0.64983022060411444       0.67122744891776465       0.56067918146564399     
  0.36406260842055638       0.31089943620816340       0.36754714888770079       0.34810582505750759       0.32571983110863217       0.42667042091697460       0.32432471379959538       0.33898923678958898       0.40288478679664491       0.39044552847913172     
  0.58622767627959238       0.55515735467777372       0.57863523789271987       0.52607528241318813       0.56888990027621256       0.82081978469358796       0.46876002631233926       0.66300094301569645       0.68427676328624853       0.57623343058939447     
  0.38923524071622162       0.35504532676514422       0.45683056677433254       0.35815654328035851       0.39030555411748363       0.33216522287751438       0.34581133492944549       0.37233607402276786       0.33823107632615601       0.35153894710317701     
  0.60187165644912055       0.57047960580871671       0.59519593127255133       0.54324560424330570       0.58368014212930597       0.82905346547541192       0.47840391051982861       0.67620721625088898       0.69761329459714017       0.59218887329411640     
  0.35541551152523010       0.44692764568860144       0.37635634952129321       0.38516185748124571       0.34929172832802652       0.34387742218502193       0.39198166271045715       0.34521426209524919       0.36580654463778767       0.39079668896854847     
  0.61727117621731420       0.58591747871772937       0.61063416166912865       0.55958932934625660       0.59972406271960854       0.83686080439556154       0.48995455236019037       0.68896018460077302       0.71105841656827362       0.60870520375424364     
  0.37278894085605802       0.48520410784644952       0.33647699903270600       0.32928111455090769       0.40302721642218908       0.34545548079557153       0.34094131453684628       0.36477708592271557       0.40625974831097067       0.39744005391829756     
  0.63264950120799113       0.60119605402212306       0.62709741893015591       0.57545477116086841       0.61631845985726263       0.84480258668809671       0.50121517666058557       0.70195226908465058       0.72409192087594665       0.62491352927542287     
  0.33517400748695692       0.34998394545943162       0.47852226163101746       0.37033980858611376       0.37823874006151292       0.33614378787744775       0.37353078394285716       0.36066937516760966       0.37734880171682217       0.35418159234214530     
  0.64815220784126282       0.61599876192876979       0.64296947359487011       0.59262951767642980       0.63269405726613104       0.85230964476342008       0.51244929042643295       0.71507625931164476       0.73687287657133438       0.64075055291322047     
  0.35340309721148244       0.38906649884590527       0.40615063725419764       0.32922354434317619       0.35545289122149520       0.36161075863881048       0.34565250240503215       0.38484838087271528       0.32570556527986350       0.32416458471260479     
  0.66377197343109495       0.63059940466039954       0.65911966754150919       0.61070050136755882       0.64890177266112903       0.85996465261168875       0.52372119274210693       0.72797989926059914       0.75018645551836172       0.65706256424558640     
  0.33789686650951484       0.44637505072348921       0.36587726396089709       0.34698555458823566       0.36036323568295209       0.34156642407408871       0.43125946941843657       0.32504112547025771       0.33907344077038687       0.41065878602595057     
  0.67934493566072263       0.64557133020476687       0.67198089482692047       0.62931624216176907       0.66483769281109795       0.86670971898329063       0.53469759157213481       0.74111890998514929       0.76360752423236522       0.67388753644753008     
  0.35381732119595016       0.33560250816482301       0.42277503378454195       0.39821962698728625       0.42403880135016636       0.36123255921131370       0.38526910207766102       0.37513588342549042       0.38821778603882146       0.32803235076864545     
  0.69471533492960635       0.66093396263626991       0.68423078386327885       0.64762339316654605       0.67992833909268224       0.87359541478060265       0.54583764634463872       0.75399142553889376       0.77703614019416500       0.69060496707759544     
  0.34846960511689784       0.40770323777658601       0.37405942007069637       0.37387090063531248       0.37045083373291077       0.34900637855402994       0.38178317820253033       0.40310832334638380       0.32383310755511452       0.39726759651200155     
  0.71068486433803202       0.67606317016168116       0.69942641179839649       0.66599412833562455       0.69562634623887376       0.88032788841447540       0.55745113306816996       0.76673271572773316       0.79055954029284448       0.70704817545885401     
  0.37610725091085628       0.35010305102897532       0.38966940315867526       0.35295604755044452       0.39821403043518189       0.37925626880922553       0.39330041765619445       0.36324489231504181       0.30030980768613674       0.35597619456725887     
  0.72721463022826560       0.69083301659949115       0.71436384754058613       0.68471560166262657       0.71153663461817496       0.88718952651360861       0.56934055208255718       0.77959419895740656       0.80330665252829847       0.72319672595431828     
  0.42068073009853307       0.33512436824648534       0.34629135367960806       0.39204801110303106       0.41622387387397647       0.36013622342932455       0.36142239835634610       0.48974699477799455       0.35906834513926889       0.36060327455731700     
  0.74367390739401984       0.70586059094638065       0.73114229188552016       0.70390344131881555       0.72743016068716848       0.89385428757389751       0.58208482243237059       0.79230537841215987       0.81564295985011015       0.73922293355987900     
  0.36344004287360460       0.36645588929336753       0.38559751676740772       0.36567140457794645       0.39428651645197599       0.34667273880240868       0.41880283214445202       0.36242741937148887       0.33007813889313203       0.38929666069522195     
  0.76030606410593127       0.72140443748356398       0.74751671500506234       0.72375746018274900       0.74355452300819469       0.90041792307223023       0.59481708001073919       0.80509377362404222       0.82772293848746659       0.75563885535868658     
  0.40026674028794995       0.36191624868856243       0.44085048124498938       0.33749062879628744       0.40137461462437535       0.35819141404614102       0.34892276048004145       0.40408056574514228       0.31276152416952624       0.36216936211644635     
  0.77718646999624852       0.73737288198042383       0.76369509465662644       0.74383424063857684       0.75976253219784962       0.90696698365985773       0.60674377243799360       0.81771678599061459       0.83967058204562262       0.77197847666526342     
  0.38721272232576037       0.38050907986460836       0.33498392619799511       0.34406047046699723       0.40224847237904138       0.36563150250947452       0.42339372950822673       0.33711576656832759       0.33157253437879614       0.35248144109560980     
  0.79398097882372065       0.75418345003500864       0.77932936461792413       0.76436119019248794       0.77605470494568907       0.91366942293047115       0.61886732542727696       0.83021531529854053       0.85185159895657991       0.78839277516112438     
  0.40085412733738773       0.43552320378386439       0.35678300881199221       0.37794518565503932       0.37680069521996173       0.35977429037613939       0.39099103129739510       0.39039082416597837       0.36634921097975720       0.40138233323370792     
  0.80995463083970953       0.77048366132122348       0.79514223968941067       0.78526544923418629       0.79214017560645356       0.92031963266452632       0.63152691942004680       0.84327026046250886       0.86398102291103385       0.80472170143958799     
  0.38613686216239679       0.38744082028296756       0.37082258912552968       0.31322758650972538       0.40492231541146256       0.45749384810198890       0.41815656185402705       0.47101764230902360       0.31852855554765258       0.42700132587872769     
  0.82536200377611479       0.78640891963154003       0.81145931117095615       0.80623765409870540       0.80826363018255432       0.92701015550382404       0.64501503838207397       0.85635667524533265       0.87598081065512834       0.82025424673238612     
  0.33381900736300008       0.35840222692443424       0.47348762719567067       0.41965887776873134       0.37170523088060015       0.36574859163714168       0.36575523910003649       0.41158414380481106       0.40434465601662922       0.37901548171060828     
  0.84071762425172503       0.80237751790579048       0.82721343419515414       0.82507203638712556       0.82384538832980181       0.93358104648461238       0.65976894724641344       0.86918018447533563       0.88775732725640699       0.83529181545689801     
  0.37314864146519117       0.32699292208763675       0.35864803067448098       0.36454086060166874       0.35382456323182881       0.38765332181171636       0.43294522502037880       0.39103018033272474       0.38129597477515509       0.34907821973147019     
  0.85620553249299780       0.81831507656336411       0.84286740371916458       0.84343624809820084       0.83874581936630555       0.94016652519379984       0.67438860252935373       0.88191831048777791       0.89939839977719593       0.85058127763534430     
  0.34408072370280424       0.34915352976743541       0.37021731361014798       0.38838523016248372       0.35291183498455425       0.37809136651967817       0.44030803656920348       0.39342941149345462       0.32368069323750376       0.32897322198419471     
  0.87181157069779014       0.83497856457000919       0.85758992741731677       0.85856793544413346       0.85469175811076181       0.94525403729210622       0.68978508677307815       0.89447571223928513       0.91101688901408606       0.86683075902187068     
  0.40456649914929066       0.32277732360171457       0.38994887839574849       0.34305174040984615       0.40488571403171847       0.34326194063229465       0.36296543639139717       0.45219665901730677       0.43126578170533503       0.39310968578407535     
  0.88737645182482461       0.85281992512295623       0.87254078781073341       0.87298252285355749       0.87093870057625644       0.95048490644466788       0.70442340201151343       0.90735584709833395       0.92269167813884134       0.88362637013087508     
  0.34849884048507346       0.35539534396132433       0.39372704179583368       0.35770482720196856       0.36671585165240961       0.36939463116870264       0.41480043481169904       0.40048555449673945       0.37101278054211267       0.34124813942936444     
  0.90291327131094468       0.87085179329047824       0.88919932192978157       0.89155324536718394       0.88702397707656078       0.95522998447865204       0.72115777259985381       0.91851241706004283       0.93452618633256523       0.90082694012777698     
  0.40801020581344177       0.44570455249991003       0.36748132951549106       0.40163819769196019       0.34805243706283956       0.38666348120396038       0.42998501208580847       0.43945000395697087       0.32131335088926272       0.32260760591977417     
  0.91843459467700284       0.88944581191383398       0.90525802943950628       0.90989370532634817       0.90325721025919337       0.96000325275485443       0.73772414052495106       0.92989059417277353       0.94613591712252676       0.91758728363804098     
  0.35609044902037507       0.36706856741335114       0.46026078982716834       0.49081864918481477       0.39192158124168663       0.34049118663572653       0.36635813310382337       0.37262834178285820       0.34866822924877078       0.44689900460756621     
  0.93371645576300322       0.90847029296436332       0.92152071707006999       0.92705920662227626       0.91896368933215167       0.96629204773141630       0.75774370059152363       0.93967880110647051       0.95752245424626692       0.93292419353850653     
  0.38248525287748147       0.38053748373968438       0.38797633748661026       0.39477987100648521       0.36384703200165613       0.46893586275057375       0.38220125684918449       0.34712268608640184       0.32517883586304663       0.38954392213011396     
  0.94896706524355801       0.92793200374436668       0.93753996239554704       0.94419017547752537       0.93460544078342678       0.97244217038888758       0.77909761049238624       0.94906380604951845       0.96809715241486460       0.94820075863790032     
  0.38999330167967888       0.34423494612636463       0.39794456122864258       0.46180034972373940       0.41607363582996632       0.46287153006913051       0.42831784000348211       0.36926779530811521       0.33330507488020267       0.43150212181773379     
  0.96318056460627510       0.94699484580901283       0.95244311612251842       0.95832956158009319       0.95078714667913100       0.97909045945454176       0.80695314039954436       0.96200467757378649       0.97789906094765455       0.96265725334878061     
  0.33430516808179062       0.37875559196239816       0.34601817594190648       0.46133901113052933       0.40084046538056040       0.46108833697794560       0.39670638323218854       0.35196394178222024       0.37245450891492921       0.40274290131399249     
  0.97728083951324818       0.96646289191696377       0.96792941625281037       0.97210335976437778       0.96714897142534617       0.98574683859527978       0.83965068666643239       0.97454892833947959       0.98636124112248136       0.97621393294613068     
  0.35668003893041805       0.37155609082870428       0.36465089713459004       0.36324022243438653       0.42852408355647970       0.39916463958161985       0.46732369723831979       0.41626216673604866       0.35080841241330585       0.43051931426898321     
  0.98897350408700924       0.98363818678488135       0.98397414289319773       0.98625394639914721       0.98356681654416733       0.99281496800744973       0.90411618142072858       0.98717262810417239       0.99331366244762642       0.98824928774692111     
  0.38518959523901874       0.37210139752261634       0.33105383381077502       0.57265432983410158       0.40245331027123610       0.47795850667287465       0.35098851488497901       0.41007396403313295       0.34633276567208016       0.43172920405170501     
   1.0000000000000000        1.0000000000000000        1.0000000000000000        1.0000000000000000        1.0000000000000000        1.0000000000000000        1.0000000000000000        1.0000000000000000        1.0000000000000000        1.0000000000000000     
  0.47428357622984829       0.34372994906876492       0.46680771359520346       0.80167430648479687       0.40523279697692333       0.40458022309708874       0.30136790269488811       0.39656432755361365        1.1531514797096827       0.45756912157475677     
  -9.4941659144747756       -12.551113983449387       -6.2549998036571672       -30.501377758970879       -3.9424805375877265       -16.176218016003116       -7.5821051320108079       -7.3789253467938725       -6.8310124271620376       -3.2379988411263581     
  -3.8987603469766201       -15.808010354184033       -4.0585605841730370       -17.586342635784504       -6.0855756329090704       -12.678160093758324       -6.9380074685647797       -1.5639910480932921       -4.0353265887509728       -4.6559214127610549     
  -4.9647569874750745       -8.5689509149588066       -6.0625488038857211       -12.442692516390288       -7.3702818401378671       -5.5439106773381974       -4.0962102707596086       -4.9734556248291417       -5.8297483435838844       -7.6300865767525528     
  -5.5305141546175891       -9.4167892636856845       -7.2476855480656459       -8.9984827402837695       -3.4151723646014172       -3.8135176718928712       -7.4654635700558405       -7.7683758333807571       -6.3771673395208222       -4.4309263146977953     
  -5.4000769475370713       -3.3328550829067569       -4.2827096036130801       -4.7772157901343606       -6.7800204376988180       -7.6918843936621046       -4.6421626756793772       -5.0400265635594277       -4.7891269705510577       -6.7797804730135489     
  -5.7078682296486623        1.6674219445528575       -7.5895509441420739       -2.7320729622549469       -8.1997158662307097       -6.7571282815746603       -5.3386232097792021       -4.6336279866003611       -5.2266596585231140       -5.0982514142655537     
  -7.6148304941466671       0.23639912220776688       -6.6293361250817071        4.7982362520611694       -5.9951142998729212       -5.9498760281146179       -4.5064238677529644       -6.6697461440902668       -5.2095016087351276       -7.1379389862798748     
  -3.8004706337653134       0.70390586680618861       -3.5826944281009250        21.031866053418156       -5.3539101887596807       -4.4331144036120840       -5.7693847848067374       -5.8905111035447568       -7.1811081067223466       -6.8742672245891017     
   7.4901507119165755E-006
           1           1           1           1           1           1           1           1           1           1
   5.8172631074507811E-006   4.0958316527673202E-006  -9.9514667190988583E-009  -6.0121587926886777        2.8984110227698018E-007   1.2361214543402813E-009
   5.8388142761505071E-008   5.8905680972115794E-008   1.8836744315804958E-008  0.25090065667533717        1.8790568626469569E-008   5.4253788450353925E-011
   1.9383944271881816E-002  -6.3948254613930073     
