   0.0000000000000000        0.0000000000000000        0.0000000000000000        0.0000000000000000        0.0000000000000000        0.0000000000000000        0.0000000000000000        0.0000000000000000        0.0000000000000000        0.0000000000000000     
   2.0171609284318128E-002   2.7624064288487571E-002   1.6925166744161668E-002   1.6579719095478253E-002   1.6659121388205647E-002  0.22620785585232875        7.4317764063765321E-002   8.1235702212983429E-002   3.7362059084470080E-002   9.3782172683448545E-003
  0.37029708604299061       0.31730683327350107       0.34771784707246606       0.30896348451071298       0.35775108253742621       0.28860449359394952       0.26927751402892808       0.27539577421444211       0.34643062962800714       0.51780356454738186     
   3.9551770399684015E-002   5.4852603892482102E-002   3.3845231234962685E-002   3.2925772753724172E-002   3.3412362855658274E-002  0.35793089121027422       0.12413971153835295       0.14682758602799684        7.2319290826155735E-002   1.9349050783773032E-002
  0.33997492129068918       0.38338074964561603       0.35098945606160020       0.32282562022468514       0.31274512431047130       0.47844731542204388       0.29970154352793554       0.33033010809321267       0.41939536120783621       0.46649633525662310     
   5.7442730629692559E-002   8.1341407039223046E-002   5.1221361527027900E-002   4.8652862746812686E-002   5.0331030413749096E-002  0.41047291258531021       0.14947205218507240       0.19166109314178095       0.10217326997612308        3.0820665815125159E-002
  0.32374361799015788       0.44925159477275772       0.37427889314159590       0.39039315864037560       0.42007200130609118       0.42190856615522260       0.38599691546628634       0.33063510379027855       0.44212733896419892       0.45306980812787384     
   7.5283400994598015E-002  0.10671967800618937        6.8393487138876968E-002   6.4527709807973635E-002   6.7318724753234707E-002  0.44433274111508869       0.17125793374707085       0.22387435161304370       0.12958858586964389        4.3841115311826509E-002
  0.34372886077899856       0.35281214853082893       0.34179697566888217       0.34874416066521019       0.36044059094736375       0.33099810416196335       0.35555772919540929       0.34764282655285977       0.37700244451494669       0.34519745147166703     
   9.2160786404120745E-002  0.13045387919235538        8.4788857861578179E-002   8.0613616756427350E-002   8.4364247222819752E-002  0.47046547312789555       0.18688665667324930       0.24937434097433980       0.15546373893851939        5.7349882970425273E-002
  0.33856784876128182       0.41603217997651465       0.29957193874887211       0.33592961877153771       0.33913914959850638       0.34840574856307077       0.29485537406735657       0.39455017723889368       0.37994553560324112       0.40568483893130858     
  0.10884908991287325       0.15168282107079814       0.10141003673566315        9.6672177245707508E-002  0.10144541958946000       0.49205279692518422       0.20283153082577840       0.26926142863065905       0.18002812265847878        7.1012001171596395E-002
  0.35706625314537399       0.36001940521606324       0.41668333976020955       0.33473012087246007       0.32986813167975915       0.36614329269558182       0.35040266458753300       0.38850456874920897       0.39264356850994786       0.36658910239187043     
  0.12505877856812969       0.17054717521086865       0.11821586924005341       0.11270292204722794       0.11861102110614892       0.51276394357768029       0.21690968953202514       0.28747923779072326       0.19423941164514857        8.5920398721907210E-002
  0.31327461845451177       0.30236697982674837       0.35606386985826832       0.34451059512283444       0.32786492212540097       0.40338968400126157       0.33440562731741047       0.36455389200232069       0.28695658553629538       0.30097462848671536     
  0.13801062771758602       0.18889443658061528       0.13513641970340354       0.12861520832739459       0.13557969894495037       0.53165265928183547       0.23048715430775263       0.30352771300827258       0.20713872537993114       0.10140027539640009     
  0.28830233558434298       0.28478463784127944       0.35116981762859223       0.36263567249352985       0.38759300697812343       0.39086974253729251       0.36163606150385030       0.31196242523790663       0.31318395175191571       0.32965141318933561     
  0.14619720238170325       0.20727665015590366       0.15232213295047506       0.14441407048498384       0.15254880138356111       0.55014461891134891       0.24303645347545613       0.31932501795809681       0.21879993166586492       0.11753782657500225     
  0.31038965532328094       0.35807908566465763       0.36630759765685844       0.33203490118205942       0.33613540430478506       0.35846821183645533       0.36514411451149070       0.30969857974825749       0.29095021685652722       0.30475792945005298     
  0.15444010636268465       0.22718138050030129       0.16902514948014749       0.16009793828055771       0.16959343116493009       0.56523493965230498       0.25530552033539949       0.33414021385746145       0.23044549603980685       0.13387775821543157     
  0.31347185027932717       0.30638923972566418       0.36908508708976084       0.32097024107532313       0.41581451893570470       0.32247561567872651       0.30729054451340976       0.33608974415070791       0.32057125218260024       0.33256164427913271     
  0.16271805088372859       0.24603750513808617       0.18529949158772369       0.17556740402940407       0.18678770761343286       0.58038145807512898       0.26705629724774588       0.34861584735613182       0.24206828200113553       0.15092407232058980     
  0.28894092510485969       0.32576681927774392       0.31463209400117481       0.32718083868357667       0.39009088483812460       0.27705552038286635       0.32657671378286413       0.33310517930409989       0.28979205820950310       0.33521345135543290     
  0.17116763893792239       0.26375758545019090       0.20158367707882111       0.19096331778562842       0.20376212752241249       0.59541241735535100       0.27849562961509455       0.36241650639073680       0.25984284996942142       0.16783773697346593     
  0.26927751402892808       0.37123691595050340       0.31138029577105120       0.36779075244240861       0.36853722111256021       0.34807608235628251       0.31989303434484162       0.31698795603869390       0.31418036080617839       0.32906973729118350     
  0.18014678350863866       0.28097893904047511       0.21797706306838405       0.20630840632544822       0.21999425177288562       0.60949652119787479       0.28978242777221780       0.37611197964716764       0.28118155756868241       0.18521813366615256     
  0.27041986362820658       0.37261595768442418       0.32100246428391555       0.32354838905622252       0.35772837577138988       0.29425136512599698       0.34439553857400479       0.32935376563437907       0.36140359099654329       0.36524001426763308     
  0.19603841295529303       0.29834461194456247       0.23499701781062307       0.22182703110873964       0.23573111422679180       0.62205729250645836       0.30113888312949372       0.39017043558266540       0.30193364670025624       0.20263217256473565     
  0.36405829268847878       0.30695512874770586       0.34899220426682748       0.32905318790910093       0.33464409701966746       0.33534141729522426       0.34944484899798434       0.33651941369544297       0.34188826011026491       0.31398885685450123     
  0.21202333186139258       0.31578665864399114       0.25211762604094540       0.23725366743786008       0.25148402433590167       0.63417589349274817       0.31251802187155092       0.40434856953001441       0.32268446416322816       0.22038807671181043     
  0.33129711308450888       0.30706552013869737       0.38989099602967431       0.33336548314424402       0.31503390432135409       0.31282488357363125       0.32678631981084799       0.33469231933499638       0.35779911743387732       0.35438611786861285     
  0.22805033816067374       0.33297945858175670       0.26968787431942021       0.25318888990740523       0.26336945964063846       0.64588342710704272       0.32328769881852437       0.41787032087378345       0.34273388797401300       0.23781318414426095     
  0.32294039390261803       0.36633810628639307       0.40312519583869894       0.30822104789161137       0.28290836735683333       0.31851336808510694       0.39237260461849921       0.31272638453440998       0.35816338343104637       0.33060950219501345     
  0.24397578592344468       0.35005303886967798       0.28766276833676913       0.26917223326652645       0.27195733464348593       0.65736369711916220       0.33380513560985947       0.43156842774302279       0.36126584620665836       0.25193647112843870     
  0.30530088446990367       0.39331989170987874       0.32494795577259944       0.31062997295534617       0.27932457160237573       0.30195796500676841       0.34487346158007109       0.34151626520030198       0.33116724066465614       0.29040180351209216     
  0.26004815211302557       0.36672892220082637       0.30447411986455786       0.28492618569864703       0.28058301356911303       0.66864882004781978       0.34400830988009823       0.44525766726855692       0.37855028228084059       0.26103699446422646     
  0.34726821671162983       0.30549168705337920       0.33804309842941221       0.34123934429990632       0.28591193632296519       0.38846663302484308       0.34573674172159519       0.32084850045583385       0.32621827529706576       0.26927751402892808     
  0.27621074906312915       0.38295665254129591       0.32113538495113686       0.30071870991006328       0.28921447853271742       0.67975476724514838       0.35416492921829207       0.45888851371833839       0.39569728245629487       0.27017926610691584     
  0.34817883891867957       0.28771520049214283       0.37053521880161755       0.32054300509122524       0.30616787669506279       0.34197772000690663       0.38582508182931363       0.33400418973334972       0.31135945377200519       0.28860449359394952     
  0.29250461631840080       0.39914357485092544       0.33773076817705600       0.31615197348120383       0.29779225544701998       0.69059991899021911       0.36456816754092369       0.47226688120420302       0.41320444164971959       0.27935020840068425     
  0.31836855748046600       0.36150781350311945       0.31041303160848355       0.31078416687970201       0.28279659161028031       0.31849708468849713       0.32810401034454284       0.35310805591635208       0.33816738809520097       0.28566472990526681     
  0.30892117888134329       0.41523179302703422       0.35419109068012983       0.33164642446300174       0.30870490033292952       0.70115685492969937       0.37502077433118036       0.48565891949242740       0.43052477578850834       0.28840432732840759     
  0.38347023517760703       0.36498396443429143       0.32518030465222841       0.36953965114712783       0.29620496229702986       0.30367592817940869       0.30702530392311006       0.29977581044592860       0.36023633219956136       0.27237078098247813     
  0.32539871128910836       0.43119617876376487       0.37094771708589425       0.34673943283782299       0.32430013101517297       0.71169792741767768       0.38602835612800845       0.49937543282320762       0.44683177821766346       0.29772232859042913     
  0.38787976166608418       0.27914347991566374       0.37028727493774793       0.29614074704185289       0.32394806171960827       0.43300993650272657       0.35112730920955199       0.31545487342096357       0.35490478154882138       0.28377533654110931     
  0.34198197964108784       0.44714222067835546       0.38780889260271573       0.36169170598991346       0.33919889392566610       0.72078514042092701       0.39694754537104393       0.51304103337074458       0.46335018287331681       0.31579022216828406     
  0.39713488786261686       0.37300921664607978       0.32142739774277135       0.30798983470229996       0.34138499038637360       0.36086881974977997       0.36488441853836695       0.35772127180330121       0.36614237698466640       0.30232387965440033     
  0.35851035468527187       0.46211942567853836       0.40360807303856117       0.37779464605752638       0.35493061229772693       0.72985177743575214       0.40727176476775967       0.52533466371576343       0.47971024328512663       0.33370852752455421     
  0.39933774379093212       0.31862474795384521       0.40524051053778692       0.30532125502910396       0.32754479358450228       0.32745602457092404       0.34976358392104923       0.31566479500264510       0.35351466499982032       0.33230353469761248     
  0.37499367453116589       0.47702623314672249       0.41953453199810659       0.39405164312734042       0.37154591205100079       0.73821226607981727       0.41757733858962848       0.53753503234022626       0.49604767283492640       0.35141742947705928     
  0.33563365799138811       0.36689073208476813       0.31652464591563279       0.29077360350110132       0.36178094622638363       0.31259145336886807       0.32509912321623347       0.35006052687467015       0.31561019824209036       0.33379311291000713     
  0.39160389597797546       0.49186758809037673       0.43586777063562532       0.41009857211948020       0.38750035139950950       0.74703566251455689       0.42785459346146387       0.54955792999065711       0.51214155975101505       0.36886497715075395     
  0.29797605589343140       0.32550449906841611       0.31966948740622403       0.32272525731795965       0.39399569274064006       0.31059145138006605       0.35196115779861398       0.35702863380410599       0.32714673555685198       0.31586512525788840     
  0.40811626827956143       0.50661599935596235       0.45183633439614057       0.42629081691841153       0.40315705129271168       0.75572439924358858       0.43805924123502854       0.56326661474958217       0.52810610866183227       0.38566163481630378     
  0.30363407873342807       0.36258813529280359       0.32146504851366670       0.28065706558923548       0.36271427122544730       0.33478107591117290       0.36837790245444124       0.29189805775244410       0.32039102078209697       0.34589856029838578     
  0.42431216745982236       0.52179219652290754       0.46732699479972262       0.44250404722614189       0.41878697828882094       0.76473451764406308       0.44819551182748640       0.57687703629691067       0.54373871547386621       0.40228909590561140     
  0.40397338217999534       0.29715693701418122       0.35257589171365378       0.35827645200915320       0.30981527586391716       0.34232009620358134       0.33634799213818939       0.40913742236689937       0.38928010919915745       0.30122933334336444     
  0.44059295869183213       0.53665921069304801       0.48315215690583330       0.45876014924814712       0.43434560413942985       0.77332597411351212       0.45850968318636598       0.59053818821635640       0.55891944367024748       0.41867846087192234     
  0.40776436279766509       0.35054548267464347       0.34806747866935578       0.28055908234319477       0.29876484446532509       0.40408886676786843       0.36898798709438047       0.37459617339521467       0.33173490889409468       0.33888672345710014     
  0.45620695576761644       0.55090215028428380       0.49911386299095706       0.47530043034410324       0.45046665882389592       0.78082483928257129       0.46903669158589550       0.60408430268619051       0.57336547440578400       0.43530547505362421     
  0.28219306468024768       0.31695643630775527       0.41778636023793164       0.31973109049332876       0.37759228592797950       0.27830264477725297       0.32629834957620280       0.32203815921652656       0.31753417557998104       0.30146578135563973     
  0.47183733384899168       0.56488020277825968       0.51551907381503803       0.49230696424942705       0.46664402270003663       0.78832681720692532       0.47930033821544482       0.61760960143028731       0.58750758336659237       0.45217060750219301     
  0.29793085518565060       0.37589507486237139       0.33311301097587181       0.34972212057158991       0.34038787359390282       0.33774468123609919       0.38419214499301252       0.31626486824617950       0.33213325488007184       0.35784295371882424     
  0.48799256601365865       0.57809281876645258       0.53192193884665917       0.51066154848460643       0.48196977005716257       0.79580894891235809       0.48931644111337685       0.63059817819648900       0.60126882644939783       0.46868994015380699     
  0.35090179018021639       0.33858530462726932       0.36526436724399103       0.30068225467923132       0.32887243238123820       0.30591023667755401       0.34795505687950029       0.34143035247483394       0.32996840394907878       0.39510812556413732     
  0.50393817024396625       0.59175560129254112       0.54897574386450554       0.52880741070724835       0.49626787434401837       0.80122003068832193       0.49946284101573740       0.64365341032798340       0.61510611345353872       0.48498142710555919     
  0.38069791096708239       0.33775846985687324       0.39991405131222568       0.33937079599660958       0.28880194800196746       0.29009554490091299       0.34881717279969177       0.35697850774625972       0.35635851355194786       0.33594314794596752     
  0.52050118891380581       0.60525907310699101       0.56636503002240790       0.54683589169809921       0.51003255268685121       0.80548160310815475       0.50973356686049465       0.65685195693747667       0.62890242354922943       0.50155022852038078     
  0.36234944596345314       0.33151950703612210       0.32609156378501353       0.31870251452492510       0.31212840779008566       0.31098214239023997       0.29287666565880482       0.33008170387564995       0.37475392352733972       0.30724926402215164     
  0.53679966313746785       0.61899867538447506       0.58297583068606218       0.56507411945873498       0.52433747910835860       0.80974790554388820       0.51996697669653014       0.66981035406160416       0.64224839356930341       0.51838254122886918     
  0.32567561037355064       0.33469880684421038       0.37845649663685282       0.30405636466944347       0.30048813278169523       0.32174908791549311       0.36411452333043770       0.31254939239252089       0.32795929415406616       0.35268171751292066     
  0.55255980869095633       0.63316136026994552       0.59938824859810980       0.58347777767776154       0.54102227626967525       0.81401664454472566       0.53017278186228134       0.68265962078391551       0.65534888092806731       0.53440421668399751     
  0.36571508571432443       0.33687727086161967       0.30437454872335729       0.33126074708415043       0.40045218821696232       0.26927751402892808       0.33848338262702510       0.45441957828206353       0.33593845639722242       0.37294016810297970     
  0.56842781485415061       0.64747838998634311       0.61631816099476266       0.60186996129507098       0.55745560136469385       0.81832535238932047       0.54015063569614874       0.69571802510360503       0.66828091178375137       0.54982918492247368     
  0.34190932843924954       0.38938658462182929       0.33556832893384581       0.36832696950127947       0.38160180997549847       0.26941660003125695       0.39217426063135485       0.35274111435816058       0.34168141175717304       0.37012347118054173     
  0.58430029223532975       0.66181218936488206       0.62567306179025395       0.62025455780575822       0.57386114186416115       0.82354121903059763       0.54994217179782467       0.70883676026350972       0.68132538104302698       0.56598866984047169     
  0.35840012774390140       0.38135104814280879       0.31020585245348492       0.31561322863527236       0.32273715364804478       0.30343172428845000       0.31333403942681815       0.33581827007323478       0.34448187606685915       0.32731443513006397     
  0.60036027924965751       0.67599147135891424       0.63462900996436378       0.63873846492298569       0.58995774613387841       0.83130664074203797       0.56044204362243266       0.71728917285065630       0.69462711880583095       0.58241914699042197     
  0.39091997234938264       0.33395861068903748       0.28893555921005004       0.31015232345198379       0.33244600042961686       0.31795388451104178       0.34096904065476358       0.28600997531656447       0.33058531523838580       0.31569009228669920     
  0.61626976689703561       0.69011542175972995       0.64319572365323907       0.65731860251053509       0.60614051020639714       0.83878254723833612       0.57156705164192201       0.72478784883645730       0.70814023689234595       0.59860708104905269     
  0.32706791737516622       0.32902057719169303       0.29403086822265806       0.32064979820319084       0.32774302268304439       0.34782826778822851       0.38353658512298106       0.29760671435725589       0.35883921575163458       0.33059379299631220     
  0.63178772485770551       0.70449513804623376       0.65179589704631169       0.67622826650911527       0.62254146351440309       0.84610977676058396       0.58269047061960022       0.73229272337371887       0.72202928788650766       0.61506483778136045     
  0.31806738018675396       0.32961125993537521       0.31829293572103595       0.30697749329334761       0.36090855805706212       0.32068743513560566       0.31446478467916755       0.28311654377489642       0.29906849956131520       0.32538035150219519     
  0.64725860387665934       0.71898388314304440       0.66045864785826658       0.69531173590737005       0.63866105280393448       0.85324581149681711       0.59372381008191177       0.73972650307956878       0.73607926561255455       0.63158759796025465     
  0.35964374992768006       0.33547637731909086       0.28640932070171116       0.42138908902625644       0.32368083211484855       0.34530513458161760       0.31418896815303887       0.30502508894386438       0.39318042056943525       0.29346351826277339     
  0.66283856004417741       0.73307618002393382       0.67260903189686128       0.71395997491155383       0.65463503387188315       0.86043770051620527       0.60110136653559287       0.74701606588191927       0.74893321726269346       0.64814975316409662     
  0.32660884733127332       0.29341360212726758       0.28339766638332059       0.34038129622566832       0.30171864527784031       0.34430137961434887       0.28250952410581603       0.26927751402892808       0.28860449359394952       0.35557493879513480     
  0.67845564138387227       0.74695872432788779       0.68763788610219390       0.73241704438357036       0.67041303736318536       0.86761116488217416       0.60730095019131991       0.75758937292106099       0.76105715909661353       0.66428649209489188     
  0.39432883315391226       0.32930814619690446       0.29834158358731561       0.33215428748478165       0.42853562272883089       0.34089440845469920       0.28570582600210787       0.33362095628819127       0.41686219705049732       0.29362140246787877     
  0.69512994918785842       0.76067923281352923       0.70355374994358189       0.75130861266076998       0.68665446208050029       0.87465981439218765       0.61348871743453148       0.77073517289529447       0.77289950376426952       0.68066717384349296     
  0.33216395688625128       0.33382069395406161       0.30008335316266427       0.32866173562535267       0.33356769983915896       0.32486369848524138       0.28860449359394952       0.30954352182880035       0.31573760370838660       0.27162339244073963     
  0.71236701683786341       0.77440724763494562       0.71912585560457121       0.77050757819421556       0.70331779272384320       0.88135858506402598       0.61963141915075248       0.78406964668106616       0.78504245396456651       0.69769906315041352     
  0.28629311983911221       0.32807197685536116       0.33348098139172000       0.31032732264602458       0.35509590439183170       0.31280924978519975       0.29459958463702152       0.35155730271049640       0.30232411841792017       0.34235601064452681     
  0.72803179723474853       0.78816988419027001       0.73476803032103477       0.78885339282818767       0.71980904425700354       0.88816304499223664       0.62562163933850001       0.79752076000896144       0.79829861532079871       0.71503621943267559     
  0.40970610777942040       0.34982545926757413       0.29348428444772223       0.34349244262608442       0.33715032393236760       0.29777550064677155       0.33218347596555303       0.41800412666278863       0.35765003882962348       0.34055642877016312     
  0.74320915106142771       0.80240813605539418       0.75028667339639632       0.80716367272956069       0.73607298034979685       0.89494304057152751       0.63388105170182951       0.81012146071927249       0.81144476799447984       0.73299797885679951     
  0.34867814520668233       0.32835700251270544       0.31280177609032156       0.30244598807712947       0.33221724403026293       0.38890844127443536       0.33977817364162793       0.32078015227441575       0.31893537806647348       0.32820663734182631     
  0.75877249795845436       0.81616034913614288       0.76488594848167413       0.82541510503976101       0.75210903894825132       0.90157136329725329       0.64515045037664587       0.82240962379120353       0.82439801633012066       0.75110932564156341     
  0.35190530041741647       0.34727831557945460       0.35181385269417825       0.35654776232103091       0.37076520190951068       0.30741097546483054       0.39388874816301256       0.34740520831567884       0.35363677437472874       0.34448922860167780     
  0.77541650145535046       0.82993533760167559       0.77894235989617322       0.84364595598476810       0.76824356594279941       0.90787905935126234       0.65646395111126843       0.83469430322667582       0.83733576732684423       0.76964075998838577     
  0.37785518009780289       0.32700738272574209       0.35917794378046541       0.36469129168498093       0.29186885752032576       0.33805707301526289       0.35716326622497241       0.35744613335877146       0.29286634329400052       0.32673505837819938     
  0.79212942214340143       0.84492323854513851       0.79249679441744836       0.86145515712652532       0.78502857778180812       0.91430801069128387       0.66827430220826900       0.84736532918500451       0.85031628450626073       0.78786007256045798     
  0.31894460818421666       0.29771656710519484       0.31280889662080053       0.41742498162716485       0.34658888557211598       0.34720732541105714       0.38188827854655522       0.36637421111006407       0.35763563104909468       0.34853883785169326     
  0.80858129945555945       0.85979094397964395       0.80680678151847307       0.87929119654182530       0.80216308528797564       0.92084740196740245       0.68003456251174066       0.86026151022995867       0.86321760241774748       0.80585319216651929     
  0.33858118269803333       0.38802806972073184       0.34374911508090217       0.31250260455659545       0.34230451862390721       0.33563892106041615       0.33108033965984851       0.41403696015625580       0.28994220822125033       0.36536949247609363     
  0.82556329543580620       0.87541601362592147       0.82166003806512955       0.89545900929996025       0.81876894958826818       0.92716856585872787       0.69136759932104286       0.87269591397248658       0.87588965200386315       0.82406008748816650     
  0.36367711901197552       0.31044225649727003       0.32280821437157997       0.38974781116230772       0.34074577147378610       0.37573174151144645       0.35232529407241880       0.31810643001527739       0.30495420257595207       0.35095875367542351     
  0.84073446371399141       0.89084215569611347       0.83631631926563510       0.91130649869170144       0.83511008857883706       0.93325599139961357       0.70262424152542080       0.88507367887423549       0.88833094410116820       0.84247688200497162     
  0.33263695622117245       0.40059591719446896       0.30776856781562656       0.38738277112707636       0.28689126068698062       0.33563231252984466       0.32698659342098119       0.33744745407599042       0.33844645463499423       0.32840929633144694     
  0.85497554642824436       0.90579240587794108       0.85136320108541341       0.92522528420277572       0.85166641923747322       0.93928090675853138       0.71412736950950406       0.89711520969058578       0.90070463535446099       0.86043954625553298     
  0.35520856777907761       0.35292685861778106       0.35433916822994432       0.38812833828601206       0.34738712949602213       0.38649975017073646       0.32706619498974920       0.34070237635506734       0.30458513646363866       0.29770113125346787     
  0.86931361779928884       0.92049215007992813       0.86738802748661104       0.93822105154653124       0.86845475248081960       0.94520375807610058       0.72660225468826578       0.90886040101270349       0.91306875435756452       0.87808484926468577     
  0.32941900114914341       0.39520023018398837       0.30806384130183734       0.35734607014790543       0.35114847246011271       0.39589284022848770       0.34296618971933401       0.35474792495130403       0.33091049698019392       0.32359592536306914     
  0.88503138522667113       0.93489567280412322       0.88395812609554647       0.95076772562053080       0.88733687385915538       0.95119841141200079       0.74089926850756338       0.92055396218169727       0.92471107463819369       0.89494988253090990     
  0.28570859430891188       0.38298506665836551       0.35042753862328840       0.34624321637810701       0.36877589411239037       0.38602787319609799       0.31621597102876736       0.34194523391897935       0.30748336086432504       0.33220886445535192     
  0.90136161806803505       0.94973389801573549       0.90054370133260964       0.96260628664129122       0.90542684495961467       0.95722508658144367       0.75679891212812822       0.93215761567093047       0.93580576610983135       0.91159717703946397     
  0.32835983728534052       0.37526267767161020       0.33397497264371517       0.38607489081792551       0.41638710480433561       0.33932581273246398       0.35270899382114074       0.38523872440499174       0.34769446836971990       0.37525348226489280     
  0.91851614490316358       0.96143405624175526       0.91751875369281755       0.97214836615892541       0.92086855313040283       0.96359903261525137       0.77376135379663968       0.94351411507635796       0.94687396975700167       0.92748892409108097     
  0.29208628862917058       0.34161712868729699       0.35120825832002878       0.39686128422363443       0.33374060766676145       0.31557685443191547       0.38295072977243744       0.30968045725370963       0.29895918789362053       0.35739338715793989     
  0.93616364783018824       0.96943341450782539       0.93479939089664732       0.98141610183574024       0.93629356615464554       0.97018627529854662       0.79309046405495376       0.95493428870402397       0.95797120215659437       0.94312439250004276     
  0.34367935779546266       0.28130019911899423       0.33194757502462569       0.35321880161212316       0.31883953791063252       0.34398690885485150       0.28110481780912289       0.39318885801135806       0.30934223767073427       0.36761834445794350     
  0.95201008199048620       0.97759634437661913       0.95123285130906432       0.98632793594411472       0.95092512367933002       0.97698015511673297       0.81739273451229189       0.96620146662792961       0.96898257792257236       0.95790841101705682     
  0.33124574974041243       0.27041986362820658       0.33817054648224626       0.36863020832325183       0.33877329287031188       0.39755388440212680       0.32899225463863685       0.32669020078089922       0.33308852709623432       0.31740514838123846     
  0.96731569993216227       0.98579618448274553       0.96726491867815134       0.99118033514080828       0.96733317969701482       0.98398338321931100       0.84958455437400648       0.97756927932504267       0.97987739683770225       0.97244110051623245     
  0.35828878327100944       0.30987759508710966       0.33491064061585113       0.34550680002573791       0.33749061578504042       0.39048606623511400       0.37618315489831472       0.36647519578208720       0.28548901097706275       0.37573979633884363     
  0.98365602661383311       0.99289809224137282       0.98362384766744293       0.99559016757040408       0.98368354766268518       0.99184111661892327       0.90887892526525271       0.98873712665765323       0.99001701210730442       0.98630199432021737     
  0.30148647639213910       0.30705631024912311       0.39255206254600894       0.37213741068739259       0.34869322287238047       0.34543424319240490       0.41739818172289683       0.37542217176505843       0.30852819003396709       0.46600590860211838     
   1.0000000000000000        1.0000000000000000        1.0000000000000000        1.0000000000000000        1.0000000000000000        1.0000000000000000        1.0000000000000000        1.0000000000000000        1.0000000000000000        1.0000000000000000     
  0.40047883373186310       0.26941660003125695       0.36696052757655973       0.44246239062359394       0.31283947676232060       0.33556535526832659       0.26927751402892808       0.33598110394891906       0.56280960244983091       0.41139659570086995     
  -3.9025613763837304        4.6259837759992228       -4.5028829148843181       -30.967880750001402       -4.7665374695770666       -9.9644683049356821       -5.0443658787568459       -4.9136363465997368       -3.0928453348141476       -5.7100306690400302     
  -2.9287718871555528       0.97696573235367945       -5.7240965616060890       -14.954355807204349       -4.3642956147306569       -4.8717569348063270       -2.7709913594742011       -6.0495354776445049       -4.0382696402961118       -2.7124310574756172     
  -5.8809581797374326       -5.9324268667934513E-002  -3.4988389711870260       -11.975956197452462       -3.9646189516519872       -5.6096050843126202       -3.2632642681227795       -6.6075464972418159       -3.3798019570359141       -4.2972001000354307     
  -2.3195499572474372       -3.6789931721877336       -4.3944761344493486       -7.7420989353064513       -3.1908139906778485       -5.6041677962552301       -4.5027412732124699       -6.3984650653180140       -4.1158432868227477       -3.5246479721759822     
  -3.8171075176500970       -2.3459747702549265       -1.3302084570770916       -3.8533380826360708       -2.9310937050832013       -4.8650034263987649       -3.1390980227074259       -3.8836603592773526       -2.4856433490745600       -6.1627249287268500     
  -5.2439738721281426       -5.3695910691161615       -2.3472540036562690      -0.83354558615207197       -1.3588536892646386       -2.5387652905712179       -5.1081051097969974       -1.6789496151696373       -4.4148883839902604       -3.2009303553975608     
  -1.9826761314908217       -8.3126659409903922       -3.1222451995097638        5.8920348358863102       -4.3136902953442586       -3.0088490772719756       -2.1008629792734199       -3.8297370626429688       -4.2959952429039010       -2.2391816235591340     
  -5.1847345052485947       -12.251450423418175       -3.8346013265553571        21.800918808709977       -4.7012002457029851       -4.1263067918934366       -7.1271485076337333       -2.6635632101317332       -3.7851938329401436       -2.4341966131049602     
   1.5624040185441010E-006
           1           1           1           1           1           1           1           1           1           1
   1.9567755907200828E-006   1.4140438690999687E-006  -2.8044954816210239E-009  -3.6093762195442123        1.2532673076063087E-007   3.5425033815939069E-010
   1.4109394384433999E-008   1.5703406051896592E-008   8.3546155624320383E-009  0.32171726833590425        8.3345731281802248E-009   1.8911366843212128E-011
   1.3505616995279458E-002  -3.7746626702166579     
