   0.0000000000000000        0.0000000000000000        0.0000000000000000        0.0000000000000000        0.0000000000000000        0.0000000000000000        0.0000000000000000        0.0000000000000000        0.0000000000000000        0.0000000000000000     
   2.6388322997122460E-002   2.4854281293806471E-002   1.6181326927917045E-002   2.5058865008459968E-002   1.7448273163144727E-002   7.6099701397545946E-002   5.8129955741420665E-002   8.0032831600666224E-002   4.0221413368289514E-002   1.5547008480837867E-002
  0.33530642082905288       0.43593298730445756       0.40361493036074425       0.45890766684582723       0.39006788533368630       0.28460026316419129       0.28460026316419129       0.28460026316419129       0.43615616017831749       0.42883849980460753     
   5.0661116692040285E-002   4.8787755148359931E-002   3.2130458509559048E-002   4.9185367105324174E-002   3.4741830640841527E-002  0.15219940279509189       0.10019579538569705       0.14106056543206344        7.5442966633593830E-002   3.0848927473665542E-002
  0.38228917141918295       0.42880015452457843       0.35888017571084369       0.53986154836432487       0.44034842929316292       0.28460026316419129       0.34942779531623508       0.41779689594972552       0.50953263346978583       0.36103140939525336     
   7.2165914992901536E-002   6.9371539500254140E-002   4.8818384894405133E-002   6.6493515274325149E-002   5.1440519485969574E-002  0.24131882623956821       0.12210575344555614       0.18354544422203534        9.5291773573349739E-002   4.5223926818932898E-002
  0.33417139658225908       0.44332865859136045       0.39451981243222789       0.47579562824080274       0.37747725554745865       0.43395065028964563       0.40563053711697189       0.37334188437074711       0.37846054108044330       0.36690279089635269     
   9.2481054931933884E-002   8.3859053612080431E-002   6.5207838076639213E-002   8.4201081739845085E-002   6.7539436057989552E-002  0.31541709508226468       0.14001150078621163       0.21214358672235373       0.11506020888277131        5.9819348089462515E-002
  0.39588141376316160       0.36400117238078233       0.38144006865983626       0.41013479281377779       0.35758744150306104       0.49331333048340859       0.41047766944413205       0.34274560725709569       0.42719501570492513       0.36376045753569825     
  0.10779295463667070        9.7075969995860295E-002   8.1680376066014262E-002   9.4240542666921612E-002   8.2451400832853738E-002  0.34165805594493071       0.15342838096586001       0.23594276490431837       0.13341943080498353        7.6577517079323892E-002
  0.35985784368167884       0.32950045097612934       0.34385795809548791       0.33013263368894641       0.29583007137410794       0.30502700949022554       0.42403787568078527       0.46245137186368385       0.32945746497768957       0.36763040445870565     
  0.12381344516942484       0.10990144350920250        9.8326239416755987E-002  0.10402844643743324        9.7203275321264188E-002  0.37961235873079407       0.16612408027768188       0.25353342969151310       0.14708376324401043        9.3467897025674138E-002
  0.39599331928347492       0.31828244413370010       0.37604028311309445       0.30720704130274340       0.32036908750800858       0.41411813250638302       0.36370306419710441       0.33751494717997638       0.35681409196557395       0.41482560506237964     
  0.14058326560912568       0.12261739972144642       0.11593619056943347       0.11381145681399078       0.11243180814900199       0.41856485477623634       0.17822265569958839       0.27058924405164475       0.16220215166089574       0.11052166718240068     
  0.31937191173982560       0.35297507230828851       0.40089097369815174       0.34376879531751248       0.32603260221280272       0.41733834094310168       0.39211814820707824       0.46574564691389259       0.30607205471805549       0.36910238613721091     
  0.15772694314409424       0.14090119068375143       0.13311688868328789       0.12296567153936146       0.12805488023633871       0.45017315240202921       0.18964557042486335       0.28401014282924297       0.17943694739119492       0.12766536465214864     
  0.32279119769540682       0.36529850743494630       0.36789222950290074       0.32512478186470134       0.32831432949137529       0.38106959737444240       0.33959147641378962       0.36108455625912483       0.38331182362736105       0.35261889537168628     
  0.17465848855390906       0.15966143773146591       0.14930308340859463       0.13425864226223655       0.14396645196586835       0.47549723184799936       0.20010929580795028       0.29760411071321563       0.19368443349581532       0.14524252006747199     
  0.42511315746339373       0.46054902406246978       0.39451453462712371       0.33566696663191292       0.37896217541922556       0.35911850715014854       0.33861799856053409       0.42354939210628645       0.34535625923323859       0.35493676623306714     
  0.19136176496053114       0.17543556222331291       0.16576583418306939       0.14784966885622652       0.16035777702871137       0.49865250480774248       0.21069259589993092       0.31050905534167594       0.21169502359180120       0.16236698241221928     
  0.38656961720806127       0.36701371473234778       0.36033627584567851       0.41448159294804188       0.39037562170913348       0.39208223467092718       0.35065015748570599       0.37934875991456707       0.44535917758587323       0.34003029975107346     
  0.20824974100398150       0.19153440471444036       0.18221714194869681       0.16066541996792832       0.17701570797549049       0.51926302947468006       0.22120945867846595       0.32342432990757941       0.23331347013245765       0.17923307951737727     
  0.37762262070688674       0.33322094243530681       0.36913655564797954       0.33366576965941014       0.41474477102757190       0.36624477303285896       0.40430542448494550       0.47473130580899281       0.41715985159269658       0.40760580876414992     
  0.22549822311577158       0.20758528628524892       0.19855812495473057       0.17333303955696525       0.19377261523271591       0.53881674988105299       0.23132081399117504       0.33642378509873005       0.25546318455688749       0.19574872004556151     
  0.35745021219576850       0.40828880288632180       0.44272472199371565       0.35843512960113871       0.34746275297387919       0.33877943466001609       0.39780112014668911       0.38040131934946320       0.38400659060555847       0.38387103442393383     
  0.24293066097683630       0.22393121691183041       0.21507048827335279       0.18586383558906475       0.21086041155614466       0.55425182084967661       0.24116786804058638       0.34923921204705610       0.27612221324747571       0.21246932901334351     
  0.34855993030635996       0.42504971980844131       0.39418495912467599       0.41130146359997166       0.34267408878742917       0.36183086925459862       0.42471926224844148       0.38395276373054676       0.44114259076612405       0.41726015840050579     
  0.26022812519534172       0.23946774598999018       0.23177435899231541       0.19709822981466760       0.22418670636638788       0.56956862059327173       0.25085007050066904       0.36191725247968920       0.29601992552901624       0.22982009151195398     
  0.38968703072949412       0.34531808618151871       0.37419389565538586       0.37010348918618352       0.32025142997544703       0.32512992263312879       0.34709251921765122       0.38496928862066487       0.40867403108793282       0.35226220752679455     
  0.27193175127167435       0.25411146979604560       0.24803814869298607       0.20773140675262786       0.23612678436324247       0.58430797453105698       0.26054521067831021       0.37441722564942187       0.31418147442680316       0.24295585493806116     
  0.38608354121826488       0.39281008894684855       0.36387942824328173       0.33273467092794801       0.31025175150855305       0.42156257717073359       0.37814190815305482       0.41431940567299497       0.36343651525561865       0.28582813974567300     
  0.28262721834566101       0.26912411131882807       0.26443415757775685       0.21971678472185349       0.24800471798888063       0.59902646735990361       0.27049551996314719       0.38724990555009603       0.33209687283986428       0.25426376938971496     
  0.34335357262814153       0.34275262052166650       0.37991511204447298       0.39403555801282186       0.29951570933095711       0.38345042623223846       0.35347145906190264       0.38795289733234706       0.35864306584760280       0.33894330016622959     
  0.29283204209302399       0.28411632629389533       0.28054503289205346       0.23228009201140212       0.25624567813494564       0.61346773312557978       0.28056982882327991       0.40064001308687008       0.34997378765944320       0.26502817053345540     
  0.30252921522532439       0.38530849780535298       0.36529461194264823       0.40375375458917656       0.34157591953681954       0.41992614730813066       0.42964523869498128       0.40732668380006920       0.39629687437647038       0.35237151176358622     
  0.30293865541879905       0.29706934750600922       0.29720216332692756       0.24414765376729702       0.26442807016032882       0.62704566140384810       0.29017214551912601       0.41476387504249951       0.36783344938111540       0.27568044387681373     
  0.36897093069000292       0.41031822370593829       0.32247101975966835       0.35281782271420525       0.29214103701726912       0.39010040582452460       0.35488407498412622       0.41508161566385843       0.34604334923074276       0.29345694511179826     
  0.31534300775880281       0.30957538848733257       0.31455715857787059       0.25609007821836277       0.27440741812621433       0.64055616633229906       0.29942006100550622       0.42808224185480070       0.38560261851738592       0.28988631860594166     
  0.37978252977851629       0.32803179149458039       0.45239587746687770       0.33116260206159814       0.31102034088780522       0.32864192748055027       0.35063549747605538       0.33832719388286558       0.35806486841947383       0.36762077111310482     
  0.33115783855908243       0.31979899941234463       0.33015906357305314       0.26782324897128151       0.28351109349515125       0.65279915084971341       0.30939542742147630       0.44082359341823601       0.40263675180651426       0.30618974620170542     
  0.38755875148534669       0.31363000446090439       0.37266891849345168       0.33378863899555761       0.28460026316419129       0.32209931891513743       0.36144045604824082       0.39715290267950526       0.36685980192503675       0.39601099177421956     
  0.34736776897890170       0.32997686653046104       0.34437653297605603       0.27940010122263192       0.29323857712140794       0.66505456757926584       0.31928695148866504       0.45338341686879507       0.41875213170458314       0.32243863785675492     
  0.39860395133917681       0.31668208582603863       0.32308371270082198       0.33413408915975595       0.34490593981597745       0.40730963272149640       0.37677394052771052       0.35293263085440685       0.33875664741033118       0.35692721272972566     
  0.36442695373440692       0.33989135459477710       0.35961726411099210       0.29161630675499178       0.30783625380608864       0.67685265312529597       0.32991228770858155       0.46573261916265074       0.43489057354113353       0.33872368146593762     
  0.32678141400073796       0.36119414158468083       0.33269890944154357       0.37709349608127640       0.36043746584700986       0.32740413480038566       0.36320402012347031       0.31027787350825087       0.36866243512203778       0.33840077433963267     
  0.38145074418769259       0.34923820163669816       0.37631254780419687       0.30365272245364322       0.32390397232156132       0.68826130038451827       0.34085041735275801       0.47941533503114364       0.45129202867736168       0.35434650313607968     
  0.36500273625217433       0.34391098480934401       0.34230484587860283       0.33629861052670634       0.35854697463788970       0.33833974549769846       0.39508664152622996       0.40230504868622108       0.42595169444232189       0.38722392900164648     
  0.39770225524740754       0.36269838003850047       0.39275449699623766       0.31564890663105172       0.33985635347920695       0.70019784560532838       0.35167570216093730       0.49302554087068923       0.46711926533280645       0.36984024213960193     
  0.35631787862782921       0.35199900827227210       0.38459685303310659       0.37991936010470762       0.37829937183543222       0.36377378132837174       0.31129658519074921       0.36138914541182454       0.40466888703438259       0.36760769539750271     
  0.41370901416571998       0.37654764564135140       0.40857862161695413       0.32779659818683593       0.35604629668605120       0.71187086834291324       0.36258305118537776       0.50682446276244919       0.48234297923999381       0.38594231215223362     
  0.39496207746924616       0.31964814075925091       0.36692210055420371       0.34760634748252572       0.30509689704049958       0.35588976260014421       0.43311098828153094       0.38185783350599140       0.38278249157475358       0.41332026456201687     
  0.42951112773394196       0.39020971877449845       0.42456109379174101       0.33986730791107167       0.37235299537044741       0.72330129911319962       0.37298323583603032       0.52087084886757973       0.49753280778782527       0.39660359185895000     
  0.36242636833791414       0.30307325577945282       0.36017040974464076       0.33215645406128147       0.33718714113193848       0.37736841812686928       0.32950104999564500       0.32541051346448857       0.31163329487419333       0.30241827413278161     
  0.44558325231623996       0.40492850929982321       0.44063168111592660       0.35220224079094359       0.38849222674388717       0.73446850122331253       0.38335485817778503       0.53485402109410507       0.51272690912881924       0.40713416878399283     
  0.44471483086195918       0.37984715564601051       0.36830530277978407       0.33663166506409392       0.41966211928974634       0.36014126059342005       0.36451851072090313       0.36537882100694025       0.35254347354272780       0.32771175798015484     
  0.46168567437614355       0.41946579263764977       0.45605241441253308       0.36512204796078901       0.40454802674024803       0.74450681394628870       0.39352261365936331       0.54899274407838905       0.52791039774054571       0.41758343129731523     
  0.32404737008723872       0.35305789056947412       0.36332747364906975       0.29532755808922517       0.35766716692962025       0.34542981583644422       0.40324949738758370       0.33933210231044464       0.32922480651713754       0.34524531037494849     
  0.47790821076831097       0.43334750126923499       0.47067105832304523       0.37832424344313720       0.42032612154063947       0.75465871476967339       0.40401322758306663       0.56313291685827771       0.54277644416026782       0.42797295639034044     
  0.38189472895714283       0.40544721283746249       0.37499333364138826       0.32888404959939727       0.36134190744972272       0.38440938766667887       0.35811590415309175       0.39829327456809366       0.33932768982334027       0.29250708922294744     
  0.49431864585217278       0.44710034780624452       0.48614571519030286       0.39198187366948473       0.43625198361579420       0.76482773218720734       0.41489400615712502       0.57771431551052865       0.55725398136187687       0.44229921706222008     
  0.40192124527572870       0.34060755513802571       0.35785281152417803       0.35104081197746678       0.38411364967641698       0.36226432470294079       0.39197205225949056       0.33748136836135223       0.34120268519746455       0.39247858766666921     
  0.51086164352243324       0.46138042651361411       0.50173068762607531       0.40570429277363607       0.45255240888758741       0.77435155022860425       0.42610312031201442       0.59162011326663333       0.57153146535901544       0.45862730137331903     
  0.38769324264787164       0.34857482885344038       0.39085654632661138       0.42424660562044431       0.38454486538302185       0.36890096807277956       0.32658056633475385       0.33198050238555138       0.33368482823854539       0.41156868923239120     
  0.52682046202497468       0.47550067351179293       0.51807538900524441       0.41966057588342776       0.46964374957115512       0.78315274309158467       0.43755389807131123       0.60562063754542261       0.58524689775722183       0.47450283630945322     
  0.38178207699748185       0.34216400435917543       0.36477085552160415       0.40373010716147711       0.38777357988572447       0.34006110051973298       0.41033269189667299       0.38002018546937355       0.30279226915426732       0.37107202782773741     
  0.54240278116183005       0.48968365409053444       0.53533015525571181       0.43375225812343954       0.48672677510246176       0.79184137979828328       0.44887285152447320       0.61961667711549040       0.59878347556254763       0.49000853217675272     
  0.33211400936016411       0.36382640090562102       0.38074134911119401       0.29427273498001411       0.43512040596307827       0.37260597956641156       0.40773263312378177       0.38090073640057104       0.34329558727992759       0.38055343269494674     
  0.55822035627507960       0.50376226278087666       0.55108249138296239       0.44813291846861192       0.50295051927199519       0.80056181162207329       0.45937540613511441       0.63342725974763658       0.61232647942032803       0.50583283748336461     
  0.35732371935695950       0.30952483945952625       0.34631261851316897       0.41115147061534613       0.35553385701912799       0.35205807336037581       0.32545892162044132       0.37911224537231314       0.31695793704255265       0.33478347182281465     
  0.57456233493131170       0.51756512430943391       0.56713114228205797       0.46256198170993235       0.51947178048968545       0.80950214182127156       0.46724400507724695       0.64705926341386932       0.62596723432395718       0.52153388793150790     
  0.37760493661420186       0.43286612555775444       0.37531109095426635       0.38855664877481810       0.38990196383045511       0.35636491551452898       0.34235407920300476       0.33859385490157290       0.32691985412842978       0.32493277427982753     
  0.59071983518876359       0.53196985269222807       0.58362291661806975       0.47700775636632364       0.53558098262381204       0.81851137229276538       0.47538581880205893       0.66043848657078641       0.63959107232693813       0.53750009056146775     
  0.36207423249333887       0.41110642419849203       0.40084792576267680       0.32812556039424029       0.34356634294692501       0.35798454829062304       0.30586679384618154       0.31937791878175931       0.39042914469970436       0.31987985930855667     
  0.60659329025579545       0.54771984687871833       0.59951443959437534       0.49193284888209937       0.55189288864167751       0.82742393913652568       0.48353236244999892       0.67359743771332881       0.65323515965126333       0.55349499510631694     
  0.37604795358399606       0.34414799410219427       0.34560175794253706       0.33708594646502837       0.39983631111758222       0.36915391274241377       0.38158284867868320       0.37573482711038270       0.36648478048797639       0.36784180198496141     
  0.62260924043795307       0.56324229043977525       0.61386015383035142       0.50724366275455235       0.56859617066618873       0.83598058299016809       0.49173700136007592       0.68668813683914165       0.66685678192326547       0.56947754913906801     
  0.37706345577644612       0.40493802224978048       0.32480899491028292       0.33839212207654867       0.42753368954020271       0.39837443215336049       0.32730545717184328       0.34240159407619236       0.37417603088185619       0.34368375848767030     
  0.63870462553070007       0.57796973841416643       0.62989239103812134       0.52315982435120079       0.58534170483440340       0.84412721365060372       0.50361883914864114       0.69980962821186676       0.68056013271487115       0.58578285690968357     
  0.33563596989563443       0.33033998839486944       0.38844722402729254       0.38501670610902611       0.39455860419120176       0.35718309534090037       0.33850252733262781       0.35917250741367113       0.32719977701121328       0.37153494772368439     
  0.65497575745461967       0.59267870222709162       0.64682261764888882       0.53905578400218457       0.60167383190421364       0.85204966035157093       0.51534780622386700       0.71312227592959143       0.69423837196900251       0.60246204131302739     
  0.35951120894334276       0.37293782251113905       0.33710522224983280       0.38575843617720906       0.39127637566052054       0.40152708249811891       0.33990966047070093       0.34703513581487871       0.34897689292851525       0.33486558511938108     
  0.67113228176742667       0.60749148806201514       0.66408797428021893       0.55556347380147020       0.61785094816167196       0.85979492689787895       0.52686823604407595       0.72643076928373496       0.70802164892137120       0.61899809195311473     
  0.35167747929976512       0.36035684536656604       0.38231372310033540       0.41155364710397385       0.36388021510578811       0.39028071961142308       0.32803080038376886       0.33008432197218857       0.33339548593646778       0.42867892173681121     
  0.68705781368769603       0.62250920689545564       0.68208028667069742       0.57236336861840476       0.63387769307576225       0.86744846375979490       0.53829548083888479       0.74003451523350883       0.72227938944786718       0.63654574695011945     
  0.37704898144235399       0.31537452276818340       0.41797752973984270       0.33162091006505812       0.34158703992063083       0.38815260916768718       0.33434268567462977       0.33328064623407522       0.36236766884267407       0.47183524925481429     
  0.70248593402324344       0.63782471938118279       0.69956688642440990       0.58980843419888673       0.65022226043071274       0.87451421832044940       0.54923913937287250       0.75443332674031827       0.73668081094643234       0.65380641585080446     
  0.35801005336362557       0.36062445530470916       0.35864018807051673       0.35246371715313923       0.35242013150461887       0.29544121478572916       0.33053312108356270       0.38429297178167721       0.34245589785959729       0.38193772974054147     
  0.71802405182679507       0.65305484042479711       0.71636910886919125       0.60750128264360725       0.66709182744137785       0.88124172362350472       0.56027863738108075       0.76880662904277064       0.75116196976209071       0.67041811378683713     
  0.34506841775520614       0.39861946742509963       0.42361305701259805       0.38825665113246188       0.43248521752401059       0.31178938781602500       0.35381289484011930       0.43338715132742567       0.31973269234925544       0.35363987015322829     
  0.73360239424188811       0.66806035255386342       0.73280435729476645       0.62538529141741883       0.68355823854434339       0.88781560566673290       0.57241187769439938       0.78331569879979002       0.76570354966883103       0.68741478776431775     
  0.36750268553702847       0.34787052601947949       0.36743848741952306       0.32801671905554630       0.31395140889261941       0.33907341178781958       0.35488929504423317       0.37585787159335415       0.41289352754896719       0.33047500811129049     
  0.74955791855844367       0.68350802866394844       0.74950252548972351       0.64375407617271985       0.69973489451510384       0.89442222583734143       0.58475609166735698       0.79726492506847846       0.77969168836556690       0.70478111345351147     
  0.32368529207447916       0.33177506782956528       0.36808867793095473       0.38374515889324895       0.47799413640242577       0.34586071068807467       0.42865210025130956       0.41583839072665124       0.33654284336539519       0.34676022255784139     
  0.76622806812673749       0.69954775939823322       0.76609170524621117       0.66328145550362705       0.71534193340611585       0.90102670894101888       0.59757198754175345       0.81009598650884651       0.79313809540982394       0.72228470154682689     
  0.31454971119907138       0.40213519079762622       0.38743947532739398       0.36331027232822866       0.35462780046532000       0.39070127851932734       0.37780285846729283       0.31299098548295862       0.37521036560522619       0.40311690371198078     
  0.78282037100753921       0.71582739477419055       0.78284557025438817       0.68363565687194416       0.73066512344483681       0.90763625255509561       0.61060961496165544       0.82273815568857767       0.80626348484971599       0.73986757896958100     
  0.46592407430267385       0.38089318330959965       0.35294154683818979       0.36263395460419606       0.42050489169108191       0.39781058788419538       0.43808013278948005       0.32484642929190854       0.30371034456718260       0.37323831470914315     
  0.79912040667259743       0.73231833939408197       0.79947973706010722       0.70490130712637766       0.74701133421726540       0.91375116148867042       0.62452555457088843       0.83534658531256678       0.81937387296649256       0.75752776398153709     
  0.40404856334725836       0.31904084279836553       0.35079654702448365       0.33942435149979872       0.33934574989546518       0.31813945154603912       0.38803282143255780       0.41362892527140938       0.36016625683845011       0.35253910520529963     
  0.81490957848188672       0.74937261602273431       0.81605353584121965       0.72637477194761413       0.76385793794381474       0.91984663674363232       0.63876411867974348       0.84774306510887842       0.83219805108581812       0.77494504668869479     
  0.35955178769372420       0.41997264850934202       0.37752622199493985       0.34144829168413848       0.29918674082871155       0.39410418843028877       0.39268031370879108       0.30602384681328476       0.33288427855489477       0.34858068810900278     
  0.83055120497827872       0.76667141140935147       0.82749986727536784       0.74823867134738364       0.78072878725267159       0.92570582785305977       0.65316973689910229       0.85975219125423430       0.84518027963554654       0.79314831114345175     
  0.33803831685546382       0.37125225592152217       0.32851512649743120       0.32765576246001515       0.36529917377622412       0.34559964316769815       0.37575256110012856       0.33291666429818106       0.35545137014880790       0.32975056918154882     
  0.84572437234951714       0.78344180615239578       0.83881325775235271       0.77043710867105819       0.79769672521547397       0.93152746565843692       0.66755443496461586       0.87281135106328589       0.85815630883711747       0.81262021495997783     
  0.40385450111155990       0.35207477553603367       0.30841327014018660       0.35361437439002896       0.34559031860200140       0.36080314257619117       0.39540704884749445       0.30366578361638397       0.30892620703485657       0.39974972520564528     
  0.86074029976874555       0.79967175560318371       0.84996508490740486       0.79272826718786138       0.81525526711520080       0.93712736457877632       0.68174477677215151       0.88629485031448341       0.87151901763487016       0.83066180890250019     
  0.37281182348539349       0.36435664232366749       0.32270463174606578       0.37903987386273957       0.43291306039379801       0.34503422234363124       0.35265961007302166       0.40647981424866425       0.30761438946065423       0.34860989075625282     
  0.87644637259400959       0.81508947364803097       0.86029746320597922       0.81562673754792403       0.83251478727965844       0.94279306812824704       0.69663917732552805       0.90013009734643679       0.88509173829519328       0.84775841846165900     
  0.38486746992876036       0.33258218997125483       0.32089922732896325       0.36904346062762639       0.32539227585082919       0.35235544780400729       0.42582201049661944       0.36864538037243477       0.34066772182022581       0.37554618121047534     
  0.89227561151091028       0.83062074002206931       0.87409599678743466       0.83724013734740965       0.84932467914320753       0.94821802663311416       0.71162411440748785       0.91371483891610128       0.89803851857620376       0.86341536012797726     
  0.34491650722639877       0.32356988023180910       0.33896252168958130       0.32021509445780283       0.40881454922922267       0.34299557725834295       0.45201455383416222       0.33390847304932159       0.44374760497198695       0.32063762070529156     
  0.90748625709697073       0.84781980406308577       0.88973256504793263       0.85745521476361097       0.86590226486982125       0.95368341203117402       0.72922557804303167       0.92450430926538540       0.91056241377658254       0.87836916962884459     
  0.44359509951997567       0.38451821745947146       0.36342986837686692       0.43175363569170988       0.34742036944216903       0.35606299572509598       0.35202665399045285       0.35326855296138032       0.39585813109192503       0.35198942797611621     
  0.92266155969328956       0.86528306691758106       0.90516683072439819       0.87841498429067510       0.88229413355845565       0.95916354895366884       0.74760139402219428       0.93369453974540217       0.92297170998885192       0.89404993702590529     
  0.33646212019719129       0.38705816188959646       0.33555353563373869       0.32756712761570583       0.39292107762163903       0.34091405233277883       0.35896844085689139       0.37553229865319787       0.34328637144770530       0.35868244441363345     
  0.93764717492054150       0.88417248940883086       0.92070540211286278       0.90337003554867523       0.89883111031465690       0.96463854987324882       0.76993958259481832       0.94136259021759627       0.93556583664288551       0.90972948577733259     
  0.35657905736454115       0.38773038248745734       0.32475818505020260       0.38151446026248248       0.35701803424815703       0.32429459800786770       0.41713338214852308       0.30882001735776804       0.42125665558881703       0.37332643395621817     
  0.95225361087399440       0.90301389016375888       0.93628334038606820       0.92665420093438855       0.91593980219157600       0.97015892272457982       0.79461734082350155       0.94884586192773490       0.94803636956184401       0.92564981463508045     
  0.38075741272252811       0.36699172027419980       0.33411764837497115       0.39167345841839246       0.43216456758452748       0.39100214374933673       0.29468394599315179       0.32131947381686804       0.32799006177412610       0.39786177746110657     
  0.96102932886367476       0.92199460962744695       0.95260565317728896       0.94392613689025939       0.93333892696873555       0.97555137824707239       0.82447011294616179       0.95610536886239972       0.96079563543339397       0.94177903973958776     
  0.32089033985614196       0.38875241853728321       0.38025743519939431       0.40844277299816528       0.41889288348312365       0.39512144444165709       0.33621591756156688       0.32396097556707970       0.37267822951881502       0.42453837707624453     
  0.96998117910843940       0.94098347472420585       0.96945560090691596       0.95722972942610762       0.94957743966795860       0.98125080784938135       0.84616789170010032       0.96425725656751782       0.97172811249263513       0.95727618085750932     
  0.31356697341329243       0.33519665561596568       0.43329432188006461       0.37243381983203483       0.38403611033100643       0.49121679196873785       0.33870509053885878       0.33577054834958675       0.33042801866841076       0.36187543457516902     
  0.97886301723873193       0.95989087161715247       0.98040860559372878       0.97230559798552141       0.96562700301331972       0.98684364280903103       0.89891023950919535       0.97339693705593333       0.98260732322854705       0.97224231004928041     
  0.29716771958677252       0.34125125922722227       0.36746857354954965       0.33328459266136379       0.40232594667655552       0.37727878487628047       0.39024387113198772       0.34066625342004481       0.33746286956968274       0.34748722315870223     
  0.98744591814381444       0.97991362057963094       0.99048735142686606       0.98645952580837959       0.98261450382276838       0.99337514600029808       0.95085882443217162       0.98684728978498770       0.99138164938301399       0.98632815493752002     
  0.31174497951555807       0.42448827008596152       0.30502700949022554       0.41035045251544650       0.41451361724592112       0.43010757668440375       0.28460026316419129       0.38495010902552079       0.32391602267456643       0.42428883607109830     
   1.0000000000000000        1.0000000000000000        1.0000000000000000        1.0000000000000000        1.0000000000000000        1.0000000000000000        1.0000000000000000        1.0000000000000000        1.0000000000000000        1.0000000000000000     
  0.47691349322637899       0.37334206729227326       0.32243512881655995       0.40589618815306960       0.38652239900096380       0.33356433692152715       0.28460026316419129       0.39890106509586931       0.71634236859961953       0.45362038128792836     
  -6.7278569545797593       -8.8262946722936153       -5.7755191146211375       -19.554931111940466       -6.9504180422794253        0.0000000000000000       -5.2329298893153640       -5.3851682984104841       -4.1839007006755642       -4.4952110792159834     
  -7.8680923250810189       -8.5728710289746051       -6.6537973567273481       -13.746639236082734       -5.4480438636132664        0.0000000000000000       -6.7569515969295928       -3.9284155840502910       -7.5942978874124654       -6.7810175857398498     
  -6.1260684625549269       -9.2895605720522543       -5.4487043045402999       -10.684708761862543       -7.0045982889668759       -2.7918828914162899       -5.4469055761211083       -6.8408120435759256       -7.1360994309236032       -6.7659538071909884     
  -6.1130603555227134       -6.1787714192768703       -6.9221302404033933       -7.1692736291579564       -6.0626253270416299       -3.6190222018868887       -7.0965734412438657       -7.1244577738180404       -7.7549981740297182       -7.3950325457380703     
  -7.8581947941901937       -5.2469393241912563       -7.7064825772775105       -3.1325864070944163       -6.0427622778919723       -4.8347459201227991       -7.6570714699224105       -6.2789141155318218       -6.1192418056844433       -7.5538411693093321     
  -5.7227552764150280       -4.2882658176797950       -6.8527793795371350       -1.6509495904475795       -7.1681782938543801       -5.2997383324564549       -5.0870442746977869       -4.6231251314669404       -5.5257327491534225       -5.8400741519342132     
  -6.2177422356528158       -4.3262594879880840       -6.5527686642700136        2.1655905407825644       -6.7313104249924738       -6.8887486390047501       -6.7612335314066430       -6.9122154837337924       -5.5866793031868278       -7.1641337378635441     
  -4.6768909397195619       -4.9396501675519344       -5.8917972174423063        11.783198140383782       -6.3787711925731303       -8.0379821144883028       -5.4436170344447952       -7.5991650722857713       -7.2411324695076056       -5.4324580725799647     
   4.2945020760994514E-006
           1           1           1           1           1           1           1           1           1           1
   3.4197759500625348E-006   2.2563668172101314E-006  -1.4850920059072463E-008  -6.2829662678984839        1.3893790788554868E-007   2.2369184597940075E-010
   3.9531021878012464E-008   4.3547116680805335E-008   1.6870297093005485E-008  0.44572284576394527        1.6858996839979817E-008   2.1523697018417214E-011
   6.1458586164932659E-003  -6.1382035625209674     
