   0.0000000000000000        0.0000000000000000        0.0000000000000000        0.0000000000000000        0.0000000000000000        0.0000000000000000        0.0000000000000000        0.0000000000000000        0.0000000000000000        0.0000000000000000     
   2.0126304212267947E-002   1.2884814055314313E-003   2.1331820943293764E-002   1.7179040186590052E-002   1.8479359513837418E-002  0.25283772738040916        7.5732609205560117E-002   7.8227778376193519E-002   2.5954873277124105E-002   1.4557539978468663E-002
  0.48660477447866246        3.1535903455434910       0.56503929285076138       0.64779293865422261       0.67139200176321201       0.54042501356157524       0.41368219459266020       0.46681713987785006        1.3229216363358354        2.0894088329626155     
   3.8915573804435652E-002   2.5773282515419247E-003   4.2053349023509469E-002   3.3952323840786724E-002   3.6028467964269041E-002  0.44505463008081031       0.12666635836180504       0.14021545434459581        5.3512385827728506E-002   2.8452639203706671E-002
  0.72621450454138048        1.3117962103794807       0.60329400951350820       0.55872268970518635       0.70438525958177656        1.3196188472866119       0.50542742652640549       0.59856462311073910        1.5754480072092347       0.80819636056888267     
   5.3641789405983423E-002   3.8964565828362068E-003   6.1332992706751605E-002   4.9214245536794612E-002   5.3273951454211037E-002  0.48722037659810336       0.15111389029514291       0.17755726407592398        6.9300594189516229E-002   4.2328903120565850E-002
  0.55273121744490317        1.2933202227368172       0.76604243116200377       0.54239705503712810       0.62802948027332550       0.71433613500979998       0.55542037996948246       0.61311554258499390       0.84338274796153267       0.70565176984748335     
   6.7804402328674546E-002   5.2886403912396508E-003   8.0356741752350663E-002   6.4227223946178399E-002   7.0324610435946039E-002  0.52489797481193678       0.17180707426626063       0.20649157189745024        8.4207091222929839E-002   5.5899551370012325E-002
  0.49021952129392909       0.97358340311629077       0.72079274460352405       0.53413380939732080       0.58862655584098755       0.69062029366712152       0.64831700711215712       0.84892200652255057       0.81998405139023178       0.62657778740528103     
   7.9420152667060623E-002   6.7054392689009420E-003   9.6170350252864065E-002   7.9079228883991215E-002   8.8100444272068729E-002  0.55548494849554231       0.18780534149705547       0.22890593664247594        9.9313869358409926E-002   6.9904933663324023E-002
  0.50076324935077543       0.74016687546010995       0.62822731576989854       0.58956757336868593       0.67452874623521508       0.74143178245195684       0.60924066695560086       0.75293400311204084       0.76332069923875878       0.58448679700269812     
   9.4058618225037707E-002   8.4863808398806789E-003  0.11301530168280591        9.4905684312710709E-002  0.10591472533381494       0.58150357590139268       0.20317832737824923       0.24703357000957349       0.11482816763543718        8.4135656460608929E-002
  0.54854574072845241       0.98781972057645440       0.68817840678034137       0.55185343833979972       0.80343193219139830       0.70581623772257551       0.57464361404080533       0.83615024529871795       0.77548628498735817       0.57304234372417462     
  0.10933348790808281        1.0444964255274742E-002  0.12757897745980676       0.10791869630347213       0.12308965978121114       0.60630152908429269       0.21735321504044913       0.26130098065930429       0.13094868308535385       0.10028184360780579     
  0.51879537910025697        1.0010473750929567       0.61200391061821335       0.56273535897165505       0.64371580356405289       0.62210324810914941       0.62767149513240661       0.66661489849354805       0.71250815855819938       0.60996246986657410     
  0.12531051465778731        1.2473259276347549E-002  0.14259976181191597       0.12052301361952043       0.14021067433435658       0.62777160633285300       0.23111190707200033       0.27440495832729594       0.14636187903616643       0.11663940125502512     
  0.64806219832099765       0.72906086667986192       0.71241778015848178       0.52080452133400523       0.75578129109643621       0.63779755928288051       0.60970693041730173       0.73258325176624306       0.64979372198510388       0.68110324276272749     
  0.14134119131367151        1.4593250096084217E-002  0.15521369812689920       0.13597917310625221       0.15716874444345244       0.64872288016312341       0.24356819407370386       0.28561805682135905       0.16164299577891411       0.13458087087121393     
  0.60911410581551151       0.81155420169672421       0.55723637846452645       0.64873450252810994       0.61053744039622326       0.69904456133948756       0.56559682589716920       0.70929479395068951       0.60488214063730661       0.64255686290527025     
  0.15865868691733148        1.6680923174537125E-002  0.16818114121553837       0.15117443666070207       0.17324795120373399       0.66555905667155169       0.25585608539659260       0.29689035998573793       0.17683962794942773       0.15226493869076141     
  0.63194804186954390       0.70899113295944294       0.54431774412896872       0.75291977624346462       0.64745639134765332       0.71077398940283687       0.67727154137278256       0.72228475622015254       0.78428179211413551       0.56984474422403364     
  0.17623874066971029        1.8898987691436834E-002  0.18379812770691678       0.16710286092564577       0.18912366505776240       0.68194568363643282       0.26766334651869694       0.30770998002364619       0.19331334904353645       0.16862055048450392     
  0.59141762205118797       0.64289518683341795       0.61727226098099142       0.75571963368387840       0.61510052312263586       0.56417712703005940       0.54827239658463778       0.55278997235518545       0.62983262009991048       0.59198480453772950     
  0.19301654011897032        2.1132888949328334E-002  0.19917941776981829       0.18285309230942953       0.20462941394772902       0.69559253459559633       0.27938216438166075       0.31855407012632109       0.21081717859805357       0.18522529712694938     
  0.78431651839702687       0.62438967987601934       0.71731748181515553       0.61257853544089591       0.64546809882051392       0.48918482612738595       0.75246800240661982       0.57946674537338461       0.53912075083995248       0.58069749333983867     
  0.21008634058362227        2.3608206120454139E-002  0.21336922536256159       0.19883373546879921       0.22044324358197370       0.71002517803030207       0.29115453040436634       0.32983270534812109       0.22844862085776982       0.20190794808049517     
  0.65765270110790952       0.53645466121798291       0.55969604843645981       0.59607927130074290       0.50110187057589595       0.51474080682169188       0.59328740466633600       0.68275833043550815       0.69676987283613656       0.55575128788657069     
  0.22657095995086177        2.6113717955281703E-002  0.22734165900792072       0.21475599187583613       0.23606851162460660       0.72291549825546464       0.30281363608274231       0.34107605530936974       0.24626537552960123       0.21797005953984644     
  0.53303151820849370       0.61411857766976274       0.49289921603319237       0.65428235786429056       0.65983792091306304       0.64967119300912268       0.65214392608344041       0.65589866259213159       0.60103738890934866       0.46098443180336673     
  0.24257737836433269        2.9102505431121351E-002  0.24260217021914382       0.22983615705607166       0.25217459529812708       0.73531713099429252       0.31399971124057174       0.35263341836989565       0.26315642678573015       0.23354965877258577     
  0.55468482371128103       0.54307509061988557       0.52041281907062686       0.60232775270287586       0.62694383993205516       0.56909405901132248       0.65216008977546269       0.70343216323331403       0.60388343992796256       0.61383066693159327     
  0.25753553307431742        3.2326473441643543E-002  0.25861294466539786       0.24577342804950394       0.26905799051745360       0.74681582516713330       0.32493729846298425       0.36432698894093729       0.27931730792467430       0.24948382845556027     
  0.55898922142238561       0.61746864565752246       0.59005407639962826       0.61872542448786161       0.66983409099319591       0.58208678254903889       0.73454245163957210       0.64975990558928187       0.52452023784565294       0.54831713411388372     
  0.27252854628165812        3.5540029330747194E-002  0.27484224640877714       0.26186429412071860       0.28530934871000380       0.75775825432620891       0.33501483108978386       0.37503830251347942       0.29573956602009183       0.26658348769432572     
  0.52692378163469389       0.57006468155668355       0.63484514780986945       0.51132540395563886       0.58601094876705995       0.53039958046401547       0.61568485466250211       0.55754320411360203       0.61600456904963430       0.67326500347879181     
  0.28812949312547009        3.8747137132157966E-002  0.29104849828497870       0.27774120091579074       0.30106104272651923       0.76835056012126224       0.34506481760232532       0.38537090602738994       0.31234847052841253       0.28374870178180478     
  0.53489546335895666       0.48560652933791099       0.51849541200647309       0.66421220050257179       0.66949600190960756       0.47915787200741083       0.60684833922521497       0.61300417562573983       0.64297842555769757       0.58506394897954461     
  0.30359833488970872        4.2023084401213530E-002  0.30655849223590698       0.29418348935394151       0.31724940909327337       0.77863281836326803       0.35491105468792622       0.39587437479719451       0.32932419572603311       0.29889849636468702     
  0.57203881017519420       0.50859371031253153       0.57634813084436309       0.59316133276984440       0.61839140398222459       0.54910885549451127       0.61323182564412149       0.51479291481120715       0.57924465566957650       0.53573864550529915     
  0.31876583018936289        4.5656325240489827E-002  0.32242370439085366       0.31064037896026253       0.33375502932943141       0.78868894167589376       0.36450471413161156       0.40642107645977743       0.34619763742115933       0.31409351058818952     
  0.57622600002536351       0.58842051261278316       0.57575188152539913       0.62091472859526731       0.65854605371632047       0.56708761058810297       0.62234141727038339       0.57578182507696185       0.59093127010494384       0.52749490773941365     
  0.33410734367054534        4.9338473905609935E-002  0.33808941873875742       0.32810053833223141       0.34837326929603829       0.79789497040633384       0.37478288320955361       0.41697457190876652       0.36265050640992658       0.33005182591803506     
  0.57831884224248387       0.55362249803987662       0.71757691854299066       0.81210265874714871       0.56399675610244349       0.44746870218938867       0.59922535649815634       0.51476704109097882       0.67592901813783679       0.57130530854418604     
  0.34789758646138741        5.3221092107541661E-002  0.35350302932701289       0.34483728261785512       0.36125737646249506       0.80692196055507348       0.38498473351313417       0.42705487427388911       0.37893640020003105       0.34638107564296949     
  0.61258180939126716       0.52596007234730324       0.63592945291049263       0.71234284988913277       0.54240673120552985       0.50713143967699104       0.54571680979892268       0.53885119004054283       0.54730462195170493       0.62633854797715904     
  0.36183264471288373        5.7076958335320116E-002  0.36764959161161964       0.36023812753910234       0.37531738245737684       0.81521761933337800       0.39503443085951712       0.43806928144950374       0.39540718491396670       0.36296211671993200     
  0.67597078546568667       0.46888642461616192       0.61138002306649153       0.60577835987446171       0.53750980926238690       0.47370315355607512       0.70397031562166545       0.51465642782314802       0.50214392240629802       0.65450310050368710     
  0.37761947830770459        6.1895649769504034E-002  0.38185679782079429       0.37544390357425089       0.38969995153707798       0.82351210722639967       0.40547575347493681       0.44938097586684811       0.41215671346460930       0.37949386409628316     
  0.60625830722790941       0.54239291582087623       0.81565946800927214       0.52482523746528276       0.53826462972695510       0.53515851658622848       0.66541880659778718       0.51274630579535152       0.58889276739332697       0.55000002373762424     
  0.39305041138219071        6.6649544396933755E-002  0.39637360218149542       0.39067455231025999       0.40447307010093114       0.83138338580886217       0.41423975297200449       0.46144338099922572       0.42907077948571654       0.39564408601292694     
  0.62664954056625077       0.53498705366320354       0.56327077863012431       0.58694400757584730       0.60903182881541018       0.45871632022211856       0.60070379823686748       0.54223283688132329       0.57029910614114765       0.55622488348736632     
  0.40973355683559232        7.1829608582014107E-002  0.41212110267024243       0.40597290726850832       0.42006089905768368       0.83903733166760319       0.42307594342401750       0.47336069176180562       0.44593339862395154       0.41112393455884255     
  0.66228870074009272       0.47934239902777276       0.61621904545756501       0.63642407128630463       0.51355157976713894       0.43336055058430117       0.65310255322753019       0.59634718272997445       0.53362143669494955       0.50983484557215930     
  0.42737957616852501        7.7090589773990317E-002  0.42802515451652401       0.42166618740969547       0.43561220329587291       0.84609774434193763       0.43242005749036078       0.48442922558372037       0.46266276307103432       0.42651281992265389     
  0.64892269259834545       0.46127983834249797       0.55212292078818170       0.56014719266905932       0.72603541410527672       0.52157080774601938       0.63830690930230927       0.48961625251760366       0.58968613630114264       0.52373341350606206     
  0.44387988190321570        8.2712346849598162E-002  0.44310913427970211       0.43741872595153786       0.45084019091239019       0.85323654881317146       0.44207856881772989       0.49544215863876978       0.47963846179701242       0.44089755714045997     
  0.63045115964372378       0.58996379049960557       0.66549536932282960       0.64392415773655565       0.57154472578926896       0.51012092028287370       0.60969485975289472       0.52216515098618144       0.51228356347072845       0.53674026789597984     
  0.45970227040729672        8.8423230543280079E-002  0.45890738118045160       0.45282127857852861       0.46560105158530141       0.86003154629204748       0.45040360730510220       0.50657001800078938       0.49649499200257419       0.45584674163067218     
  0.64140715470646770       0.44682305059996991       0.64202108227463295       0.64192196863084738       0.58849794189942883       0.45528024197683109       0.61196719837962565       0.44009609410338374       0.57038889787242397       0.57203090668664891     
  0.47591255268315663        9.4515200488451342E-002  0.47413591377003261       0.46798100457414910       0.47899519082841446       0.86679191176187054       0.45868944744653123       0.51811882789876673       0.51272878397211297       0.47103646373844904     
  0.55603496188789903       0.47006970225474232       0.62819691288849233       0.52861116862810975       0.48664551663210731       0.48984331479448684       0.57871669272608495       0.45920277235306090       0.55400857564781569       0.52169669359149673     
  0.49258278508230757       0.10071771521780386       0.49001824696329660       0.48265077677683560       0.49211131573913830       0.87301810947271841       0.46812655250439950       0.53003758752405217       0.52868819581090643       0.48692784467135031     
  0.54231689569527730       0.46266087410277534       0.64723355590679099       0.54530960715102517       0.67997932854284682       0.46645227640063780       0.57316601843576220       0.54559581330608820       0.50668706380258410       0.56457646889187274     
  0.50885214185164451       0.10719456028933969       0.50610588834110282       0.49708571182716793       0.50567776245529938       0.87927592836202240       0.47743500730739136       0.54086561759247154       0.54468318819621453       0.50313738099850280     
  0.68516113380202748       0.48398389594392477       0.55915033491634702       0.51260307162831853       0.53269415866299252       0.50377673873958573       0.77699275899371467       0.55456826555735372       0.55104439828658014       0.60315288784895038     
  0.52471121485712435       0.11388963433097626       0.52136765409033126       0.51205343136106618       0.51990249742739103       0.88545193074581385       0.48682822906626200       0.55228673899406000       0.56013282869698888       0.51916741529883181     
  0.60337778276196485       0.48199696237494061       0.54827139059325314       0.53331176833092553       0.59625077835592577       0.55047212866119166       0.84931558756426984       0.57462236775207032       0.54957842476907515       0.67200547075457695     
  0.54009352739917982       0.12160108045296454       0.53688582791815498       0.52765309460881049       0.53511053263537456       0.89153594456057128       0.49628978690447378       0.56395368128655576       0.57549983600216514       0.53491101291314747     
  0.61889918694280144       0.50665588464872258       0.59368837358264548       0.60485872356417059       0.51712225830671288       0.50676746725140520       0.46041043719988639       0.51592550983444696       0.61825418255585862       0.72542913750926674     
  0.55544475069215138       0.12943294511534997       0.55049635057223811       0.54330679211210497       0.55070667982281107       0.89723910963372666       0.50557086462813816       0.57796762109310329       0.59034071747042249       0.55074946884255882     
  0.57223107794107875       0.47213995764269601       0.52234858187944544       0.62693186279564561       0.66145781980327212       0.53690391748716149       0.63465469160280419       0.63810263936552614       0.52303387350362107       0.56716728570208941     
  0.57033534430872035       0.13766163285009825       0.56399996318030454       0.55904850035244069       0.56668887998114537       0.90291028629672576       0.51502579065150933       0.59211873513167579       0.60489928447543417       0.56650035310439384     
  0.65041782358822664       0.50411302408940761       0.60979295584549986       0.52041068819916414       0.59256807077102125       0.51237672557659586       0.58285371128958385       0.61073138058693155       0.55133099807970110       0.56671012510403518     
  0.58505667780200310       0.14599676517929391       0.57737881354874698       0.57454990344341694       0.58221771667225064       0.90839299822736519       0.52247220635703295       0.60529875090405572       0.61976333513917026       0.58166219564383892     
  0.66459139371102904       0.49026083248739910       0.52287783188285630       0.53459932878558858       0.59900142622473840       0.55390605101663737       0.50102784407260603       0.64977181318916333       0.43353082293755563       0.59148780789010558     
  0.59956293835667540       0.15504884170529859       0.59147551773090967       0.58997088064254877       0.59718662559705038       0.91394633913484968       0.53019190415266992       0.61752656224325575       0.63479300215082546       0.59679259015495467     
  0.50319765396806715       0.49256771828490059       0.62818399025784055       0.56437018485154078       0.66265560983950111       0.55848716046210523       0.66265782068305645       0.50915698072774451       0.58638130501798680       0.50525059761071611     
  0.61395478361350408       0.16448486519699693       0.60598425088530761       0.60548730099012704       0.61283121405949215       0.91871794642654669       0.53849204122522720       0.63023660520773284       0.64940617229844877       0.61189541411252035     
  0.55147380407007973       0.54807392193317317       0.53913262105286996       0.63457823471544916       0.61098932274551954       0.47248735115879864       0.55897052844461437       0.52680122044038502       0.43988959207701783       0.57551635891107722     
  0.62949298883186122       0.17463962734660610       0.62061947980778198       0.62065855204842146       0.62892563844794158       0.92340591659414584       0.54705590324706432       0.64254020255642141       0.66379347810619915       0.62665064502542867     
  0.58977442891405418       0.49006294477130546       0.51396951401007607       0.72544544326235005       0.61231677724309730       0.54403936218266502       0.51016380556728746       0.54348447529672328       0.55718863621293280       0.50610911072450759     
  0.64591285348441385       0.18506382765763654       0.63690065188520306       0.63743896529774025       0.64441643369909840       0.92803485870046154       0.55653093580806001       0.65661597002298422       0.67772669488887471       0.64207279925989236     
  0.71184660233683927       0.52496632381375408       0.56296280894201367       0.69242575935702499       0.63956100275660910       0.54749821680470989       0.52095644880577063       0.58973389159898693       0.55817668556535927       0.52618912555312236     
  0.66211156955168737       0.19632719976378346       0.65295118297557042       0.65383003384339633       0.65929957659270766       0.93266697216899686       0.56655689592254266       0.67044133448505316       0.69163275663429913       0.65796949867281895     
  0.64183224625879420       0.43328009229183473       0.56949465505068109       0.73700986591056528       0.65241274024717510       0.52113699394270818       0.63552995443862459       0.60498022688694564       0.55398684231633644       0.61342888314992072     
  0.67762873297610038       0.20825105093139265       0.66932854231158700       0.66996883002023866       0.67363149281712387       0.93680611937084846       0.57777742103373242       0.68498726587203329       0.70609310124937930       0.67416392900515709     
  0.50865434547759014       0.42713563688327294       0.67593604277238406       0.63316477351971834       0.53182722225039225       0.59394588827728323       0.68235600972355648       0.60188257472463802       0.49850956096726612       0.64912193318356570     
  0.69332661386411709       0.22111482086694717       0.68507699117841392       0.68600482500226101       0.68811641705238713       0.94093198752675855       0.58887447706354312       0.69964119543292569       0.72106610026741980       0.69068420272845976     
  0.58167116194876234       0.51249120589557362       0.63245326374668343       0.58870156272444485       0.59520931371443042       0.48438115672127346       0.77727738944066738       0.50390322718248448       0.51271795709458301       0.54631817811454686     
  0.70973858693889091       0.23481575282865066       0.70078543379311453       0.70353292316138349       0.69996739704846100       0.94495503603321174       0.59954716868151026       0.71509549957382368       0.73491809546870379       0.70707959032739753     
  0.56855399346674340       0.54664275155374553       0.74021378937407445       0.64818578561186191       0.54031212483064062       0.63076852436569397       0.73913528038363219       0.59867457605802965       0.51984997763540997       0.56183044105720004     
  0.72637406149273298       0.24894939507192276       0.71657772021018495       0.72087175662015812       0.71075080352555631       0.94896109382229443       0.60996120946316235       0.73060747094173750       0.74832167139205819       0.72291490187593599     
  0.65233612531624807       0.45029177146628074       0.52697318881804567       0.67585300165403228       0.54427004083483699       0.64265366811318203       0.53000701905556369       0.55755522465875451       0.54447556937446051       0.50499493251516081     
  0.74313293398979374       0.26616133779412321       0.73314997888963207       0.73654811906236350       0.72609360327285277       0.95247695409736688       0.62033423656390729       0.74637958689291128       0.76192663743587152       0.73994864114414460     
  0.69410788064305284       0.61058414395611649       0.64940979916484909       0.60161315020404182       0.57756800465382196       0.51706992098240456       0.59386130149052341       0.55751678653281156       0.46696752836630023       0.53644677460362822     
  0.75937111188783424       0.28451949753123434       0.74994158276962686       0.75230675780371559       0.74093759987126107       0.95596853145493477       0.63083193429495932       0.76246803484288017       0.77453177832401454       0.75718300628636059     
  0.68090002201556643       0.50270080881947199       0.66894207665076533       0.62273399348705327       0.60211164099616954       0.61926237751748847       0.53066180348566760       0.57293256338249776       0.46932855998351958       0.57769154492414054     
  0.77514679029311140       0.30557181563850755       0.76548047735275426       0.76895524186622410       0.75670222588363922       0.95922549486155495       0.64145157413545417       0.77829447668426510       0.78823373395875229       0.77614892966378568     
  0.55631823559794202       0.50792338070295817       0.64145922073558026       0.61018139729039289       0.53548516495710463       0.57687245438257850       0.63530894664480853       0.51905266949855955       0.61268617045413598       0.65450607229440394     
  0.79086131990258568       0.32677176548699738       0.78067916447786545       0.78617021821702826       0.77234657595054201       0.96236353561373522       0.65262131801919221       0.79408360855022753       0.80243628245215748       0.79497244067195938     
  0.52791480355580689       0.49813654000086699       0.60167526158952289       0.71280928751740269       0.66323519848708579       0.49326974053738865       0.55605411997681331       0.49511537723644000       0.53272757020326356       0.63088455461133319     
  0.80585796309217994       0.35162670774050753       0.79653649057825882       0.80071563841266702       0.78845836159591820       0.96541413490741057       0.66311107504713818       0.80942098266939655       0.81679343200539745       0.81119994470126944     
  0.58077285230283870       0.52805608082081146       0.53332245591560390       0.49494135691482771       0.69141463085172583       0.54380917288221398       0.56596300855058357       0.55956814053722637       0.62254348372516655       0.57516932282264666     
  0.82055616830888456       0.37707035112836901       0.81250721695796224       0.81439639692012333       0.80450128461344506       0.96842366065291452       0.67302118951270540       0.82440592501489429       0.83106182980588228       0.82737732086428073     
  0.64446867065201618       0.51865690919193341       0.63848916274190126       0.68647171570405652       0.61191932983426833       0.58127617142031385       0.67041135024975362       0.55594555580558924       0.52725584929518110       0.56851588377211670     
  0.83516843610558644       0.40543438462131431       0.82939992322272971       0.82914462493238339       0.81937187039053150       0.97144260245740299       0.68356029636517757       0.83955445917729454       0.84575441621337455       0.84262601133851800     
  0.53057291445355814       0.55314910008183771       0.55445997246059464       0.65393744365399520       0.62095411383882959       0.58964171506065965       0.63979448647665949       0.60537468462212862       0.56188448018547332       0.50256743867225029     
  0.85063514582037270       0.43608524326883780       0.84609437335380777       0.84420643336505452       0.83462985413019219       0.97445932916301503       0.69423198856947732       0.85484488124907287       0.86050748620682482       0.85832832575241758     
  0.66638763663074707       0.52978307235252742       0.60398834748238295       0.53413752921124524       0.65325324317092681       0.63607738504445732       0.51551005458877674       0.54430104072408303       0.65115145453873358       0.44414009794273085     
  0.86703347551163512       0.47103259753407928       0.86249970548036237       0.86007170851517389       0.85065444735398799       0.97748362451671611       0.70624425538750357       0.86953369529615088       0.87517107735105315       0.87401917592145006     
  0.51403087607272990       0.58184474942089404       0.65390486504549694       0.54154518763658721       0.60224952286074007       0.69748308624064981       0.60678710536664737       0.56434950277327300       0.60701453856016718       0.51563310843991461     
  0.88337555210230789       0.51082195183127221       0.87907106117029421       0.87618159622669167       0.86694825249754626       0.98054190577742306       0.71786505990486338       0.88374060826553780       0.88995501915348896       0.89024548026090644     
  0.62665363886116110       0.58242542021674626       0.61394912528728884       0.65956681097619230       0.56919928744747450       0.71602247009014686       0.69536028832903141       0.59346906828988943       0.57896559731656971       0.51006662037619743     
  0.90005985318285942       0.55342397603780080       0.89610418654582946       0.89248626819795840       0.88218923054536280       0.98351527772351632       0.73291796998602732       0.89836406684984493       0.90401121046083077       0.90683635271536644     
  0.65982060695727829       0.53092647215354871       0.54347783111478321       0.61046290654483626       0.59020129338622163       0.85670899997742733       0.61340128188840204       0.63996731054685996       0.57740904769441026       0.49715780856891167     
  0.91669352326979259       0.59946295872215150       0.91331631584648110       0.90843771772801230       0.89788875403213531       0.98554878826326453       0.74860509271043485       0.91306138334228404       0.91824643575232245       0.92333021976417073     
  0.66427147094564709       0.73971230814320021       0.60556131340391217       0.60526739611930458       0.66537570024145432       0.66218347538516131       0.65413857852093360       0.62619438940379779       0.54128736092787055       0.66316473391505415     
  0.93286496509540517       0.64692227914781475       0.92938653365829604       0.92418144077189412       0.91387483486586407       0.98752186863341240       0.76694970272553664       0.92864739348503167       0.93194948885188322       0.93870809115549469     
  0.64600679478020551       0.56844842187143940       0.70941355219968405       0.61156816867173225       0.51790518620085280       0.75028052875996265       0.65236795047443130       0.78442935947247994       0.51661147156554421       0.51580840270946293     
  0.94916381679742101       0.70501061881009397       0.94566063854323490       0.93982636525590491       0.92994307081127137       0.98951469606893927       0.78572034448487937       0.94372705368264731       0.94594410873525503       0.95399592588625715     
  0.73659570654746986       0.56228988353508502       0.56815726580981241       0.55400095667056681       0.52214200581808390       0.77061492115687147       0.72563902410851244       0.74907581134582846       0.60203546987560730       0.56741621002940779     
  0.96313901427317350       0.76908624821750393       0.95941221810214972       0.95543111454351570       0.94775230404029898       0.99157325438044563       0.81212434504782383       0.95786820955804330       0.96105404515581294       0.96732277892932417     
  0.59689404493808429       0.83555651948550258       0.57935667400492086       0.57626080061893026       0.58055269505994644       0.87709981255023972       0.56249214414388737        1.0296494971166525       0.69703809204504841       0.65117396579774600     
  0.97684123716126126       0.84830437671890224       0.97282864187562279       0.97104325930945801       0.96533766426647272       0.99380074174098521       0.84457588209836654       0.97150851924998460       0.97569999903550331       0.98022573886049857     
  0.75889489916975605       0.86026218825170453       0.58774992607865018       0.61853125284790411       0.65264954954424881        1.0268943652826870       0.69829268185347315        1.0108231297519032       0.67526829756888507       0.77904161758408474     
  0.98849082214329576       0.92571182447792111       0.98627021011925897       0.98541556296277599       0.98283760777307350       0.99683868428328126       0.90674487294374051       0.98581669924023718       0.98801774074940485       0.99034458798617575     
  0.61703641237469253       0.90837176849633006       0.68250025090496513       0.58979691348787289       0.61750294436607112        1.7883850667733705       0.59030220008666734       0.89297980449939041       0.61232243697206279        1.1892587483871040     
   1.0000000000000000        1.0000000000000000        1.0000000000000000        1.0000000000000000        1.0000000000000000        1.0000000000000000        1.0000000000000000        1.0000000000000000        1.0000000000000000        1.0000000000000000     
   1.1590700220577463        1.3814766548812019       0.70783123852119034       0.73772318965677575       0.65570901226415534        1.9473445700298140       0.41637997037984137        1.1498942235077907        1.3455342211393666        1.9021927247950823     
  -13.636578962792038       -19.118525154717958       -6.5699622638521724       -7.7437959059302122       -9.3244180905046896       -6.2049253887382951       -8.4076095287372787       -9.0121124094202081       -9.6998274588224263       -10.201659079259587     
  -10.172462154511530       -7.9198347945084882       -6.1721023210225523       -12.284182656022393       -9.3863071888485976       -3.4883512199597204       -9.2084733082582595       -9.4403919754814769       -10.632163439412926       -8.9639755375353740     
  -10.932959878366541       -4.8690753885274178       -8.3228155776030697       -9.0486898146960222       -10.461816527583046      -0.80151188986919253       -10.928243876828470       -8.1420825490037814       -8.9070868513033101       -12.722235561125439     
  -7.8955438446848882       -3.0184593499443189       -8.0418551390620525       -6.9602139988414491       -8.5995166198915065       -1.7212578348414078       -12.890788673162588       -9.0043498821796994       -8.9750250928306059       -9.0843282089332273     
  -9.9409673306858597      -0.34711316500438633       -13.349863246125995       -10.230844012411945       -12.118570981632201       -3.7773348663679762       -9.2229754505433359       -9.4211768325850933       -9.5513983911661757       -8.8228771264091090     
  -8.0542800944826887        2.6099036569998342       -11.769990041249248       -8.2691454928348378       -9.6884862347180594       -7.9927304448421328       -8.9353620796898685       -9.3357124517370877       -8.4337483285301129       -9.6026450551589893     
  -9.5889657007642910        7.1627582251729995       -11.533653484557204       -7.7799791566825727       -9.2574520259467992       -9.9484367080135208       -5.4750994682986436       -10.016114441587353       -11.884369501927633       -9.6762524267616108     
  -5.7414451823658217        17.980204557068387       -13.355685291685765       -10.780273159723270       -7.4875033930896340       -12.156356157944453       -11.020318715746454       -9.8895157356454320       -9.7733386329440677       -9.3358481370590169     
   1.4560479720508901E-003
           1           1           1           1           1           1           1           1           1           1
   1.4572619929784862E-004   8.0412763637680761E-005  -3.3664579462136593E-007  -9.8060842921584808        5.4324394111615688E-006   1.7288473967775202E-008
   3.3344354201569286E-007   2.4482522568851501E-007   7.4185903157266601E-008   3.5371605108486207E-002   7.4119907036415850E-008   1.6998808460886529E-010
   1.1916637365806027E-002  -10.960759547111977     
