   0.0000000000000000        0.0000000000000000        0.0000000000000000        0.0000000000000000        0.0000000000000000        0.0000000000000000        0.0000000000000000        0.0000000000000000        0.0000000000000000        0.0000000000000000     
   1.0935628892232334E-004   1.2743397753310446E-003   1.3317696950154707E-002   3.2380680655229865E-002   2.0094888550731445E-002  0.53411258772580927        7.2035640179008598E-002  0.10146057615112290        1.4566883880509437E-002   1.1750958650666202E-002
  0.94332024236835199       0.68487112068014766       0.41289037856812638       0.64651154657531340       0.46237890395276815       0.44655740588095483       0.38108246099017368       0.39664455590353109       0.53486634994393500       0.48455330578351052     
   2.1956633494103804E-004   2.5918942510547776E-003   2.8326385673685030E-002   5.4922654747923363E-002   4.0615293565736760E-002  0.65665480652618313       0.11251308957505850       0.15915436445935210        2.6511006885257996E-002   2.4612498404665287E-002
  0.73728519080657939       0.61299870424137159       0.47758128104920039       0.43805051772953546       0.44409314204928291       0.62083151225237987       0.66327959069792519       0.52256043435766486       0.54829983934180926       0.44960376913459621     
   3.3413086828382562E-004   3.9326366016032141E-003   4.3311509463085658E-002   7.4821558530842144E-002   6.0812835768313880E-002  0.70157675243046691       0.12698651963826732       0.19178458545850710        3.3667543131821277E-002   3.8411049456930108E-002
  0.76909550552709183       0.61772041484795370       0.42137306488562754       0.59922772947647507       0.71469072426120361       0.45458869084415510       0.45567003591173971       0.51530263148533040       0.45936368530048727       0.42034892872530605     
   4.5739004046930392E-004   5.3197961292131297E-003   5.8205167246906310E-002   9.0783690814905157E-002   7.8845983602706574E-002  0.73627982276805171       0.14168687871068597       0.21593260676274420        3.9789788567119289E-002   5.2882022511949393E-002
  0.64590961869042951       0.60519485601198486       0.45630621702595797       0.42334776357628778       0.45831743209752734       0.50700712425830674       0.40751972018532451       0.50460565455270534       0.40207703408982021       0.40407764291115389     
   5.9175872683760286E-004   6.7085946515903615E-003   7.2787872088040495E-002  0.10584400654494458        9.5939784838929690E-002  0.76593677241380431       0.15417968133423954       0.23347326933860946        4.7388193255051787E-002   6.8286311799400035E-002
  0.52238035753346679       0.56170152816853958       0.44663379762026195       0.43717090255401386       0.36689301492717930       0.44081113032832803       0.40344519946937585       0.54828862471642759       0.48538525100483543       0.50810316895355756     
   7.4709520555988186E-004   8.0376755100541562E-003   8.7395069036578690E-002  0.12103930248906762       0.11447496445005817       0.78817761500376782       0.16591053878581796       0.24549132712375146        5.9228063509973658E-002   8.4393141155299389E-002
  0.54526641617267291       0.49008368779945621       0.43358584531302641       0.43038308751358556       0.40573969317003039       0.45713355782384746       0.37616704634427667       0.42185233291752267       0.52509858017901911       0.43164136827903771     
   9.4706762373591514E-004   9.3365231254346429E-003  0.10220174554908802       0.13796894767304754       0.13331776932222739       0.80634985836593609       0.17734844840877018       0.25656456913508363        7.1733003779177337E-002  0.10076179045430333     
  0.46066265671113288       0.49127665534167442       0.49820935716968606       0.43401367667175661       0.50900953416530348       0.42103491240261193       0.52074299353987563       0.51599911563054124       0.57417830438065076       0.56875857482302283     
   1.1787518117910678E-003   1.0701658023170770E-002  0.11643804351710706       0.15547944736764874       0.15287063999702658       0.82214543331230350       0.18783125710105603       0.26712194700432251        8.2361678424332230E-002  0.11700331234369206     
  0.46223415822589103       0.39135362953860769       0.44442185061766387       0.59832925068473730       0.49513265387261590       0.40650448364501079       0.50063454410683572       0.51556566515769087       0.47690808407683277       0.46299108164491420     
   1.4436158459965171E-003   1.2261813110628787E-002  0.12979400257765375       0.17179915063802437       0.17128889022792654       0.83646079493993308       0.19847069597456934       0.27742601871814165        9.1916638101330120E-002  0.13315418653524538     
  0.54428815781715356       0.41827106497813132       0.41420164770506573       0.39118583483692099       0.51025968232428842       0.49626666697770810       0.43279186578514334       0.50389187944101843       0.45497021913377872       0.45957911922093542     
   1.7403626748368399E-003   1.4128561206603340E-002  0.14319273728613446       0.18767700656673475       0.18933195831247807       0.84883058570902947       0.20812419789687678       0.28864634830962732       0.10501514954930286       0.14920413403822419     
  0.48639220200777361       0.54036105130445233       0.39020347753461310       0.51658071508285219       0.48071118557556763       0.43753256476342139       0.49013087512487158       0.47622454411607301       0.55250009484803020       0.43101481322444202     
   2.0780387704025451E-003   1.6594840030775711E-002  0.15713364007697325       0.20371580537966988       0.20577351702247207       0.85895398017688951       0.21728115307974327       0.30131397733050375       0.11927965935457724       0.16469732065397011     
  0.53446804922938262       0.53784554130376094       0.45559716265742917       0.42445307312392849       0.40427208856330593       0.42561913658436834       0.47128691647581772       0.51945545967043927       0.49437391945270309       0.38016009557964797     
   2.4486895126860529E-003   1.9358526433642054E-002  0.17209162637559214       0.21898472195215613       0.22099719534078210       0.86848262838155932       0.22687551923726842       0.31439435055003845       0.13496961068648761       0.18262274236577886     
  0.45786860564840454       0.50355134937007828       0.35599121164554620       0.41385769178627158       0.38475124466812843       0.47318044779664231       0.45273305837960764       0.50391552076010826       0.52425991133759819       0.60689992961293393     
   2.8511961153426697E-003   2.2039255772768898E-002  0.18781275925225885       0.23477948348686417       0.23640634840600019       0.87619716319377117       0.23627201588459076       0.32604335980694898       0.15029879598065854       0.20144421419886713     
  0.47143079346064382       0.45908205630351889       0.42098375057035120       0.46515700354433304       0.41247407409777975       0.39341533156532060       0.50922205824941091       0.60335517246045289       0.46968046682865633       0.50051664908743110     
   3.2923729933446986E-003   2.4663433921258287E-002  0.20440155479206962       0.25108260453808789       0.25202711097070030       0.88440721005741474       0.24544742378448722       0.33599294080369879       0.16575024234571309       0.21736528712505432     
  0.47587108512941761       0.39311656006284007       0.50339007972218885       0.50325827708743054       0.43808633488788157       0.43437464694898620       0.48990214722724290       0.46523364467036132       0.54165741234313125       0.47075725803446916     
   3.7774391175475694E-003   2.7432066922618754E-002  0.22193414271520909       0.26733972328997013       0.26750207780955165       0.89177937180068523       0.25411857683777933       0.34656955836417708       0.18234021238382364       0.22993904409061686     
  0.44747270267451073       0.53103875399276246       0.49977426913853468       0.41962133118041595       0.43950483251232481       0.37369037252507969       0.39603327853226744       0.50640154909123247       0.46119487835048134       0.43494841168495985     
   4.1925124048951745E-003   3.0267261928385206E-002  0.23965981055456820       0.28392566016341014       0.28235055932887665       0.89854746581334732       0.26254515809863810       0.35757886982506570       0.19967875083271167       0.24299484514804270     
  0.37246329159051955       0.46721182846643960       0.47621662261407849       0.42005245564156862       0.46197232227919305       0.43543738897256196       0.46556306011287663       0.52415253339245516       0.54730572331903671       0.41119351942221133     
   4.8938378101619729E-003   3.3105650727244293E-002  0.25720762199363206       0.30078419489558844       0.29633625391844254       0.90472957754063787       0.27097343517432376       0.36879435020686435       0.21512218606207317       0.25467788018417470     
  0.52147717812998773       0.42815155211492972       0.42913091131207959       0.45650424137440943       0.43428540512571823       0.45546920571867611       0.50884452023126547       0.42303828540591359       0.44409516423820494       0.35511979209262390     
   5.5947309345108246E-003   3.6410120029020158E-002  0.27436488755621730       0.31799580744965616       0.30994599076964224       0.91067794811094727       0.27942980257526423       0.38050243916328846       0.22927386066990807       0.26776349096352609     
  0.44286798379689934       0.42212900723699665       0.52066651044796941       0.47156245210497971       0.51086768549811745       0.41514764398197995       0.47258014258771014       0.45052068476658208       0.49197586782538510       0.42085346544718166     
   6.3535990225453845E-003   4.0232279104138707E-002  0.29009080981333013       0.33527571137717527       0.32335017915665437       0.91638684807070481       0.28805687140718478       0.39251932021854175       0.24325794553219798       0.28269791627896679     
  0.43437361967977445       0.47533785460897404       0.49537824447982670       0.38029440077810811       0.40110694781158623       0.45610883131564511       0.41240882302658471       0.41405046580677046       0.41124112012920422       0.44268511686291451     
   7.1934711979969590E-003   4.4258871411169361E-002  0.30541219989905977       0.35108996330036618       0.33603489172408268       0.92146756920062134       0.29709134603121901       0.40451300518358624       0.25881867372124728       0.29754764498847713     
  0.43000767117648059       0.45091546364781371       0.40564993177253783       0.39843892257745844       0.45083396264314207       0.43349673959732798       0.53258455416380701       0.47297345100719662       0.55077937717213288       0.40944389089417288     
   8.1245266692770036E-003   4.8602707952782064E-002  0.32056742814825812       0.36626373928853695       0.34866156869333231       0.92594475090066686       0.30643654416285271       0.41655756937701810       0.27537614553953565       0.31293936702381192     
  0.47264684631864562       0.42119281805153241       0.55714297800029899       0.48472190177924390       0.46281633852442250       0.42701252854197885       0.60309187568776357       0.57839724041398333       0.52428394731525518       0.39789788261431114     
   9.1747009268011818E-003   5.3073069185665567E-002  0.33621945871392639       0.38117142877229077       0.36320150215471586       0.93019226778847974       0.31587788917298792       0.42894706889644130       0.29224274267851003       0.32857341282010782     
  0.49189993822479733       0.38912301557586476       0.44374773669869944       0.43760528865234827       0.56036228241474362       0.41321234440567872       0.48680352225764006       0.47694447421204211       0.52884082864978654       0.52563772273698495     
   1.0364491450364312E-002   5.7576072836474562E-002  0.35172178599416509       0.39621459455786001       0.37694737980360526       0.93430688920163796       0.32545627757964729       0.44171101999052442       0.30958152454740173       0.34442353351254912     
  0.42553301063190702       0.39593418446301920       0.50244800030812320       0.50836614565110338       0.40465508694734759       0.46104024215102052       0.50497053660058633       0.48891426626171069       0.43653822153262073       0.45748942292351547     
   1.1639460544389741E-002   6.2156655068768905E-002  0.36630912014762362       0.41304476170173715       0.38999660018171395       0.93844702677197922       0.33512526444462926       0.45444006047997804       0.32745340387647554       0.36007152914958057     
  0.47928488794095520       0.53633166021503476       0.52357657266047009       0.39463909422991378       0.42115427099396480       0.37051347334726814       0.49931882434528502       0.51163883757411643       0.40002717980646546       0.45436797868259360     
   1.3080213294049545E-002   6.7953592297173723E-002  0.38054710718073342       0.42634694316402727       0.40308365563249227       0.94235739597574253       0.34471724958890015       0.46670377040922739       0.34587051143670716       0.37519193236982296     
  0.47331302618200949       0.44353883985480480       0.46089095208463726       0.36216134514430393       0.38247996427818876       0.39791704370391495       0.39767859532391808       0.49286157367750350       0.50868054634583304       0.44749353880383058     
   1.4665297825671716E-002   7.3859571910970839E-002  0.39596248152299524       0.43882154170252891       0.41644001315583307       0.94576742681772974       0.35419930217279766       0.47884706325955179       0.36455151296549904       0.38960749316473037     
  0.38987429233498733       0.49624866125195266       0.53630799490175984       0.41593032362690785       0.46330567422173907       0.38284016525957343       0.50504157997811761       0.49217576852665473       0.59943018989898766       0.38690901559259583     
   1.6339438723296646E-002   8.0297561740565987E-002  0.41174348383035481       0.45352459414775298       0.42982323602444861       0.94902385143837298       0.36384164816392689       0.49055636801910874       0.38321472067927437       0.40361692283091805     
  0.43501618213288412       0.43218096019513902       0.49662566810692171       0.37192784522164918       0.43211164871099889       0.38796105515833584       0.45467628666695165       0.39211820958598792       0.42036299441388214       0.43155796611291286     
   1.8118190363504219E-002   8.7153681704684363E-002  0.42750663412039702       0.47060266152686059       0.44293233022825879       0.95228261560146632       0.37385135581879303       0.50178941353954953       0.40192958550569441       0.41735676234725277     
  0.36472907052653369       0.48782050066213356       0.45180694107393782       0.39632103289175769       0.46518620739283911       0.37678277490687800       0.58670119740217708       0.41354134428723188       0.40950730596629076       0.37958512448766385     
   2.0029449566525082E-002   9.4506596635481749E-002  0.44393513819605235       0.48610320803019924       0.45569637483620751       0.95535055218604703       0.38427766237019850       0.51342404673428499       0.42051248189666895       0.43104946540235378     
  0.45042447048086998       0.44126567956334811       0.46838635102769843       0.47228433755092902       0.40938726346677168       0.39139405988049575       0.40581405000477783       0.48601125960411984       0.43780671830112405       0.49786230329116021     
   2.2178711292359387E-002  0.10235855509568631       0.46130019899234909       0.50160784306553263       0.46857065910147760       0.95794467027093533       0.39449162315937358       0.52403568110250220       0.43855732348334281       0.44489059786163221     
  0.41486033350387702       0.42448412874014241       0.43626446084615006       0.41092138307000992       0.52572043986786532       0.42839199599712602       0.58804212368376862       0.40796322794555528       0.42359289866973709       0.40914148217462132     
   2.4673001973930936E-002  0.11064637743207152       0.47770456609253120       0.51691838535811352       0.48143529755111070       0.96029879426843878       0.40458552298994027       0.53409546936014118       0.45597795471825386       0.45878729599411727     
  0.40118420932017168       0.47201290833645793       0.44414585257938727       0.38450037490709910       0.37172863018372854       0.44829777583356095       0.51500109463152166       0.43137666250331513       0.47268499720287843       0.37761475509688136     
   2.7391631152079779E-002  0.11960900348567108       0.49270862554071665       0.53183599900700096       0.49426147767877937       0.96248805228725620       0.41574911782817975       0.54530803369564240       0.47362170580599128       0.47321386114843811     
  0.38928843328647950       0.47910044946857194       0.43920688006001973       0.37513695393853491       0.38437932955139875       0.43186861044784902       0.47950213606286790       0.42002741706020025       0.36841332292692519       0.39943029880494835     
   3.0205686830759550E-002  0.12900843176055724       0.50785115264209579       0.54683413652152901       0.50708250919937448       0.96450119261903489       0.42317100864573648       0.55647975788366377       0.49178349488545164       0.48762079439970674     
  0.41947759343671981       0.41258258728072555       0.49483108197765335       0.43206662016502001       0.47729128774545337       0.41284144689185920       0.38156769230644605       0.44949449257158131       0.45332697579689940       0.43190760919467014     
   3.3157890065057739E-002  0.13860092341507954       0.52331557600720868       0.56178508972863928       0.51878979072934162       0.96638337400751639       0.43198108634998961       0.56795233221649266       0.50997225247204570       0.50197963513084010     
  0.38662822199469077       0.45648747099643583       0.42430415502003938       0.42288892658755961       0.41389541966982418       0.44761124746064296       0.40856476274590642       0.47636053865816680       0.44671224435883589       0.44818464888311127     
   3.6194673970483870E-002  0.14894287357705271       0.53874468715066992       0.57638576631025451       0.52892572589165432       0.96804413188681870       0.44060591465999976       0.57961436162485469       0.52780515503324354       0.51698157672681033     
  0.39463402005299525       0.42064363053383885       0.42170060147430843       0.40509356861245377       0.40853230964807152       0.44304595078084352       0.37147463053192853       0.38776169083178003       0.41023138565597628       0.38903846958359595     
   3.9590969982173124E-002  0.16020710661300472       0.55365643719470403       0.59020952939807481       0.53921696453655421       0.96985875916409980       0.45035260713150016       0.59176476406743228       0.54487938666580849       0.53183823350656512     
  0.39332692902376365       0.41030762648488295       0.45757212840281364       0.45443517568081931       0.42283973438063910       0.36425339912373011       0.48558216121411191       0.37787567746057898       0.44398814984214680       0.43498314235251351     
   4.3344055077310172E-002  0.17245503548153596       0.56842216251119482       0.60440787821869857       0.54900546160788888       0.97171945622789269       0.46048860142811276       0.60446885374157200       0.56170577381737852       0.54866237736818624     
  0.40076038330424540       0.42348583762795783       0.39436380215850259       0.37023447346489863       0.46575174397991920       0.43833036939723580       0.43870376217007068       0.44153880243769222       0.45917603402962365       0.56788430617799257     
   4.7349640200710905E-002  0.18535153147618666       0.58373353200344957       0.61789287343158961       0.55969337548571996       0.97365495918368183       0.47044912344341394       0.61742766230700263       0.57849139325514443       0.56524291783453595     
  0.44094559802048661       0.48302188399323676       0.44396636806672807       0.44917761899233988       0.40982778033118100       0.43659951267628483       0.47750199178055575       0.50999411788814986       0.44260418018386588       0.48931025583722371     
   5.1926891896614577E-002  0.19844400153480279       0.60000635339689323       0.63117565305019496       0.57255266919601377       0.97544793273825681       0.48079391772577401       0.63057691432957585       0.59643296975558424       0.58129904577146341     
  0.44699960903771796       0.41282357600693464       0.54898308794601602       0.37398343146481722       0.42587648959440993       0.46232212957593083       0.43191977737508103       0.44779016557199863       0.47486191393854787       0.50512796955814143     
   5.7114959964424387E-002  0.21217317968178376       0.61601905415016911       0.64447819486304059       0.58628897324871199       0.97702741135553439       0.49136056748555546       0.64392896983980086       0.61472707023172179       0.59667163734919171     
  0.40275525783378080       0.46190018999250015       0.45161445303004177       0.43067777215197334       0.46127087788245774       0.46547915536194090       0.44757828125049626       0.41561070687103141       0.42944146242568765       0.47219675939674011     
   6.2882748177199702E-002  0.22691902363299724       0.63259832066186117       0.65842496195113986       0.60057238257527346       0.97851915456972927       0.50377670018624021       0.65756470746425344       0.63196736483474203       0.61214828895922180     
  0.35970502142215505       0.44185939651651290       0.45438900976255614       0.46350591058868534       0.48316526835529738       0.43723102300891975       0.53547554973773026       0.52219829640602111       0.47582346925072128       0.42444917897232587     
   6.8741226259115884E-002  0.24257300131678258       0.64937224490669021       0.67275553643002217       0.61586627775346181       0.97995490076465341       0.51533866813222839       0.67168021839336622       0.64808960603991250       0.62845855381987747     
  0.45705911455312492       0.38616956991233981       0.48892043358685638       0.43198290781874660       0.49260284429699336       0.43996292071685439       0.39061421134272739       0.40830011546017869       0.34955788948777827       0.47033514829240958     
   7.5031322901113223E-002  0.25927031321909100       0.66380446802685700       0.68702141095189762       0.63189752641519581       0.98134926014418888       0.52521124142709474       0.68605927397457078       0.66406112662406802       0.64525595886579012     
  0.39207740475195352       0.41899321677903806       0.44370076265106856       0.49088997617911950       0.53141407611747660       0.39772366226744260       0.38720223457682329       0.39048289921647095       0.41120141429018381       0.52538212120405148     
   8.2021750794041101E-002  0.27729460371919212       0.67614601053809198       0.69903676487797906       0.64757252524356235       0.98270479113391895       0.53621009070379677       0.70089093167789507       0.68043701340281115       0.66248523461989672     
  0.38707994383271832       0.56390247603941046       0.36848590250944313       0.45688481214040205       0.45902390286244632       0.46441082021225893       0.44504443802726112       0.45600491451488789       0.47125200638057535       0.45532060592850210     
   8.9359026907169709E-002  0.29692817079673356       0.68744088280127735       0.71263449645409560       0.66166704492327211       0.98401673225194375       0.54781317878358660       0.71557519272004755       0.69666112712825745       0.68088357340191197     
  0.42302174451837132       0.42565197417130984       0.40675854845003079       0.45767892214959927       0.47202084375209680       0.50596110754358059       0.42913543133370774       0.48517848929054996       0.40190198008227640       0.59638793559498582     
   9.7196693136395326E-002  0.31761294812716540       0.69900121091475309       0.72542143279572424       0.67436590260250928       0.98527493939621158       0.55963791026218845       0.73033039575144698       0.71303266133025245       0.70001615146738794     
  0.41678469904571469       0.44492029226951901       0.43290081443822420       0.45364976509754890       0.39068438318292104       0.54119280747032383       0.45904999833837917       0.47774855782868125       0.44833647411859578       0.51779108112435579     
  0.10639504257016714       0.33927947630944733       0.71196207120157551       0.73860106071091236       0.68637072569397128       0.98643879049596472       0.57085320824721275       0.74577974119326651       0.72912022402934396       0.71922318386934614     
  0.43603038755522605       0.44438066618319716       0.38509324874299838       0.45623050684830307       0.40919100232459271       0.41285908947235045       0.36763542699458546       0.36815738421849015       0.44807330775589166       0.55159499196736439     
  0.11680331515057647       0.36294118388956242       0.72935989388576561       0.75185825392170813       0.69906932117397225       0.98750000846186314       0.57962167988390634       0.76141326775011553       0.74610074328552511       0.73813115451328049     
  0.37845896148565367       0.42878802830209023       0.42717938724908949       0.55213097723415749       0.41441091138753361       0.46031593138901655       0.47866061363398410       0.39609621476701434       0.51945444528184836       0.54094999168146207     
  0.12870085939688630       0.38827568211464797       0.74748970000378523       0.76544831157195259       0.71413668957353915       0.98844119002095610       0.58755407960085093       0.77647655785719139       0.76374916888535316       0.75679633039700045     
  0.39264853501218683       0.53864548057938766       0.42985125786591710       0.42854365577380454       0.47493110664201571       0.46362433759459282       0.47344496309223089       0.44897887708894374       0.41387722040926889       0.44532476686752542     
  0.14229126203254147       0.41479113353132474       0.76431344643675247       0.77717752830780051       0.73016670655442295       0.98936615763997426       0.59603515648647620       0.79006113847785131       0.77990360991733221       0.77510695471466606     
  0.39805999979980922       0.40625372062269766       0.50819582076979319       0.41677450372351044       0.50404586658872785       0.41064258771437900       0.40878535980432906       0.39240464667709796       0.38190841849147511       0.47491383645267221     
  0.15859843815549293       0.44215183375083777       0.78079204829756044       0.78716532021084840       0.74711095337977484       0.99027632688732259       0.60619837419318390       0.80329809413663245       0.79605755109539078       0.79259721438895969     
  0.46787058140479398       0.41846638968575317       0.49672470593666540       0.48644326872605842       0.44576974036291184       0.47580007917909090       0.40130022128463488       0.34579013278752951       0.44967962565229114       0.41205653201531367     
  0.17609834234930827       0.46999982244105315       0.79748122338564897       0.79731903987238462       0.76511500680299649       0.99119769348503861       0.61900209583181220       0.81771574242188505       0.81244357652142940       0.81023076181336284     
  0.48858349942402490       0.48366876280229060       0.53714473807884222       0.54140547418061824       0.49728626404412091       0.42513399603745949       0.40174900951188314       0.42369153373939467       0.55246625836060526       0.52679062321237979     
  0.19632531888722890       0.49644373758573035       0.81440735520127117       0.80686926724515884       0.78279791104947571       0.99204567942002508       0.63318865227143606       0.83381445424042722       0.83021335727356460       0.82741654013598309     
  0.50911268153773015       0.39528458517080733       0.45719036996930118       0.50273583587825088       0.51910103581559786       0.51759033158266909       0.40443971191440858       0.44301300979910474       0.45287118393273801       0.42857006856438412     
  0.21983860076731754       0.52382350206330031       0.83103834247077535       0.81774059469344096       0.79940394360678968       0.99287865513900964       0.64788965023580813       0.85087332490923484       0.84817367140133237       0.84455896790743334     
  0.48822511669972840       0.35002838851532792       0.41715631033854622       0.40971827305592468       0.51615984095621192       0.56502503757430766       0.52413553921805456       0.46452458014775821       0.42585120128049786       0.49826954601369017     
  0.24697122864692087       0.55012250100828175       0.84698091748673277       0.83089299011052054       0.81589332879475929       0.99371473912500907       0.66323177172182812       0.86750989098765130       0.86549685400314469       0.86120137404923292     
  0.39592764948678827       0.35423102757675690       0.50130622079733300       0.47554387364018497       0.47749915267330961       0.50543456006996312       0.43342817204438117       0.45402526387801623       0.39410680188750685       0.42149989264097132     
  0.27730023695883738       0.58052739590042868       0.86289708874235560       0.84352478429587852       0.83304667949529410       0.99455198678230927       0.67949234602458397       0.88294584460984871       0.88202707507139488       0.87805627509589301     
  0.42848576035560731       0.34587062772591398       0.42596250049745882       0.43820546177920300       0.44471856911991786       0.54570845514642630       0.41790505643093212       0.44452821464059622       0.43281459217690715       0.46526462651500755     
  0.31239844567157760       0.61698680692290075       0.87868898282476815       0.85646381521753734       0.85202181266936083       0.99536306625538729       0.69680277699502968       0.89667031376317718       0.89805737951674725       0.89496526908677076     
  0.46658930240821311       0.46528242925458113       0.42255244972252176       0.51261234096944686       0.50858102123041327       0.50982460116435879       0.45062190549850972       0.42462307876960420       0.36832192989015317       0.49521410147945683     
  0.35492970254118383       0.65379965764176129       0.89511267680218154       0.86999471221994373       0.87210364874773494       0.99614632020227689       0.71525582994646819       0.91022163644174914       0.91376707165348359       0.91290534401964230     
  0.46849663963096166       0.44297519206977948       0.44112336358334020       0.49217747612699159       0.51401177095241413       0.60730441806521118       0.51321581475283873       0.43155271696058001       0.38335995281942953       0.56605542960935029     
  0.40818645972459700       0.69433782884964024       0.91365063912885924       0.88440701700651159       0.89113216605443402       0.99682393583859796       0.73592721233287295       0.92555339840917450       0.92948818745685746       0.92737581193090435     
  0.44125269304252801       0.41942003176597992       0.45787093634469689       0.70752782284776905       0.48486264513574145       0.55092497075868330       0.51253370885037897       0.48046820284195468       0.48743974663013723       0.50178268807619941     
  0.47071511391601684       0.74306409567526388       0.93236584424519098       0.90096938109856339       0.91027676554246795       0.99739522485712495       0.75871457542607024       0.94064923388894273       0.94446880123675248       0.94191777872451299     
  0.44446819287250428       0.44290231899192084       0.56254339160680800       0.63122102538074443       0.46866109150241170       0.73145340161175654       0.40584397089177326       0.44538997204370478       0.38385793286388037       0.44736739531630054     
  0.54220475368748100       0.79985519099578761       0.94925637555383036       0.91587592259240347       0.93448478233237020       0.99796062078006942       0.78478899212393460       0.95608516509469887       0.95799058423597949       0.95607244802820246     
  0.48318923406085068       0.47244995615537572       0.48568243340385786       0.50636130139121061       0.53589696755731653       0.57045611057077339       0.50260071081683300       0.52632393206910821       0.38117259765199635       0.43567842788057104     
  0.63563606243921134       0.85891015834320372       0.96765101906137974       0.93429235091584106       0.95617426272381267       0.99855958825641289       0.81462293908447980       0.97110360984762545       0.97316329220180087       0.97004007966559824     
  0.57459826460981633       0.50573446685314771       0.53123222528755687       0.70681303074843227       0.52033716197911650       0.49668566920550306       0.42404111154839236       0.43825042617855497       0.48551956031863308       0.41634591257303094     
  0.78304698935278594       0.92560340675848862       0.98322479504902294       0.96207860998069794       0.97858921534890198       0.99927150875476278       0.86665025820583086       0.98518685376508375       0.98610048081283452       0.98576602157008486     
  0.50908314703303836       0.43582904620463980       0.51285110513888288       0.66791086650612508       0.53493196667195819       0.71899756623385058       0.50402357989027180       0.48655354882489593       0.39330477705223416       0.51625841742447720     
   1.0000000000000000        1.0000000000000000        1.0000000000000000        1.0000000000000000        1.0000000000000000        1.0000000000000000        1.0000000000000000        1.0000000000000000        1.0000000000000000        1.0000000000000000     
  0.41529569810651135       0.58698343097482342       0.50507968927594038       0.38308374265796941       0.45857612220319677       0.49962452501108651       0.46515934429845729       0.43485025467002425       0.59305817166405350       0.42775697548633468     
  -11.501282988821359       -28.198800317945189       -12.006538063190334       -11.217381859722067       -9.2894109025315927       -25.802056329104708       -13.389518077240185       -6.3662446245446036       -11.000026547294581       -12.740113075694797     
  -9.4678882295100237       -11.814643862791018       -12.706109160891229       -6.1918492758596839       -15.394456646181290       -9.5252109376384606       -10.749293483772115       -11.464213163607036       -11.260222000379043       -9.3895895645746883     
  -21.238968558854260       -8.7691673523655975       -8.7756899507631942       -8.2994825520458608       -10.282917738762082       -15.809071613917633       -11.659845043276732       -12.291266105948592       -11.346718379164626       -11.808713992353757     
  -8.2005682435780667       -7.8744782673629761       -6.4512346929168336       -10.248645828709549       -7.9352056357014042       -8.9403976337954951       -8.4758414361468883       -11.093511776535923       -11.047761135677444       -13.466978437470544     
  -12.336666326711704       -5.3094888225232824       -20.857347879174572       -12.459587510487980       -24.909759267564603       -9.1548581787102474       -9.0776355162943236       -9.0456000082309949       -12.759683699016318       -8.4454683290419048     
  -7.6582062618105615       -1.9791963360447080       -8.6455581259174572       -9.8098355572705636       -11.292022719762711       -5.8992539392687320       -26.841059526304264       -10.682974352278265       -10.188046523313746       -10.974664350468149     
  -11.969108465584606        3.6342564446194814       -9.5582592637758150       -17.028656390281437       -9.9078093240859832       -10.340898854437478       -7.5069447423730962       -10.343967834029963       -11.197418884487510       -12.192562038747122     
  -12.692517163900634        8.0291828578660507       -9.5041263580341848       -9.3499832187972238       -8.1571083618211482       -15.090407497147504       -13.207436333821590       -16.600838246063418       -20.191584100603752       -6.3986335736476079     
   7.5633773900987079E-006
           1           1           1           1           1           1           1           1           1           1
   1.3888955718913587E-005   7.1870368979696031E-006   1.0229892967683156E-008  -14.757613224986514        3.6130191592387498E-007   5.1894226638402446E-010
   1.5001877312868510E-007   1.1448500027156027E-007   3.4361458693344430E-008  0.45874863708071967        3.4342634067692300E-008   4.7101527595466973E-011
   5.0000000000000001E-003  -13.765361549630308     
