     
 Collinear #          95
 ME*wgt:
   0.0000000000000000        0.0000000000000000        8.4649733431575153E-025
   0.0000000000000000        0.0000000000000000        8.4649733431575153E-025
   0.0000000000000000        0.0000000000000000        8.4649733431575153E-025
   0.0000000000000000        0.0000000000000000        8.4649733431575153E-025
   0.0000000000000000        0.0000000000000000        8.4649733431575153E-025
   0.0000000000000000        0.0000000000000000        8.4649733431575153E-025
   0.0000000000000000        0.0000000000000000        8.4649733431575153E-025
   0.0000000000000000        0.0000000000000000        8.4649733431575153E-025
   0.0000000000000000        0.0000000000000000        8.4649733431575153E-025
   0.0000000000000000        0.0000000000000000        8.4649733431575153E-025
 wgt:
   1.0000000241534039        9.5100614236359930E-005   9.5100611939356441E-005
   1.0000000023151026        9.5100612159524115E-005   9.5100611939356441E-005
   1.0000000002305529        9.5100611961282166E-005   9.5100611939356441E-005
   1.0000000000230453        9.5100611941548074E-005   9.5100611939356441E-005
   1.0000000000023044        9.5100611939575585E-005   9.5100611939356441E-005
   1.0000000000002303        9.5100611939378342E-005   9.5100611939356441E-005
   1.0000000000000229        9.5100611939358623E-005   9.5100611939356441E-005
   1.0000000000000020        9.5100611939356630E-005   9.5100611939356441E-005
   1.0000000000000000        9.5100611939356441E-005   9.5100611939356441E-005
   1.0000000000000000        9.5100611939356441E-005   9.5100611939356441E-005
