 -0.00006109978618559  0.00056600245217111  0.00134550391578006  0.00247701847404547
  0.00398757213976277  0.00578630380208524  0.00792823050634246  0.01035676067163537
  0.01304702009954437  0.01602252750342327  0.01927571933466046  0.02271227926020272
  0.02640165782472994  0.03040773373341437  0.03458180137632750  0.03876591043595202
  0.04312990794183984  0.04773130964637377  0.05250276243634340  0.05741469741875163
  0.06251494464587980  0.06779495692053858  0.07317859526406481  0.07865729393795941
  0.08427018370463948  0.08996023775926164  0.09576302100937942  0.10171495994132505
  0.10776294841191408  0.11390588570209444  0.12018839198885543  0.12658795440975487
  0.13304727300731192  0.13956653697791979  0.14615355863204429  0.15276938795133982
  0.15941044369436086  0.16615322543981520  0.17301371572522289  0.17991003553506169
  0.18710953786607773  0.19442482804167333  0.20186977592285171  0.20935799682190290
  0.21704650620922891  0.22474887719951916  0.23251040675148676  0.24036789625687424
  0.24822333892227069  0.25603882018056812  0.26408590348018535  0.27211958925058988
  0.28026411794432760  0.28866683874838223  0.29712202986420932  0.30565620692216339
  0.31435930895138237  0.32314424224581634  0.33175096796937037  0.34066509316210530
  0.34966314010471461  0.35863813745299167  0.36783472334207068  0.37726257488210491
  0.38675343760610609  0.39639259756205214  0.40619306759974871  0.41623452826238916
  0.42640033410396272  0.43662440030097194  0.44698680504877497  0.45798929804893884
  0.46898018508642764  0.47996330999086517  0.49136409350231419  0.50310064915569375
  0.51496575786754040  0.52715425931012361  0.53980768590949701  0.55283258478541331
  0.56612044915287618  0.57968332835270653  0.59385991830094664  0.60911132781422994
  0.62420418363247354  0.64046295576581791  0.65833977078299166  0.67670452391748148
  0.69641692686941981  0.71892141087788519  0.74321671266221023  0.76973770934128039
  0.80297375306248198  0.84547551792050202  0.90612272006284911  1.00000000000000000
 -0.00247254812457467  0.00996748036423167  0.02008227841105250  0.03115305526411400
  0.04192602970317080  0.05239460927772982  0.06267890551190725  0.07303960165142263
  0.08334294424025682  0.09346386571848407  0.10337626796101257  0.11370268790030881
  0.12426619785884485  0.13498400202307728  0.14588173725129580  0.15662467163446281
  0.16762207947273675  0.17817491632981691  0.18861468130400852  0.19903019045908987
  0.20961041912445033  0.22017064452173174  0.23083638761169498  0.24156706368379890
  0.25231215937916479  0.26304223734687071  0.27374319822102611  0.28444048132619532
  0.29500319025870020  0.30551134905731359  0.31597194574424309  0.32638272034792976
  0.33694549273795077  0.34796728444316088  0.35922472618348966  0.37073226085683997
  0.38190581106685528  0.39292806075598363  0.40369076873188930  0.41435976165993643
  0.42502132475719134  0.43568904948358184  0.44636329386790979  0.45698236967616457
  0.46747155752194314  0.47786708355878721  0.48833851152256380  0.49900051157786468
  0.50984197730262693  0.52057420655416142  0.53081678345780903  0.54064951431259878
  0.55057392516386960  0.56076849081179636  0.57123161891412111  0.58147615968498800
  0.59156598619676437  0.60159414927354737  0.61178055664531117  0.62215446172987610
  0.63246228179445252  0.64280760542510595  0.65329806230731569  0.66405499604832696
  0.67492300050871479  0.68557775032497370  0.69633697848394471  0.70686057251461643
  0.71733906896916766  0.72784284388364018  0.73857410593822825  0.74947849706338776
  0.76008022190252689  0.77061486669221457  0.78102446632539280  0.79144617338444745
  0.80156517971262875  0.81189479505384854  0.82219853389203235  0.83220613558144507
  0.84201244097505545  0.85171500413768386  0.86159074959610304  0.87147069405374789
  0.88165065341882742  0.89219990400625859  0.90299164430248646  0.91383901988515781
  0.92445999091878073  0.93507435933122407  0.94571800527939431  0.95648745786472866
  0.96742719330191362  0.97831595371067603  0.98930168952823716  1.00000000000000000
 -0.00246546300473967  0.00961514201113659  0.01940965734705001  0.02972944612842711
  0.04010729122855241  0.05065919654524118  0.06113237678867806  0.07129936588753805
  0.08157717125780441  0.09198317603393953  0.10259911031896876  0.11271306831517702
  0.12282322736394530  0.13305142104484766  0.14338078951236433  0.15349806682947068
  0.16381728085083430  0.17467393547378113  0.18601802755586605  0.19721139840560115
  0.20802225140293817  0.21856083460406958  0.22910040696425707  0.23975319357325975
  0.25052935773610596  0.26137915101605641  0.27242327987248816  0.28336169969226338
  0.29429940032174379  0.30455275492102324  0.31497961267559776  0.32534154603942750
  0.33603007719747663  0.34692223697383451  0.35740909490632256  0.36776774336521872
  0.37840495519797207  0.38917150559638047  0.39981768902117520  0.41039926173353336
  0.42126996522073351  0.43194192807965909  0.44240058360100221  0.45284789118051111
  0.46343452907419880  0.47388530645471555  0.48434924726833112  0.49468235550932327
  0.50502294920562651  0.51513479717468647  0.52538375439858309  0.53587786351267153
  0.54643981734771396  0.55695675371551912  0.56739953531287490  0.57807743630461350
  0.58879142723247502  0.59965353114529907  0.61020222593512075  0.62090127497878511
  0.63159227995209744  0.64225319988140617  0.65251835244214229  0.66270347349022940
  0.67299932543084995  0.68364887389146423  0.69408616015688418  0.70436601251706987
  0.71448663362120968  0.72504000981072270  0.73582583444298288  0.74673815288653422
  0.75761313707168232  0.76827142903872947  0.77859499596729609  0.78893786529267684
  0.79986317231703508  0.81103194854318816  0.82177111030915617  0.83235533629885561
  0.84290325563825563  0.85333989046072745  0.86366192800532759  0.87412203506576414
  0.88463626557371344  0.89510256141545663  0.90554387894697241  0.91607345175160604
  0.92689649909283189  0.93763839060274934  0.94803673422428847  0.95832821913718425
  0.96875256849326419  0.97920963116768356  0.98961894266776440  1.00000000000000000
 -0.00228144168626600  0.00918402253140553  0.01914294101657034  0.02898946671782203
  0.03922203152400978  0.04930358970485669  0.05950664588371301  0.06982958116219973
  0.08058126121640741  0.09138740355895134  0.10237613307863115  0.11311828260904429
  0.12430651065182345  0.13533831540599867  0.14661839860044629  0.15711604876874191
  0.16731746524182373  0.17767630276177071  0.18825426659621103  0.19935002272786803
  0.21033353480748163  0.22171125643908940  0.23285954335918438  0.24372185072582608
  0.25428175649576545  0.26499470000221381  0.27575091189278017  0.28638804983766464
  0.29703858659621535  0.30729125068528629  0.31782580678684469  0.32812466967490783
  0.33836951339683430  0.34864920566313568  0.35904793585027056  0.36977402003028009
  0.38019318304591354  0.39063884341961363  0.40169881741587365  0.41330579991661165
  0.42462164078579367  0.43555358649190395  0.44625985003632440  0.45711616122965371
  0.46759255683166201  0.47817321610518027  0.48815858939240675  0.49802592880842894
  0.50775104511478875  0.51758367170438435  0.52783297354762038  0.53820276032303027
  0.54847749782870525  0.55871253526647568  0.56873247496051993  0.57897216925257045
  0.58953594750630578  0.60035029079044688  0.61096821709933891  0.62157669338880339
  0.63222158249008675  0.64267692723422687  0.65308744418065623  0.66371241756882082
  0.67469717546822483  0.68575752207994167  0.69669475189357233  0.70774482995756161
  0.71839501659227767  0.72881273395133361  0.73978429729970574  0.75073097681786460
  0.76093463148590401  0.77122537044334094  0.78143492042413532  0.79182785509398579
  0.80209662364409295  0.81228435352120076  0.82317591044974481  0.83406416331504252
  0.84509443997638178  0.85603851217880222  0.86638685516654956  0.87691291039477293
  0.88734615246921866  0.89767736024612899  0.90783249068780258  0.91822662228611740
  0.92878198020904412  0.93908334273891236  0.94929717936311098  0.95972293891604854
  0.96978458429908565  0.97996681993167978  0.98978835771515938  1.00000000000000000
 -0.00248530645296132  0.00958883709519228  0.01962622474796520  0.02986892269665883
  0.03993509294311755  0.05040637783005508  0.06080743995599878  0.07115953475783537
  0.08156577737021450  0.09197810193261323  0.10247866326297846  0.11281342306875022
  0.12298772787780254  0.13308328917228446  0.14326994140597005  0.15409919643983366
  0.16491170142528952  0.17533092458225308  0.18561901912215675  0.19618654560439747
  0.20677462057132961  0.21740647228319179  0.22802886010735327  0.23887079214092533
  0.24934649981610266  0.25956654019597353  0.26982761285815016  0.28012552988954331
  0.29035016424349114  0.30097222614725122  0.31182632232090718  0.32288669765955053
  0.33380808971285814  0.34470307636634712  0.35577745145258599  0.36628835929419640
  0.37696796999246507  0.38731543628126547  0.39804997727307151  0.40836802664302341
  0.41942521424621104  0.43023838569939227  0.44122934341458703  0.45172516524143941
  0.46251059388386867  0.47320331581743219  0.48368292389907647  0.49385111845828139
  0.50425041506963419  0.51481712100103372  0.52550668781574661  0.53636195702441747
  0.54761410287287016  0.55916316635630048  0.56997292183668502  0.58034014441495374
  0.59022724047296382  0.60014281083851706  0.61003139085682367  0.62014190787319734
  0.63075079152563085  0.64147693621871438  0.65191501271853847  0.66195243241109614
  0.67212985907150968  0.68238512130024531  0.69243242105971436  0.70224839924566440
  0.71223762419593639  0.72256627632094483  0.73276189713894091  0.74311785351047532
  0.75364091708498038  0.76451069162387064  0.77506731694073461  0.78566484643290413
  0.79616283288021594  0.80672092480943869  0.81713972491370390  0.82743616476761284
  0.83802101783105321  0.84841363786082435  0.85872387338627543  0.86920318022399057
  0.87997251912107211  0.89092909562241629  0.90205824687592606  0.91298569946870056
  0.92428732941592617  0.93566398898405312  0.94680902584146176  0.95810932756225897
  0.96850775287710555  0.97927913807027189  0.98947167924879798  1.00000000000000000
   4.4514699505067630E-014  -1.0000000000000000     
 T F F F F F F F T F F F F F F F
