   0.0000000000000000        0.0000000000000000        0.0000000000000000        0.0000000000000000        0.0000000000000000        0.0000000000000000        0.0000000000000000        0.0000000000000000        0.0000000000000000        0.0000000000000000     
   6.3753752046145982E-004   1.9656568169828985E-003   1.6220924620916580E-002   1.9262756152874122E-003   2.3290244559741668E-002  0.44790443534287694       0.11784607300856656        8.0880244772617627E-002   1.6787031741751706E-002   1.6867022610471186E-002
  0.40990156251092014       0.37799132250407635       0.43728151606668225       0.39401598201788773       0.43149235197430741       0.33290906026879541       0.29522668323249746       0.29581344932843484       0.42879604317654074       0.45096427053501348     
   1.2714809018803696E-003   3.6594482823473265E-003   3.1108222754685597E-002   3.7220571802777766E-003   4.5710763873139840E-002  0.59723508848354234       0.17474087908697117       0.14480310158587290        3.4207631501246401E-002   3.2416874408225056E-002
  0.55365112298966923       0.53861485160941225       0.37281070875029459       0.47592167415824860       0.55331173690507163       0.52713464761853057       0.44677952433810153       0.37104819699463903       0.45246717655115370       0.33574881010166907     
   1.8395053092661227E-003   5.3366709246391317E-003   4.6975786100395024E-002   5.4903476206678153E-003   6.7330041088183315E-002  0.64911162086607699       0.20370310105375661       0.18565206391890718        4.4705207208114599E-002   4.6537756017714468E-002
  0.38612895977440731       0.43993743487728776       0.40380735635372400       0.58149910827482709       0.45321839577737832       0.47472882550990075       0.43177200173099350       0.35352285230817837       0.37110755445508281       0.36257170069450484     
   2.3722130867175318E-003   7.0979146515014625E-003   6.3444809166128852E-002   7.3992456621963165E-003   8.6947097024155734E-002  0.68619620910014412       0.22595553201911350       0.21409196649537723        5.4093354144348398E-002   6.1763487126989564E-002
  0.44408677991566536       0.51256754719617248       0.42535275747763712       0.66066869307333365       0.41653541097192481       0.45569533129029022       0.39229599810842181       0.35827957276594752       0.35766061665083843       0.40449028547813293     
   2.8815762450438466E-003   9.0147811562341050E-003   8.0014665543429855E-002   9.3414589368905152E-003  0.10706714947385806       0.71584338060732600       0.24326483782817768       0.23369509112583367        6.3883190887040975E-002   7.4329036624502229E-002
  0.43705318244363450       0.48884623186747594       0.39707862731468241       0.65952569307820030       0.53335719860667175       0.39524639579812154       0.33654198665694512       0.40579829000782980       0.42102155978883210       0.35060506134401825     
   3.5038278228815885E-003   1.1007258260499466E-002   9.6826897899906950E-002   1.0930767933189086E-002  0.12642876469665557       0.74060493397964877       0.25959266458012559       0.24842969732877385        7.5140952657306762E-002   8.2715200681646311E-002
  0.49049052585100256       0.42792089126425525       0.35417440660580496       0.50467187699270577       0.57484748502906091       0.40800437285263846       0.35852607117961049       0.62203666980844974       0.34223167927406095       0.33339180106436345     
   4.0385376575766026E-003   1.3272125081115208E-002  0.11403612019071137        1.2859410978703238E-002  0.14348303574240934       0.76149388120352846       0.27408392344164706       0.26241645122673768        8.8635787358778279E-002   9.2147986544150309E-002
  0.41643552979393067       0.36611790421466306       0.43067666390404113       0.49859497475206516       0.48025270530100067       0.36832804853310275       0.39163549781925333       0.44139124777594019       0.46930072422309771       0.41140805614883019     
   4.8062397166296128E-003   1.5770617287330275E-002  0.13037000626602935        1.4789988569979769E-002  0.16068320697349278       0.78002860195650503       0.28769263793240996       0.27494219102629558       0.10190487269790457       0.10613340560870300     
  0.55481127971550370       0.38846812346566645       0.39992495882034212       0.42858315058803925       0.42987219536537524       0.43736920388213896       0.33259249462069479       0.47105995446584426       0.56961221844399357       0.44674008335544402     
   5.4432117640807543E-003   1.8927072024168115E-002  0.14559900966349376        1.6693429883781499E-002  0.17563595709467669       0.79721284650245905       0.30025970418579584       0.28644281980238584       0.11528648109674312       0.12149882075745204     
  0.39705342505375479       0.37819235780895705       0.45142530909619677       0.48438312523820104       0.39529690869456963       0.38781307276648974       0.32246258096654251       0.46131603009739930       0.41753651903929828       0.42405463387644160     
   6.1167493601994834E-003   2.2997311053653213E-002  0.16039832747995453        1.8602405102117883E-002  0.18825864423616920       0.81104191555918148       0.31142652566688461       0.29779504049065647       0.13000002561359647       0.13621407769597282     
  0.41683571943340109       0.50209415190563456       0.37985176021359268       0.40183581888873104       0.33405084928214390       0.39963612194499587       0.41916053437034806       0.50320741974499417       0.46123047980793819       0.41164216159569433     
   6.8961660521847353E-003   2.7823131687058810E-002  0.17479962847477848        2.0714088077356387E-002  0.20155026603986981       0.82388894849227157       0.32023545505379153       0.30812580243487286       0.14466151391074408       0.15131953672807175     
  0.38029499738322431       0.43333121672336600       0.39510081710090950       0.47074579412751366       0.36791675012410402       0.35234196898782683       0.35274362174694707       0.49897885091886440       0.44155047560921457       0.39091690312243366     
   7.7099049402157413E-003   3.2198484417845410E-002  0.18938313429238648        2.2910617351324623E-002  0.21474751894557290       0.83553245606790849       0.32672659240998198       0.31791915095728218       0.15944980348340027       0.16812117276591018     
  0.47831279795762088       0.43816897652475695       0.39470960786466663       0.42016428264634254       0.41899352841082999       0.44104945597697698       0.33290906026879541       0.38644783183450415       0.47297782005610378       0.38399160450150316     
   8.6106148319098075E-003   3.6191296341866221E-002  0.20519384388770495        2.5196904500774515E-002  0.22899155965258031       0.84640426632582499       0.33231557977651133       0.32787643403917882       0.17412660603836250       0.18630457649557042     
  0.39593856695087115       0.40301399273117444       0.39351921352235647       0.52088951464555955       0.37879180513416871       0.39978822061501673       0.34784116874047244       0.42039530858101137       0.38423974824053753       0.41922817539476614     
   9.7197749545386639E-003   4.0596148295104884E-002  0.22179345447631041        2.7543486654488532E-002  0.24499462881822795       0.85617004230501426       0.33966774326766513       0.33789502357875550       0.18824925209828935       0.20431171053257868     
  0.41140286978701235       0.32996164757481650       0.39806298048404859       0.42008764701479900       0.49538772655585250       0.39828091693836482       0.38735992366519784       0.43033106192416043       0.45378381496604620       0.38077122292579385     
   1.0933758008731856E-002   4.6158329791435235E-002  0.23850620026450972        2.9949383361051688E-002  0.26046460982409980       0.86493675079547505       0.35074757583972754       0.34782813853592975       0.20140916718819560       0.22174849860456933     
  0.48708301064290549       0.42245598089757985       0.43978629275573206       0.38669753942167789       0.43182407560151409       0.33348425999233483       0.46610879302073871       0.44799304754570551       0.40305234641405080       0.40167581046098350     
   1.2146148797699888E-002   5.3239768958848750E-002  0.25519883765946560        3.2664801757338324E-002  0.27688061147686871       0.87321795324907825       0.36264801602937868       0.35814914359223832       0.21438641864285463       0.23830087475117853     
  0.51864455661967324       0.41092351109301506       0.44885451077293270       0.33788880464290588       0.33177154399298708       0.34725484461823308       0.47794654442890266       0.37002467395514266       0.36307616459247688       0.46004542494628853     
   1.3389623867554504E-002   6.1464667652266436E-002  0.27214829072338742        3.5584677459312132E-002  0.28883697256777585       0.88112141698363489       0.37418573552302792       0.36841455922530236       0.22754207005129765       0.25320385641708254     
  0.41286921793239106       0.40253846939696719       0.49674881475779270       0.41327918788919787       0.39287417289384752       0.46566051623625354       0.46290569472241494       0.37732481282257052       0.39306180736036267       0.36574042488826480     
   1.4703928338366755E-002   7.0507514128053020E-002  0.28919471521688050        3.8657352269732326E-002  0.30009203958235497       0.88823094247062595       0.38600760679112639       0.37873798814717852       0.24151891895892691       0.26952542866596280     
  0.39730689528310875       0.40037802486339302       0.47366737819479565       0.45360928640220843       0.36847822458535606       0.39429229264670146       0.35946691039178752       0.37906909866172289       0.45658394019705423       0.51800285950815805     
   1.6061343405820074E-002   7.9326746572481094E-002  0.30541646119347787        4.1747012874617490E-002  0.31039303061146134       0.89478089517000825       0.39639872370642248       0.38970275015660466       0.25574897292873661       0.28636666357581697     
  0.46510797748978783       0.50874221821404519       0.39109168156113067       0.47889709797300861       0.34480392078792999       0.37748509316086531       0.46679612167072726       0.52001763488129282       0.40520769953779556       0.40198564455596364     
   1.7601941098797765E-002   8.9197575267703902E-002  0.32109029897418367        4.4895802797660804E-002  0.32036613018678711       0.90104433511039861       0.40686246495492639       0.40126560752584151       0.27036521948291337       0.30385384692658562     
  0.49879581368342069       0.42933700066204367       0.39555640999936315       0.37879144054462871       0.32136452772155533       0.35847048375420482       0.46115773704566959       0.39731300132935615       0.35525664668234774       0.35120139736860784     
   1.9196085852546358E-002   9.9529989026635249E-002  0.33709096282338441        4.8106291427522339E-002  0.33146052836808204       0.90700253068202807       0.41758885264564433       0.41292632155146847       0.28626700216064888       0.32088664619108553     
  0.39709464061588284       0.40903411084051944       0.50271832808071348       0.36158273371681154       0.39361779377182116       0.39480774646375255       0.38450576775788403       0.42425318423559472       0.38565049936493812       0.46395127698952349     
   2.0820411289095411E-002  0.11134734158395432       0.35337959300350352        5.1181039830434254E-002  0.34189816109445470       0.91281649108518725       0.42731000204245095       0.42379623708864800       0.30141429860150099       0.33706193677286328     
  0.44080412498108085       0.39410514858293999       0.34900884449055819       0.39355809102099637       0.31477365068479213       0.34902953611008503       0.40028693047792513       0.44447606945335133       0.36721960328650616       0.34788089335712652     
   2.2494792645949759E-002  0.12409755552268151       0.36957095160570025        5.4747689780695379E-002  0.35409895064077679       0.91853371751321944       0.43706123219403786       0.43421988555377633       0.31415315134775201       0.35240793783912289     
  0.42741692172667767       0.39776859388473035       0.41903295219384945       0.49153971197329077       0.43978930599784355       0.42140019549677299       0.58208751135717685       0.38425820912085762       0.39665396247211998       0.37925470158615926     
   2.4035255976254555E-002  0.13753423157989614       0.38455645403554323        5.7426804000144341E-002  0.36743518227846605       0.92411261593021832       0.44704125451277987       0.44358923305818060       0.32732616846301954       0.36877553189237061     
  0.34324388196439942       0.45983298132835726       0.37367340104081015       0.36213701871566711       0.40358180242050934       0.36631894242375795       0.47659960979005250       0.40255491250752606       0.33556688126282264       0.44854870357637139     
   2.5640197721549428E-002  0.15154420911467323       0.39832809194384333        6.0127206492504887E-002  0.38098275907820633       0.92917088988668273       0.45721240191877394       0.45268255534745616       0.34172656734855938       0.38617974387219134     
  0.35270080346515298       0.41290018677171597       0.38063541118993588       0.34148072831265464       0.38511622971205473       0.47474693755064568       0.42285749060120664       0.40982279287906109       0.39273196552136524       0.40197334964871845     
   2.7318362386782515E-002  0.16639712068190776       0.41389467109807737        6.3070081264226543E-002  0.39524541913802191       0.93376811333577758       0.46773144803987216       0.46096795119656336       0.35625304466414742       0.40316183847343801     
  0.34911928066704617       0.36920195600193390       0.39620365031065213       0.38424174313836462       0.33020481687270459       0.40734573216169301       0.46377585300447349       0.36257813429547409       0.42654587836195895       0.38145047094940221     
   2.9177268667544776E-002  0.18177612994317005       0.43022012195086018        6.6132724908111687E-002  0.41010750591451089       0.93795494650923794       0.47690557490288704       0.46926964755443146       0.37347379418010884       0.41964804554103069     
  0.35856804889340876       0.48724033033767983       0.43927613859264580       0.31589731668549009       0.36213839598618425       0.37648328433448697       0.40686604054849318       0.33610831732956176       0.39445484556649457       0.38685122923486437     
   3.1237110260263774E-002  0.19733928668384992       0.44586948806641241        6.9813479548289106E-002  0.42639289719345574       0.94162687031719128       0.48716418680085327       0.47875206779743251       0.39346583658406353       0.43605031505064445     
  0.38216480258519342       0.38793735479951419       0.39109949416013529       0.36530527297576204       0.50067461572766692       0.34154545015431537       0.35477731128905809       0.40940498674767278       0.43418899085784429       0.38110227495317317     
   3.3328861465664793E-002  0.21327154932571055       0.46156534055439657        7.3972765465123227E-002  0.44413061465714782       0.94503326164332180       0.49778075010849504       0.48995774643696788       0.41212898704350531       0.45316275193920968     
  0.39876633115933835       0.41516791956469762       0.50005748265368455       0.45771597136269648       0.33711704150964605       0.41911054509801365       0.42028349748091870       0.41006174591206024       0.34011466108580274       0.42306539797304493     
   3.5764158538442004E-002  0.22862173769262303       0.47605189838823619        7.8436525546014477E-002  0.46238397232966444       0.94819205271919926       0.50850524171865641       0.50124084206152986       0.42925556326369241       0.47040474998722459     
  0.40553837471403814       0.33561129450303051       0.35489811885285311       0.34318753002925911       0.41815502166986124       0.33477858085690992       0.33933345657321473       0.37834413217635959       0.41155091937856281       0.44124204397204148     
   3.8674436987877550E-002  0.24496118857966745       0.48960066074512681        8.3381511387274815E-002  0.48203081893334093       0.95124453164489764       0.51924556704564284       0.51261592934200950       0.44624865260433533       0.48634556109943644     
  0.41179865669209187       0.37473003262453836       0.34389646796083190       0.43909991896997830       0.33747882225835923       0.36987533831067287       0.50620315893136980       0.37259332299499037       0.42025713596345726       0.38473424936201717     
   4.1662053647427082E-002  0.26120444908871115       0.50428899255977766        8.8414047355097378E-002  0.50126491967257525       0.95421860101402756       0.52987761012771084       0.52379988890746798       0.46088792778565346       0.50075380078278797     
  0.42529869195141684       0.36448632965153588       0.37107995314794301       0.41870078394389870       0.37739807129479891       0.36863498890502305       0.48016929543856207       0.41401512204498686       0.35253258873715404       0.33698918474487077     
   4.4770145348095106E-002  0.27888410570486577       0.51925424082390381        9.3506656501303256E-002  0.51777122040797563       0.95704843713023136       0.54036871972149603       0.53544731761439546       0.47727214567811582       0.51402102214113266     
  0.42209409376111789       0.40876005729843096       0.37919340627591230       0.40647880635185363       0.42641752068043431       0.47226674471443791       0.39092281148243913       0.36477528419889643       0.43663174311401037       0.51300201905178233     
   4.7803128724338187E-002  0.29537673817781673       0.53408327867758765        9.8836396167506571E-002  0.53269088670151610       0.95959118799126308       0.55054241145319527       0.54694156977468489       0.49730707596692186       0.52711264251205903     
  0.43211510425424832       0.38279089481371942       0.32204362427088135       0.33486505313152309       0.37625426282004210       0.41035351398544945       0.42625200555378057       0.34452767518366351       0.44438956672508084       0.38709124736013456     
   5.0966434481533623E-002  0.31063299833728253       0.54978203306758655       0.10458618300218993       0.54855127739405884       0.96194231313409218       0.56013167474691539       0.55973253427613567       0.51686512170794541       0.54132394682203056     
  0.36392630608751753       0.38627411640401543       0.46676247370170382       0.45662700411017088       0.38816340003700867       0.33783088988061050       0.36920399913576718       0.38589096537113576       0.38688113582356576       0.47540673969993763     
   5.4247630494368655E-002  0.32348593219422056       0.56519920523504463       0.11048826823542092       0.56491584624045887       0.96418785974137478       0.56985770749752251       0.57460749760760543       0.53562869709572503       0.55604058133024681     
  0.39641546996763993       0.36403249375025432       0.40788748595335256       0.34638805497735503       0.36340738884339752       0.42971444319056928       0.42987565740830769       0.40192394444339152       0.44354954403004571       0.49939788809677643     
   5.7703424569492165E-002  0.33634115786619195       0.58217179551444165       0.11627682681729387       0.58249665320406308       0.96645556822454870       0.57989098492905922       0.58740757605259242       0.55374549910879167       0.57061491209996129     
  0.37633192764079759       0.33112983322556960       0.46645546312969216       0.35057566031207027       0.37047716430239602       0.33272021671016788       0.44639848784089758       0.45936218771491139       0.47873970465553495       0.38895982017011910     
   6.1471873647218442E-002  0.35138613186096629       0.60039854856670993       0.12223385644493348       0.60183771429930311       0.96883937830383415       0.59034959946354060       0.59973894556354124       0.57068125382000467       0.58501168847651119     
  0.31825862935491112       0.38988468543124288       0.45928106557752812       0.47842706949231922       0.40725267981737384       0.43529130464237492       0.44494848994738634       0.35712753656817559       0.45252896765351763       0.34542772364558683     
   6.5673298633031035E-002  0.36880688494330588       0.61858709498766240       0.12892876683432583       0.62133293182989735       0.97087699622302648       0.60211217973587472       0.60907519361341678       0.58709178977667464       0.59871133776612584     
  0.36517366159506476       0.39187978064514389       0.41985234892810203       0.35950724148471785       0.48418747535661616       0.37998983829877508       0.51329617150963380       0.29959471578667307       0.37440555561246830       0.36514679477001294     
   7.0318895904801823E-002  0.38622045282408607       0.63608038317394966       0.13636440574196421       0.63947718927383568       0.97268819271078666       0.61398823982242479       0.61808763260660304       0.60454862476262483       0.61427696052004443     
  0.39803803871882176       0.44072901790642272       0.34277285099549692       0.37260285299826490       0.39867882830287971       0.32296230797599551       0.56028074343527767       0.30220607177786751       0.42558608768117617       0.46000310957855750     
   7.5191257130613712E-002  0.40665814431019570       0.65359505726310851       0.14447054114617330       0.65644359196737057       0.97457395131636437       0.62324025398045391       0.62769599551179922       0.62241759728330326       0.62873288328107224     
  0.35381492446238105       0.36798131751284696       0.42592547038684020       0.40980388632239273       0.43285360165848208       0.38579390610293685       0.44457297235482118       0.35238664353816546       0.40764597255824664       0.43837019081092043     
   8.0377004807626981E-002  0.42710203864888113       0.67109606147084166       0.15278258753920473       0.67244512051995664       0.97642571762089381       0.63191259237478070       0.64264489974352834       0.64039552543107836       0.64278935435218232     
  0.32557331628949043       0.45823381088102672       0.41247443022835811       0.32769243141354248       0.37443376829497321       0.41233223317274692       0.40786664469608597       0.49051076364820045       0.38622970755587410       0.39841122386189787     
   8.5925238899702883E-002  0.44804355953549879       0.68863489250397714       0.16064562973553917       0.68635867541290385       0.97820388412171044       0.64035127293062954       0.65941460569430543       0.65833633955283344       0.65644083565186973     
  0.42094195434624504       0.31785544012101830       0.39549204274812977       0.39307998038890540       0.40359920741350286       0.31021470615901159       0.42445037493578874       0.53006143443100040       0.35803440395252006       0.37381879059150963     
   9.2123027827982693E-002  0.46899380857581074       0.70670357538922857       0.16923890272893466       0.69878180576850257       0.98005478764959686       0.64835473168408442       0.67500965694631954       0.67635577828622995       0.67110877033737071     
  0.37459784630745274       0.40953739329310618       0.33962521966532672       0.33989018563805301       0.33140853671278447       0.48752038817618321       0.47271326898327748       0.49954831308735553       0.55673838022569366       0.33278510051873228     
   9.8783471310067789E-002  0.49036366982865209       0.72253072481327851       0.17864535085280159       0.71056919830882603       0.98168980394396455       0.65597440684047803       0.69116355751139613       0.69521222560738150       0.68817271268636793     
  0.37442102417340950       0.45152135300854923       0.45089931259235666       0.36492496900886556       0.37256253034853953       0.41848198056288560       0.43289129960876438       0.40689220321535119       0.38606707921102723       0.37101663111327121     
  0.10605111112361706       0.51307794751925240       0.73671733365124070       0.18818125911231923       0.72405508669483243       0.98315271167652074       0.66386297049171339       0.70774955727281075       0.71437548600371525       0.70535154117035259     
  0.40680787366214682       0.37350613407333610       0.38241208989437409       0.36214626572370967       0.37324431874381542       0.41593436474560758       0.38612566321243103       0.41953394550613371       0.41000900659359724       0.44667544013375338     
  0.11432487714505493       0.53542199499969678       0.74779329774066539       0.19781832921429193       0.73916624859932067       0.98448426255396082       0.67206779753438950       0.72432461062365772       0.73321138945194542       0.72229626302649308     
  0.40332902291695316       0.40576618516862539       0.31158182651274491       0.36023670040809352       0.41900718342597132       0.45857322259036942       0.38177231800552786       0.56696027547999117       0.43494623406109933       0.44607884900948547     
  0.12352670122217309       0.55861095407614902       0.75526794392217200       0.20837853684045815       0.75356033542265910       0.98575523559129030       0.68094339178767394       0.74072849498245208       0.75177057071958464       0.73965097652849721     
  0.40266070442917684       0.37922963124330344       0.32862412294931365       0.37912184799676313       0.40242231219242336       0.44327496299275571       0.33247055684456234       0.42804440959463391       0.39639664653811213       0.45252993978373057     
  0.13362858023972035       0.58300616698835939       0.76349051344816832       0.21929883091544305       0.76706480105555919       0.98693259087736451       0.69116027530766933       0.75717276385172905       0.76862582629982668       0.75814359416594967     
  0.44972402991029631       0.44452229613450983       0.33511894579373824       0.32825698257800490       0.39319172271389247       0.40904746675719594       0.34913032811156852       0.43374008383521040       0.44145626091705581       0.42120435326498157     
  0.14394265442869791       0.61026396900867430       0.77624711915788380       0.23194340618717796       0.78018270697849323       0.98804047056445299       0.70176339975360946       0.77389537942612863       0.78515006740103488       0.77594575803180121     
  0.36651837197499865       0.37450262026973324       0.33408177032867342       0.36207375955926036       0.48976095887004828       0.40472746900567458       0.44139392543761419       0.38135763645146636       0.38966944691810690       0.43334949221782076     
  0.15451611496220802       0.63857476825720727       0.79260600863060293       0.24609917392910013       0.79371567447116553       0.98912552814498056       0.71241855575706836       0.79149223747106290       0.80319970753957659       0.79286845961898489     
  0.36629147315015137       0.43963485072106806       0.39892071993073525       0.34268198425309221       0.34867543014543656       0.49173403510885116       0.34714236865090425       0.45228199626728266       0.42163660945156006       0.54157247900678096     
  0.16666775694438021       0.66555589039970631       0.80847445128765261       0.26125868233551991       0.80764335268491050       0.99012970173683790       0.72298988749731330       0.80908760952735348       0.82085552176828336       0.80976446663550017     
  0.37093560015099275       0.43281558395338021       0.39191275033695411       0.36175124348659893       0.34586031113330062       0.42406235947254556       0.35954767958489242       0.35874723068159892       0.38623964449949572       0.42532951115341450     
  0.18059515804092510       0.69172524667740887       0.82253236055016021       0.27665722164959172       0.82221341029320449       0.99104004912246169       0.73339970375186814       0.82750420658995283       0.83745220756326511       0.82602002032349608     
  0.39445358651382845       0.37011457263940090       0.37896798784075247       0.37706736795212403       0.37094778597119915       0.41732316086472865       0.41583758369231372       0.43617167295955223       0.37013670787424863       0.48941646744678918     
  0.19533040410777941       0.71780440931462242       0.83701194479763508       0.29361389317711079       0.83664282205561091       0.99194875693825924       0.74288233409434123       0.84597308102495616       0.85408589522677425       0.84213325113670845     
  0.37466037292332749       0.36225201120754025       0.42567216599981145       0.35680309623399037       0.38257993105377536       0.35352737395771361       0.38112221683997577       0.44185615092228114       0.44190343108195190       0.37604163674875501     
  0.21182939753453375       0.74307995361403723       0.85255724967494440       0.31381664481188154       0.85086791971277187       0.99290223889847462       0.75220745339399742       0.86525523148829586       0.87030289221723611       0.85754810573373585     
  0.42391464252180616       0.35549195632361563       0.37794629224114623       0.43842204227403192       0.40058433796894299       0.43965495795474918       0.32566467376467889       0.37881532441650800       0.36026092789031777       0.39580086758924887     
  0.22858299910186106       0.76820110382334228       0.86922545395595552       0.33539401451115886       0.86515438577593518       0.99378142935252878       0.76111975380171604       0.88271330754640420       0.88691181295320787       0.87329918751544067     
  0.35616354842807452       0.33758020989269300       0.52232799067995506       0.42307870676842374       0.34560357781853196       0.39040396008722317       0.37295478797276060       0.35574382028820478       0.38769229951799866       0.40574846181050883     
  0.24825947176999277       0.79346530966065620       0.88596216712902787       0.35767080789174066       0.87972822168264908       0.99461337728893606       0.77237493015995118       0.89771407808926629       0.90389415234538384       0.88917612483002084     
  0.38120043882404936       0.37521639601665085       0.47576309625795915       0.38200979909369359       0.50587934506296173       0.44405773182615493       0.38454183975535955       0.35660452879233429       0.38099685621923912       0.45071499867450487     
  0.27047397535335316       0.82183605074291322       0.90232279438298735       0.38421282256862543       0.89504458578975621       0.99542231155309679       0.78474801034995800       0.91355963344795754       0.92097554984635133       0.90472444812105191     
  0.37283492655909500       0.41820458085511886       0.44527124861229328       0.35333831276055105       0.44008256361778164       0.51780732722742828       0.42096697935025235       0.41375352851602093       0.41421711531012673       0.33218602742439318     
  0.30059406350766971       0.84879256837284622       0.91957616593425473       0.41651879502250194       0.91096957378991561       0.99617343864958741       0.79800695303711733       0.92881534645167663       0.93723363867364307       0.92013379370835735     
  0.39808257850286910       0.35355084642956458       0.41753585709735880       0.45855691293658585       0.39143718869102362       0.56264398110529934       0.38952296070649156       0.37894497690445811       0.34307490764576554       0.35933295057696168     
  0.34249616960854079       0.87687388185851911       0.93774075083701991       0.45747096140731025       0.92477805130693624       0.99691524555736222       0.81377263414899370       0.94525709213222209       0.95212977850841374       0.93694442614125795     
  0.38701389602325886       0.37963256225090480       0.47127190719139028       0.43188786329351680       0.39682921224460938       0.40985912970183352       0.42965181264034402       0.40314947531783746       0.39770701526190433       0.39818981513182544     
  0.39668808583890630       0.90616620806870307       0.95569330457722890       0.50997127586585722       0.94176857454993346       0.99766926037661074       0.83328249371867058       0.95981214770850476       0.96591485030006019       0.95298113796683503     
  0.41237954062529586       0.39821744161561801       0.47754851718033076       0.45051780137104730       0.45296754212264534       0.41480661105007982       0.36774729508616449       0.36734511899162203       0.34036183667798969       0.44551430850208001     
  0.47128106601529157       0.93708119003512458       0.97184274578867635       0.58175596505418581       0.95891041093399720       0.99842239392991294       0.85807730745105582       0.97355013516686151       0.97849248097858355       0.97025316832093522     
  0.44589172729820936       0.40881434498216018       0.40231150607987198       0.32820841998377820       0.39014971398776344       0.42806932897323835       0.45300119137719530       0.32495121946199573       0.43937472708369141       0.35463745557850662     
  0.61276962117981504       0.96881764332972431       0.98599615815037256       0.71503288729340575       0.97984513262638584       0.99921892107086752       0.90411487702906190       0.98648387101172297       0.98958717215578040       0.98532982976656469     
  0.41979559323573473       0.45713261583864451       0.42281147134997632       0.40204170028153358       0.56540924812721005       0.52571261365080624       0.46356009328950215       0.33886985978244921       0.34762714466611622       0.38392099482618441     
   1.0000000000000000        1.0000000000000000        1.0000000000000000        1.0000000000000000        1.0000000000000000        1.0000000000000000        1.0000000000000000        1.0000000000000000        1.0000000000000000        1.0000000000000000     
  0.34081851237035410       0.45739134521887531       0.35617723303624554       0.33980187866304462       0.54861074844628555       0.32576733154049692       0.29133376856721632       0.45836624644384949       0.31764206423429431       0.35713465636983410     
  -19.126147803903329       -12.920654888775132       -14.903753311418480       -13.778591184181224       -2.9506862938555396        0.0000000000000000       -5.3872418211972537       -11.460869525116165       -11.609939880816000       -12.884291411934232     
  -6.8686253857816189       -13.406492013985543       -11.762708411010312       -12.125916168568359       -10.483615849845021       -2.8998787223635514       -11.553302947503150       -13.804262498998618       -11.258988122530049       -9.7367224354924531     
  -4.8299974889578641       -15.743656409886855       -9.1305633681934442       -9.1235739197561507       -14.435563917118186       -5.5930311943168096       -11.615352721604543       -10.985408149510361       -11.883020059493633       -8.4879084598061052     
  0.57023329840915160       -9.2658411077191261       -12.361669706475769       -8.3527654334522694       -12.778112780220047       -3.8548661203085235       -10.851185427337921       -11.371841453655195       -9.1949237117500733       -11.137970615591820     
   1.0101152917195961       -12.944757179062533       -8.7378702041077840       -6.6113113637940639       -11.839306962087106       -8.4765945869631167       -10.954014763461467       -10.413724093249185       -12.407803395977799       -10.753880772988380     
   2.0356784957354961       -9.0820538544018454       -10.120797970974539       -10.714870293311954       -15.588527819686853       -11.189091744814743       -13.776069695986473       -15.828817704759233       -14.524133346666062       -11.896050323618862     
   3.5337183713409246       -6.7842359567011439       -11.732800669293548       -9.6441958573099154       -8.4027546052956232       -11.685042110604670       -8.6249717803000010       -8.8941380318411642       -8.7722842320490155       -11.425220570119324     
   9.7337850635366756       -4.2045169580990001       -11.878697995619561       -10.419658312598276       -9.5072817359563313       -12.882754702872017       -16.619146157917751       -11.103188942309526       -11.958408187444903       -13.724184554082225     
   1.3968345153909687E-006
           1           1           1           1           1           1           1           1           1           1
   4.3611567915836704E-006   2.2022528808143250E-006  -3.3904273378009431E-008  -14.804492259200874        9.3623058731760051E-008   1.6028037263379411E-010
   7.5146891650484345E-008   5.8188969949839102E-008   1.2855006326868180E-008  0.46774747928311194        1.2849126727493216E-008   2.2577793259723772E-011
   5.0000000000000001E-003  -11.961498397906473     
