     
 Collinear #          18
 
 part:           1
 comp:           0
   1.0000000085608709        276.25000236494060        276.25000000000000     
   1.0000000008203007        276.25000022660805        276.25000000000000     
   1.0000000000816882        276.25000002256638        276.25000000000000     
   1.0000000000081657        276.25000000225577        276.25000000000000     
   1.0000000000008162        276.25000000022550        276.25000000000000     
   1.0000000000000817        276.25000000002257        276.25000000000000     
   1.0000000000000082        276.25000000000227        276.25000000000000     
   1.0000000000000007        276.25000000000017        276.25000000000000     
   1.0000000000000002        276.25000000000006        276.25000000000000     
   1.0000000000000000        276.25000000000000        276.25000000000000     
 comp:           1
   0.0000000000000000        0.0000000000000000     
   0.0000000000000000        0.0000000000000000     
   0.0000000000000000        0.0000000000000000     
   0.0000000000000000        0.0000000000000000     
   0.0000000000000000        0.0000000000000000     
   0.0000000000000000        0.0000000000000000     
   0.0000000000000000        0.0000000000000000     
   0.0000000000000000        0.0000000000000000     
   0.0000000000000000        0.0000000000000000     
   0.0000000000000000        0.0000000000000000     
 comp:           2
   0.0000000000000000        0.0000000000000000     
   0.0000000000000000        0.0000000000000000     
   0.0000000000000000        0.0000000000000000     
   0.0000000000000000        0.0000000000000000     
   0.0000000000000000        0.0000000000000000     
   0.0000000000000000        0.0000000000000000     
   0.0000000000000000        0.0000000000000000     
   0.0000000000000000        0.0000000000000000     
   0.0000000000000000        0.0000000000000000     
   0.0000000000000000        0.0000000000000000     
 comp:           3
   1.0000000085608709        276.25000236494060        276.25000000000000     
   1.0000000008203007        276.25000022660805        276.25000000000000     
   1.0000000000816882        276.25000002256638        276.25000000000000     
   1.0000000000081657        276.25000000225577        276.25000000000000     
   1.0000000000008162        276.25000000022550        276.25000000000000     
   1.0000000000000817        276.25000000002257        276.25000000000000     
   1.0000000000000082        276.25000000000227        276.25000000000000     
   1.0000000000000007        276.25000000000017        276.25000000000000     
   1.0000000000000002        276.25000000000006        276.25000000000000     
   1.0000000000000000        276.25000000000000        276.25000000000000     
 
 part:           2
 comp:           0
  0.99999999935517725        276.25004493387445        276.25004511200677     
  0.99999999993845212        276.25004509500417        276.25004511200677     
  0.99999999999387301        276.25004511031420        276.25004511200677     
  0.99999999999938760        276.25004511183761        276.25004511200677     
  0.99999999999993849        276.25004511198978        276.25004511200677     
  0.99999999999999378        276.25004511200507        276.25004511200677     
  0.99999999999999933        276.25004511200660        276.25004511200677     
  0.99999999999999956        276.25004511200666        276.25004511200677     
   1.0000000000000000        276.25004511200677        276.25004511200677     
   1.0000000000000000        276.25004511200677        276.25004511200677     
 comp:           1
   0.0000000000000000        0.0000000000000000     
   0.0000000000000000        0.0000000000000000     
   0.0000000000000000        0.0000000000000000     
   0.0000000000000000        0.0000000000000000     
   0.0000000000000000        0.0000000000000000     
   0.0000000000000000        0.0000000000000000     
   0.0000000000000000        0.0000000000000000     
   0.0000000000000000        0.0000000000000000     
   0.0000000000000000        0.0000000000000000     
   0.0000000000000000        0.0000000000000000     
 comp:           2
   0.0000000000000000        0.0000000000000000     
   0.0000000000000000        0.0000000000000000     
   0.0000000000000000        0.0000000000000000     
   0.0000000000000000        0.0000000000000000     
   0.0000000000000000        0.0000000000000000     
   0.0000000000000000        0.0000000000000000     
   0.0000000000000000        0.0000000000000000     
   0.0000000000000000        0.0000000000000000     
   0.0000000000000000        0.0000000000000000     
   0.0000000000000000        0.0000000000000000     
 comp:           3
  0.99999999935517725       -276.25004493387445       -276.25004511200677     
  0.99999999993845212       -276.25004509500417       -276.25004511200677     
  0.99999999999387301       -276.25004511031420       -276.25004511200677     
  0.99999999999938760       -276.25004511183761       -276.25004511200677     
  0.99999999999993849       -276.25004511198978       -276.25004511200677     
  0.99999999999999378       -276.25004511200507       -276.25004511200677     
  0.99999999999999933       -276.25004511200660       -276.25004511200677     
  0.99999999999999956       -276.25004511200666       -276.25004511200677     
   1.0000000000000000       -276.25004511200677       -276.25004511200677     
   1.0000000000000000       -276.25004511200677       -276.25004511200677     
 
 part:           3
 comp:           0
  0.99999999341279455        124.75939856142186        124.75939938323765     
  0.99999999795729322        124.75939912839078        124.75939938323765     
  0.99999999935527628        124.75939930280231        124.75939938323765     
  0.99999999979615950        124.75939935780663        124.75939938323765     
  0.99999999993554123        124.75939937519581        124.75939938323765     
  0.99999999997961642        124.75939938069460        124.75939938323765     
  0.99999999999355416        124.75939938243347        124.75939938323765     
  0.99999999999796163        124.75939938298335        124.75939938323765     
  0.99999999999935540        124.75939938315723        124.75939938323765     
  0.99999999999979616        124.75939938321221        124.75939938323765     
 comp:           1
   1.0000000501633706       -56.254197857764730       -56.254195035864697     
   1.0000000155557707       -56.254195910942059       -56.254195035864697     
   1.0000000049097468       -56.254195312058556       -56.254195035864697     
   1.0000000015523012       -56.254195123188154       -56.254195035864697     
   1.0000000004908713       -56.254195063478271       -56.254195035864697     
   1.0000000001552269       -56.254195044596862       -56.254195035864697     
   1.0000000000490872       -56.254195038626051       -56.254195035864697     
   1.0000000000155227       -56.254195036737912       -56.254195035864697     
   1.0000000000049087       -56.254195036140835       -56.254195035864697     
   1.0000000000015523       -56.254195035952016       -56.254195035864697     
 comp:           2
  0.99999994752335464        70.560911935364715        70.560915638164857     
  0.99999998372687771        70.560914489918446        70.560915638164857     
  0.99999999486384106        70.560915275752777        70.560915638164857     
  0.99999999837611453        70.560915523582011        70.560915638164857     
  0.99999999948649210        70.560915601931271        70.560915638164857     
  0.99999999983761489        70.560915626706816        70.560915638164857     
  0.99999999994864930        70.560915634541502        70.560915638164857     
  0.99999999998376143        70.560915637019050        70.560915638164857     
  0.99999999999486500        70.560915637802523        70.560915638164857     
  0.99999999999837608        70.560915638050275        70.560915638164857     
 comp:           3
   1.0000000000000000        70.153620431428010        70.153620431428010     
   1.0000000000000000        70.153620431428010        70.153620431428010     
   1.0000000000000000        70.153620431428010        70.153620431428010     
   1.0000000000000000        70.153620431428010        70.153620431428010     
   1.0000000000000000        70.153620431428010        70.153620431428010     
   1.0000000000000000        70.153620431428010        70.153620431428010     
   1.0000000000000000        70.153620431428010        70.153620431428010     
   1.0000000000000000        70.153620431428010        70.153620431428010     
   1.0000000000000000        70.153620431428010        70.153620431428010     
   1.0000000000000000        70.153620431428010        70.153620431428010     
 
 part:           4
 comp:           0
   1.0000000001043392        157.40923203120525        157.40923201478128     
   1.0000000000323557        157.40923201987437        157.40923201478128     
   1.0000000000102121        157.40923201638876        157.40923201478128     
   1.0000000000032288        157.40923201528952        157.40923201478128     
   1.0000000000010210        157.40923201494201        157.40923201478128     
   1.0000000000003229        157.40923201483210        157.40923201478128     
   1.0000000000001019        157.40923201479734        157.40923201478128     
   1.0000000000000324        157.40923201478637        157.40923201478128     
   1.0000000000000102        157.40923201478290        157.40923201478128     
   1.0000000000000033        157.40923201478179        157.40923201478128     
 comp:           1
   1.0000000380919605       -93.468493481892324       -93.468489921494310     
   1.0000000118124002       -93.468491025581514       -93.468489921494310     
   1.0000000037282559       -93.468490269968754       -93.468489921494310     
   1.0000000011787524       -93.468490031670527       -93.468489921494310     
   1.0000000003727472       -93.468489956334423       -93.468489921494310     
   1.0000000001178728       -93.468489932511702       -93.468489921494310     
   1.0000000000372746       -93.468489924978314       -93.468489921494310     
   1.0000000000117872       -93.468489922596049       -93.468489921494310     
   1.0000000000037275       -93.468489921842703       -93.468489921494310     
   1.0000000000011788       -93.468489921604487       -93.468489921494310     
 comp:           2
  0.99999993390058106        70.678858702272763        70.678863374104566     
  0.99999997950242570        70.678861925359314        70.678863374104566     
  0.99999999353051028        70.678862916848388        70.678863374104566     
  0.99999999795455907        70.678863229535125        70.678863374104566     
  0.99999999935318717        70.678863328388573        70.678863374104566     
  0.99999999979546017        70.678863359647920        70.678863374104566     
  0.99999999993531885        70.678863369532976        70.678863374104566     
  0.99999999997954592        70.678863372658896        70.678863374104566     
  0.99999999999353184        70.678863373647403        70.678863374104566     
  0.99999999999795464        70.678863373959999        70.678863374104566     
 comp:           3
   1.0000000000000000        105.09902943140540        105.09902943140540     
   1.0000000000000000        105.09902943140540        105.09902943140540     
   1.0000000000000000        105.09902943140540        105.09902943140540     
   1.0000000000000000        105.09902943140540        105.09902943140540     
   1.0000000000000000        105.09902943140540        105.09902943140540     
   1.0000000000000000        105.09902943140540        105.09902943140540     
   1.0000000000000000        105.09902943140540        105.09902943140540     
   1.0000000000000000        105.09902943140540        105.09902943140540     
   1.0000000000000000        105.09902943140540        105.09902943140540     
   1.0000000000000000        105.09902943140540        105.09902943140540     
 
 part:           5
 comp:           0
   1.0484750745407545        4.7298814641470099E-005   4.5112006751507737E-005
   1.0046463339039726        4.5321612197953507E-005   4.5112006751507737E-005
   1.0004627123849403        4.5132880635741170E-005   4.5112006751507737E-005
   1.0000462521150788        4.5114093277235445E-005   4.5112006751507737E-005
   1.0000046250203607        4.5112215395457470E-005   4.5112006751507737E-005
   1.0000004625001244        4.5112027615816471E-005   4.5112006751507737E-005
   1.0000000462499936        4.5112008837937758E-005   4.5112006751507737E-005
   1.0000000046249995        4.5112006960150742E-005   4.5112006751507737E-005
   1.0000000004624996        4.5112006772372022E-005   4.5112006751507737E-005
   1.0000000000462497        4.5112006753594155E-005   4.5112006751507737E-005
 comp:           1
   1.2496852173083310E-005   0.0000000000000000     
   3.8753011642897746E-006   0.0000000000000000     
   1.2231311322168725E-006   0.0000000000000000     
   3.8671404289975016E-007   0.0000000000000000     
   1.2228737905237521E-007   0.0000000000000000     
   3.8670590732899735E-008   0.0000000000000000     
   1.2228712176056535E-008   0.0000000000000000     
   3.8670582683301325E-009   0.0000000000000000     
   1.2228711751900300E-009   0.0000000000000000     
   3.8670584116224747E-010   0.0000000000000000     
 comp:           2
   1.6397939548809507E-005   0.0000000000000000     
   5.0850368833142794E-006   0.0000000000000000     
   1.6049505978440846E-006   0.0000000000000000     
   5.0743286471806424E-007   0.0000000000000000     
   1.6046129229265348E-007   0.0000000000000000     
   5.0742218950197367E-008   0.0000000000000000     
   1.6046095468319104E-008   0.0000000000000000     
   5.0742208387791235E-009   0.0000000000000000     
   1.6046094911755884E-009   0.0000000000000000     
   5.0742210268024059E-010   0.0000000000000000     
 comp:           3
  0.94362758243539824       -4.2568933869734611E-005  -4.5112006751507737E-005
  0.99459987218851587       -4.4868396149217059E-005  -4.5112006751507737E-005
  0.99946224983576271       -4.5087747762468038E-005  -4.5112006751507737E-005
  0.99994624750619654       -4.5109581868644363E-005  -4.5112006751507737E-005
  0.99999462497574343       -4.5111764273377186E-005  -4.5112006751507737E-005
  0.99999946249982508       -4.5111982503796219E-005  -4.5112006751507737E-005
  0.99999994625000521       -4.5112004326737608E-005  -4.5112006751507737E-005
  0.99999999462500089       -4.5112006509030739E-005  -4.5112006751507737E-005
  0.99999999946249973       -4.5112006727260023E-005  -4.5112006751507737E-005
  0.99999999994624966       -4.5112006749082953E-005  -4.5112006751507737E-005
 
 part:           6
 comp:           0
   1.0000000029792775        270.33136940737324        270.33136860198107     
   1.0000000009238805        270.33136885173496        270.33136860198107     
   1.0000000002915972        270.33136868080891        270.33136860198107     
   1.0000000000921934        270.33136862690384        270.33136860198107     
   1.0000000000291536        270.33136860986218        270.33136860198107     
   1.0000000000092193        270.33136860447331        270.33136860198107     
   1.0000000000029154        270.33136860276920        270.33136860198107     
   1.0000000000009219        270.33136860223027        270.33136860198107     
   1.0000000000002915        270.33136860205985        270.33136860198107     
   1.0000000000000921        270.33136860200597        270.33136860198107     
 comp:           1
  0.99999995916080353        149.72267884280487        149.72268495735901     
  0.99999998733567586        149.72268306122240        149.72268495735901     
  0.99999999600285805        149.72268435889617        149.72268495735901     
  0.99999999873623446        149.72268476814463        149.72268495735901     
  0.99999999960036989        149.72268489752531        149.72268495735901     
  0.99999999987362609        149.72268493843796        149.72268495735901     
  0.99999999996003697        149.72268495137564        149.72268495735901     
  0.99999999998736266        149.72268495546692        149.72268495735901     
  0.99999999999600375        149.72268495676067        149.72268495735901     
  0.99999999999873634        149.72268495716980        149.72268495735901     
 comp:           2
   1.0000000568062883       -141.23978703557702       -141.23977901226942     
   1.0000000176157542       -141.23978150031465       -141.23977901226942     
   1.0000000055599234       -141.23977979755176       -141.23977901226942     
   1.0000000017578659       -141.23977926054999       -141.23977901226942     
   1.0000000005558753       -141.23977909078113       -141.23977901226942     
   1.0000000001757829       -141.23977903709695       -141.23977901226942     
   1.0000000000555875       -141.23977902012058       -141.23977901226942     
   1.0000000000175782       -141.23977901475217       -141.23977901226942     
   1.0000000000055589       -141.23977901305454       -141.23977901226942     
   1.0000000000017577       -141.23977901251769       -141.23977901226942     
 comp:           3
   1.0000000000000000       -175.25264986283341       -175.25264986283341     
   1.0000000000000000       -175.25264986283341       -175.25264986283341     
   1.0000000000000000       -175.25264986283341       -175.25264986283341     
   1.0000000000000000       -175.25264986283341       -175.25264986283341     
   1.0000000000000000       -175.25264986283341       -175.25264986283341     
   1.0000000000000000       -175.25264986283341       -175.25264986283341     
   1.0000000000000000       -175.25264986283341       -175.25264986283341     
   1.0000000000000000       -175.25264986283341       -175.25264986283341     
   1.0000000000000000       -175.25264986283341       -175.25264986283341     
   1.0000000000000000       -175.25264986283341       -175.25264986283341     
 
 part: i_fks+j_fks
 comp:           0
   1.0000000072712214        276.25009223268910        276.25009022401355     
   1.0000000006972045        276.25009041661639        276.25009022401355     
   1.0000000000694345        276.25009024319485        276.25009022401355     
   1.0000000000069404        276.25009022593088        276.25009022401355     
   1.0000000000006937        276.25009022420517        276.25009022401355     
   1.0000000000000693        276.25009022403270        276.25009022401355     
   1.0000000000000069        276.25009022401542        276.25009022401355     
   1.0000000000000002        276.25009022401360        276.25009022401355     
   1.0000000000000000        276.25009022401355        276.25009022401355     
   1.0000000000000000        276.25009022401355        276.25009022401355     
 comp:           1
   1.2496852173083310E-005   0.0000000000000000     
   3.8753011642897746E-006   0.0000000000000000     
   1.2231311322168725E-006   0.0000000000000000     
   3.8671404289975016E-007   0.0000000000000000     
   1.2228737905237521E-007   0.0000000000000000     
   3.8670590732899735E-008   0.0000000000000000     
   1.2228712176056535E-008   0.0000000000000000     
   3.8670582683301325E-009   0.0000000000000000     
   1.2228711751900300E-009   0.0000000000000000     
   3.8670584116224747E-010   0.0000000000000000     
 comp:           2
   1.6397939548809507E-005   0.0000000000000000     
   5.0850368833142794E-006   0.0000000000000000     
   1.6049505978440846E-006   0.0000000000000000     
   5.0743286471806424E-007   0.0000000000000000     
   1.6046129229265348E-007   0.0000000000000000     
   5.0742218950197367E-008   0.0000000000000000     
   1.6046095468319104E-008   0.0000000000000000     
   5.0742208387791235E-009   0.0000000000000000     
   1.6046094911755884E-009   0.0000000000000000     
   5.0742210268024059E-010   0.0000000000000000     
 comp:           3
  0.99999999014948648       -276.25008750280830       -276.25009022401355     
  0.99999999905660408       -276.25008996340034       -276.25009022401355     
  0.99999999990605770       -276.25009019806197       -276.25009022401355     
  0.99999999999060973       -276.25009022141950       -276.25009022401355     
  0.99999999999906064       -276.25009022375406       -276.25009022401355     
  0.99999999999990596       -276.25009022398757       -276.25009022401355     
  0.99999999999999056       -276.25009022401093       -276.25009022401355     
  0.99999999999999856       -276.25009022401315       -276.25009022401355     
  0.99999999999999978       -276.25009022401349       -276.25009022401355     
   1.0000000000000000       -276.25009022401355       -276.25009022401355     
     
 Collinear #          57
 
 part:           1
 comp:           0
   1.0000000165764225        276.25000457923670        276.25000000000000     
   1.0000000015883488        276.25000043878134        276.25000000000000     
   1.0000000001581735        276.25000004369542        276.25000000000000     
   1.0000000000158107        276.25000000436768        276.25000000000000     
   1.0000000000015810        276.25000000043673        276.25000000000000     
   1.0000000000001581        276.25000000004366        276.25000000000000     
   1.0000000000000158        276.25000000000438        276.25000000000000     
   1.0000000000000016        276.25000000000045        276.25000000000000     
   1.0000000000000002        276.25000000000006        276.25000000000000     
   1.0000000000000000        276.25000000000000        276.25000000000000     
 comp:           1
   0.0000000000000000        0.0000000000000000     
   0.0000000000000000        0.0000000000000000     
   0.0000000000000000        0.0000000000000000     
   0.0000000000000000        0.0000000000000000     
   0.0000000000000000        0.0000000000000000     
   0.0000000000000000        0.0000000000000000     
   0.0000000000000000        0.0000000000000000     
   0.0000000000000000        0.0000000000000000     
   0.0000000000000000        0.0000000000000000     
   0.0000000000000000        0.0000000000000000     
 comp:           2
   0.0000000000000000        0.0000000000000000     
   0.0000000000000000        0.0000000000000000     
   0.0000000000000000        0.0000000000000000     
   0.0000000000000000        0.0000000000000000     
   0.0000000000000000        0.0000000000000000     
   0.0000000000000000        0.0000000000000000     
   0.0000000000000000        0.0000000000000000     
   0.0000000000000000        0.0000000000000000     
   0.0000000000000000        0.0000000000000000     
   0.0000000000000000        0.0000000000000000     
 comp:           3
   1.0000000165764225        276.25000457923670        276.25000000000000     
   1.0000000015883488        276.25000043878134        276.25000000000000     
   1.0000000001581735        276.25000004369542        276.25000000000000     
   1.0000000000158107        276.25000000436768        276.25000000000000     
   1.0000000000015810        276.25000000043673        276.25000000000000     
   1.0000000000001581        276.25000000004366        276.25000000000000     
   1.0000000000000158        276.25000000000438        276.25000000000000     
   1.0000000000000016        276.25000000000045        276.25000000000000     
   1.0000000000000002        276.25000000000006        276.25000000000000     
   1.0000000000000000        276.25000000000000        276.25000000000000     
 
 part:           2
 comp:           0
  0.99999999875143042        276.25008700550939        276.25008735042684     
  0.99999999988082533        276.25008731750484        276.25008735042684     
  0.99999999998813660        276.25008734714959        276.25008735042684     
  0.99999999999881417        276.25008735009925        276.25008735042684     
  0.99999999999988143        276.25008735039410        276.25008735042684     
  0.99999999999998823        276.25008735042360        276.25008735042684     
  0.99999999999999922        276.25008735042661        276.25008735042684     
   1.0000000000000002        276.25008735042690        276.25008735042684     
   1.0000000000000004        276.25008735042695        276.25008735042684     
   1.0000000000000000        276.25008735042684        276.25008735042684     
 comp:           1
   0.0000000000000000        0.0000000000000000     
   0.0000000000000000        0.0000000000000000     
   0.0000000000000000        0.0000000000000000     
   0.0000000000000000        0.0000000000000000     
   0.0000000000000000        0.0000000000000000     
   0.0000000000000000        0.0000000000000000     
   0.0000000000000000        0.0000000000000000     
   0.0000000000000000        0.0000000000000000     
   0.0000000000000000        0.0000000000000000     
   0.0000000000000000        0.0000000000000000     
 comp:           2
   0.0000000000000000        0.0000000000000000     
   0.0000000000000000        0.0000000000000000     
   0.0000000000000000        0.0000000000000000     
   0.0000000000000000        0.0000000000000000     
   0.0000000000000000        0.0000000000000000     
   0.0000000000000000        0.0000000000000000     
   0.0000000000000000        0.0000000000000000     
   0.0000000000000000        0.0000000000000000     
   0.0000000000000000        0.0000000000000000     
   0.0000000000000000        0.0000000000000000     
 comp:           3
  0.99999999875143042       -276.25008700550939       -276.25008735042684     
  0.99999999988082533       -276.25008731750484       -276.25008735042684     
  0.99999999998813660       -276.25008734714959       -276.25008735042684     
  0.99999999999881417       -276.25008735009925       -276.25008735042684     
  0.99999999999988143       -276.25008735039410       -276.25008735042684     
  0.99999999999998823       -276.25008735042360       -276.25008735042684     
  0.99999999999999922       -276.25008735042661       -276.25008735042684     
   1.0000000000000002       -276.25008735042690       -276.25008735042684     
   1.0000000000000004       -276.25008735042695       -276.25008735042684     
   1.0000000000000000       -276.25008735042684       -276.25008735042684     
 
 part:           3
 comp:           0
   1.0000000544478473        216.21800258201469        216.21799080941054     
   1.0000000168843959        216.21799446012071        216.21799080941054     
   1.0000000053290903        216.21799196165574        216.21799080941054     
   1.0000000016848840        216.21799117371276        216.21799080941054     
   1.0000000005327971        216.21799092461086        216.21799080941054     
   1.0000000001684850        216.21799084584001        216.21799080941054     
   1.0000000000532796        216.21799082093054        216.21799080941054     
   1.0000000000168485        216.21799081305349        216.21799080941054     
   1.0000000000053280        216.21799081056253        216.21799080941054     
   1.0000000000016849        216.21799080977482        216.21799080941054     
 comp:           1
   1.0000000980859398        159.14932841861958        159.14931280830965     
   1.0000000304166639        159.14931764910079        159.14931280830965     
   1.0000000096001747        159.14931433617085        159.14931280830965     
   1.0000000030352612        159.14931329136937        159.14931280830965     
   1.0000000009598158        159.14931296106366        159.14931280830965     
   1.0000000003035199        159.14931285661461        159.14931280830965     
   1.0000000000959812        159.14931282358501        159.14931280830965     
   1.0000000000303519        159.14931281314014        159.14931280830965     
   1.0000000000095981        159.14931280983717        159.14931280830965     
   1.0000000000030351        159.14931280879270        159.14931280830965     
 comp:           2
   1.0000000063972971       -97.711684473528180       -97.711683848437502     
   1.0000000019838158       -97.711684042279487       -97.711683848437502     
   1.0000000006261363       -97.711683909618330       -97.711683848437502     
   1.0000000001979639       -97.711683867780877       -97.711683848437502     
   1.0000000000626004       -97.711683854554295       -97.711683848437502     
   1.0000000000197959       -97.711683850371799       -97.711683848437502     
   1.0000000000062601       -97.711683849049180       -97.711683848437502     
   1.0000000000019795       -97.711683848630926       -97.711683848437502     
   1.0000000000006259       -97.711683848498666       -97.711683848437502     
   1.0000000000001978       -97.711683848456843       -97.711683848437502     
 comp:           3
   1.0000000000000000        96.820156071988293        96.820156071988293     
   1.0000000000000000        96.820156071988293        96.820156071988293     
   1.0000000000000000        96.820156071988293        96.820156071988293     
   1.0000000000000000        96.820156071988293        96.820156071988293     
   1.0000000000000000        96.820156071988293        96.820156071988293     
   1.0000000000000000        96.820156071988293        96.820156071988293     
   1.0000000000000000        96.820156071988293        96.820156071988293     
   1.0000000000000000        96.820156071988293        96.820156071988293     
   1.0000000000000000        96.820156071988293        96.820156071988293     
   1.0000000000000000        96.820156071988293        96.820156071988293     
 
 part:           4
 comp:           0
   1.0000000334365104        65.379493384279542        65.379491198217508     
   1.0000000103687345        65.379491876120099        65.379491198217508     
   1.0000000032726026        65.379491412178609        65.379491198217508     
   1.0000000010346899        65.379491265865013        65.379491198217508     
   1.0000000003271916        65.379491219609136        65.379491198217508     
   1.0000000001034668        65.379491204982116        65.379491198217508     
   1.0000000000327192        65.379491200356668        65.379491198217508     
   1.0000000000103468        65.379491198893973        65.379491198217508     
   1.0000000000032718        65.379491198431424        65.379491198217508     
   1.0000000000010347        65.379491198285152        65.379491198217508     
 comp:           1
   1.0000001668351108        28.292664449047358        28.292659728838338     
   1.0000000517359318        28.292661192585452        28.292659728838338     
   1.0000000163290093        28.292660190829437        28.292659728838338     
   1.0000000051626985        28.292659874904807        28.292659728838338     
   1.0000000016325576        28.292659775027733        28.292659728838338     
   1.0000000005162590        28.292659743444677        28.292659728838338     
   1.0000000001632554        28.292659733457267        28.292659728838338     
   1.0000000000516258        28.292659730298972        28.292659728838338     
   1.0000000000163256        28.292659729300230        28.292659728838338     
   1.0000000000051625        28.292659728984400        28.292659728838338     
 comp:           2
   1.0000000038102350       -49.606772498652028       -49.606772309638572     
   1.0000000011815622       -49.606772368252059       -49.606772309638572     
   1.0000000003729272       -49.606772328138291       -49.606772309638572     
   1.0000000001179072       -49.606772315487575       -49.606772309638572     
   1.0000000000372848       -49.606772311488157       -49.606772309638572     
   1.0000000000117906       -49.606772310223462       -49.606772309638572     
   1.0000000000037286       -49.606772309823533       -49.606772309638572     
   1.0000000000011791       -49.606772309697064       -49.606772309638572     
   1.0000000000003728       -49.606772309657067       -49.606772309638572     
   1.0000000000001179       -49.606772309644420       -49.606772309638572     
 comp:           3
   1.0000000000000000        31.830353686782168        31.830353686782168     
   1.0000000000000000        31.830353686782168        31.830353686782168     
   1.0000000000000000        31.830353686782168        31.830353686782168     
   1.0000000000000000        31.830353686782168        31.830353686782168     
   1.0000000000000000        31.830353686782168        31.830353686782168     
   1.0000000000000000        31.830353686782168        31.830353686782168     
   1.0000000000000000        31.830353686782168        31.830353686782168     
   1.0000000000000000        31.830353686782168        31.830353686782168     
   1.0000000000000000        31.830353686782168        31.830353686782168     
   1.0000000000000000        31.830353686782168        31.830353686782168     
 
 part:           5
 comp:           0
   1.0484750663440474        9.1584744624888587E-005   8.7350426886389975E-005
   1.0046463330821773        8.7756286064574526E-005   8.7350426886389975E-005
   1.0004627123027572        8.7390845003561401E-005   8.7350426886389975E-005
   1.0000462521068603        8.7354467027668617E-005   8.7350426886389975E-005
   1.0000046250195389        8.7350830883821051E-005   8.7350426886389975E-005
   1.0000004625000423        8.7350467285966102E-005   8.7350426886389975E-005
   1.0000000462499856        8.7350430926345953E-005   8.7350426886389975E-005
   1.0000000046249988        8.7350427290385592E-005   8.7350426886389975E-005
   1.0000000004624996        8.7350426926789503E-005   8.7350426886389975E-005
   1.0000000000462497        8.7350426890429902E-005   8.7350426886389975E-005
 comp:           1
  -3.9888891630016593E-005  -0.0000000000000000     
  -1.2369632409594047E-005  -0.0000000000000000     
  -3.9041307624892886E-006  -0.0000000000000000     
  -1.2343584030822871E-006  -0.0000000000000000     
  -3.9033093495096699E-007  -0.0000000000000000     
  -1.2343324350266191E-007  -0.0000000000000000     
  -3.9033011369721050E-008  -0.0000000000000000     
  -1.2343321780902272E-008  -0.0000000000000000     
  -3.9033010015850214E-009  -0.0000000000000000     
  -1.2343322238279259E-009  -0.0000000000000000     
 comp:           2
   1.5972888553790547E-006   0.0000000000000000     
   4.9532276244327207E-007   0.0000000000000000     
   1.5633486672700705E-007   0.0000000000000000     
   4.9427969547871933E-008   0.0000000000000000     
   1.5630197451706106E-008   0.0000000000000000     
   4.9426929697321583E-009   0.0000000000000000     
   1.5630164565872000E-009   0.0000000000000000     
   4.9426919408701907E-010   0.0000000000000000     
   1.5630164023735406E-010   0.0000000000000000     
   4.9426921240197182E-011   0.0000000000000000     
 comp:           3
  0.94362758942937930       -8.2426272758431414E-005  -8.7350426886389975E-005
  0.99459987289510032       -8.6878723478536226E-005  -8.7350426886389975E-005
  0.99946224990647314       -8.7303454186162205E-005  -8.7350426886389975E-005
  0.99994624751326788       -8.7345731583727719E-005  -8.7350426886389975E-005
  0.99999462497645075       -8.7349957375788421E-005  -8.7350426886389975E-005
  0.99999946249989580       -8.7350379935526422E-005  -8.7350426886389975E-005
  0.99999994625001265       -8.7350422191305633E-005  -8.7350426886389975E-005
  0.99999999462500200       -8.7350426416881604E-005  -8.7350426886389975E-005
  0.99999999946249996       -8.7350426839439115E-005  -8.7350426886389975E-005
  0.99999999994624966       -8.7350426881694864E-005  -8.7350426886389975E-005
 
 part:           6
 comp:           0
  0.99999994847347751        270.90250403370726        270.90251799237194     
  0.99999998402151236        270.90251366375941        270.90251799237194     
  0.99999999495683434        270.90251662616566        270.90251799237194     
  0.99999999840551601        270.90251756042221        270.90251799237194     
  0.99999999949578966        270.90251785578010        270.90251799237194     
  0.99999999984055499        270.90251794917788        270.90251799237194     
  0.99999999994957911        270.90251797871281        270.90251799237194     
  0.99999999998405542        270.90251798805252        270.90251799237194     
  0.99999999999495803        270.90251799100605        270.90251799237194     
  0.99999999999840550        270.90251799193999        270.90251799237194     
 comp:           1
  0.99999989565638692       -187.44195297877530       -187.44197253714796     
  0.99999996764281740       -187.44196647205382       -187.44197253714796     
  0.99999998978735416       -187.44197062286949       -187.44197253714796     
  0.99999999677109563       -187.44197193191576       -187.44197253714796     
  0.99999999897895053       -187.44197234576043       -187.44197253714796     
  0.99999999967711628       -187.44197247662601       -187.44197253714796     
  0.99999999989789523       -187.44197251800924       -187.44197253714796     
  0.99999999996771161       -187.44197253109576       -187.44197253714796     
  0.99999999998978961       -187.44197253523410       -187.44197253714796     
  0.99999999999677125       -187.44197253654275       -187.44197253714796     
 comp:           2
  0.99999999468372969        147.31845537489133        147.31845615807606     
  0.99999999835141307        147.31845591520877        147.31845615807606     
  0.99999999947966933        147.31845608142174        147.31845615807606     
  0.99999999983548848        147.31845613384047        147.31845615807606     
  0.99999999994797784        147.31845615041223        147.31845615807606     
  0.99999999998354916        147.31845615565254        147.31845615807606     
  0.99999999999479772        147.31845615730967        147.31845615807606     
  0.99999999999835487        147.31845615783371        147.31845615807606     
  0.99999999999947986        147.31845615799944        147.31845615807606     
  0.99999999999983546        147.31845615805182        147.31845615807606     
 comp:           3
   1.0000000000000000       -128.65050975877045       -128.65050975877045     
   1.0000000000000000       -128.65050975877045       -128.65050975877045     
   1.0000000000000000       -128.65050975877045       -128.65050975877045     
   1.0000000000000000       -128.65050975877045       -128.65050975877045     
   1.0000000000000000       -128.65050975877045       -128.65050975877045     
   1.0000000000000000       -128.65050975877045       -128.65050975877045     
   1.0000000000000000       -128.65050975877045       -128.65050975877045     
   1.0000000000000000       -128.65050975877045       -128.65050975877045     
   1.0000000000000000       -128.65050975877045       -128.65050975877045     
   1.0000000000000000       -128.65050975877045       -128.65050975877045     
 
 part: i_fks+j_fks
 comp:           0
   1.0000000140792680        276.25017859025400        276.25017470085373     
   1.0000000013499979        276.25017507379090        276.25017470085373     
   1.0000000001344465        276.25017473799460        276.25017470085373     
   1.0000000000134390        276.25017470456629        276.25017470085373     
   1.0000000000013438        276.25017470122498        276.25017470085373     
   1.0000000000001346        276.25017470089091        276.25017470085373     
   1.0000000000000138        276.25017470085754        276.25017470085373     
   1.0000000000000016        276.25017470085419        276.25017470085373     
   1.0000000000000007        276.25017470085390        276.25017470085373     
   1.0000000000000000        276.25017470085373        276.25017470085373     
 comp:           1
  -3.9888891630016593E-005   0.0000000000000000     
  -1.2369632409594047E-005   0.0000000000000000     
  -3.9041307624892886E-006   0.0000000000000000     
  -1.2343584030822871E-006   0.0000000000000000     
  -3.9033093495096699E-007   0.0000000000000000     
  -1.2343324350266191E-007   0.0000000000000000     
  -3.9033011369721050E-008   0.0000000000000000     
  -1.2343321780902272E-008   0.0000000000000000     
  -3.9033010015850214E-009   0.0000000000000000     
  -1.2343322238279259E-009   0.0000000000000000     
 comp:           2
   1.5972888553790547E-006   0.0000000000000000     
   4.9532276244327207E-007   0.0000000000000000     
   1.5633486672700705E-007   0.0000000000000000     
   4.9427969547871933E-008   0.0000000000000000     
   1.5630197451706106E-008   0.0000000000000000     
   4.9426929697321583E-009   0.0000000000000000     
   1.5630164565872000E-009   0.0000000000000000     
   4.9426919408701907E-010   0.0000000000000000     
   1.5630164023735406E-010   0.0000000000000000     
   4.9426921240197182E-011   0.0000000000000000     
 comp:           3
  0.99999998092644971       -276.25016943178213       -276.25017470085373     
  0.99999999817330287       -276.25017419622833       -276.25017470085373     
  0.99999999981809973       -276.25017465060375       -276.25017470085373     
  0.99999999998181754       -276.25017469583082       -276.25017470085373     
  0.99999999999818179       -276.25017470035147       -276.25017470085373     
  0.99999999999981826       -276.25017470080354       -276.25017470085373     
  0.99999999999998213       -276.25017470084879       -276.25017470085373     
  0.99999999999999856       -276.25017470085334       -276.25017470085373     
   1.0000000000000002       -276.25017470085379       -276.25017470085373     
   1.0000000000000000       -276.25017470085373       -276.25017470085373     
     
 Collinear #          66
 
 part:           1
 comp:           0
   1.0000000093287615        276.25000257707040        276.25000000000000     
   1.0000000008938796        276.25000024693423        276.25000000000000     
   1.0000000000890157        276.25000002459058        276.25000000000000     
   1.0000000000088978        276.25000000245802        276.25000000000000     
   1.0000000000008897        276.25000000024579        276.25000000000000     
   1.0000000000000888        276.25000000002456        276.25000000000000     
   1.0000000000000089        276.25000000000244        276.25000000000000     
   1.0000000000000009        276.25000000000023        276.25000000000000     
   1.0000000000000000        276.25000000000000        276.25000000000000     
   1.0000000000000000        276.25000000000000        276.25000000000000     
 comp:           1
   0.0000000000000000        0.0000000000000000     
   0.0000000000000000        0.0000000000000000     
   0.0000000000000000        0.0000000000000000     
   0.0000000000000000        0.0000000000000000     
   0.0000000000000000        0.0000000000000000     
   0.0000000000000000        0.0000000000000000     
   0.0000000000000000        0.0000000000000000     
   0.0000000000000000        0.0000000000000000     
   0.0000000000000000        0.0000000000000000     
   0.0000000000000000        0.0000000000000000     
 comp:           2
   0.0000000000000000        0.0000000000000000     
   0.0000000000000000        0.0000000000000000     
   0.0000000000000000        0.0000000000000000     
   0.0000000000000000        0.0000000000000000     
   0.0000000000000000        0.0000000000000000     
   0.0000000000000000        0.0000000000000000     
   0.0000000000000000        0.0000000000000000     
   0.0000000000000000        0.0000000000000000     
   0.0000000000000000        0.0000000000000000     
   0.0000000000000000        0.0000000000000000     
 comp:           3
   1.0000000093287615        276.25000257707040        276.25000000000000     
   1.0000000008938796        276.25000024693423        276.25000000000000     
   1.0000000000890157        276.25000002459058        276.25000000000000     
   1.0000000000088978        276.25000000245802        276.25000000000000     
   1.0000000000008897        276.25000000024579        276.25000000000000     
   1.0000000000000888        276.25000000002456        276.25000000000000     
   1.0000000000000089        276.25000000000244        276.25000000000000     
   1.0000000000000009        276.25000000000023        276.25000000000000     
   1.0000000000000000        276.25000000000000        276.25000000000000     
   1.0000000000000000        276.25000000000000        276.25000000000000     
 
 part:           2
 comp:           0
  0.99999999929733807        276.25004896434166        276.25004915845204     
  0.99999999993293154        276.25004913992439        276.25004915845204     
  0.99999999999332345        276.25004915660764        276.25004915845204     
  0.99999999999933253        276.25004915826764        276.25004915845204     
  0.99999999999993316        276.25004915843357        276.25004915845204     
  0.99999999999999301        276.25004915845011        276.25004915845204     
  0.99999999999999922        276.25004915845182        276.25004915845204     
  0.99999999999999956        276.25004915845193        276.25004915845204     
  0.99999999999999956        276.25004915845193        276.25004915845204     
   1.0000000000000000        276.25004915845204        276.25004915845204     
 comp:           1
   0.0000000000000000        0.0000000000000000     
   0.0000000000000000        0.0000000000000000     
   0.0000000000000000        0.0000000000000000     
   0.0000000000000000        0.0000000000000000     
   0.0000000000000000        0.0000000000000000     
   0.0000000000000000        0.0000000000000000     
   0.0000000000000000        0.0000000000000000     
   0.0000000000000000        0.0000000000000000     
   0.0000000000000000        0.0000000000000000     
   0.0000000000000000        0.0000000000000000     
 comp:           2
   0.0000000000000000        0.0000000000000000     
   0.0000000000000000        0.0000000000000000     
   0.0000000000000000        0.0000000000000000     
   0.0000000000000000        0.0000000000000000     
   0.0000000000000000        0.0000000000000000     
   0.0000000000000000        0.0000000000000000     
   0.0000000000000000        0.0000000000000000     
   0.0000000000000000        0.0000000000000000     
   0.0000000000000000        0.0000000000000000     
   0.0000000000000000        0.0000000000000000     
 comp:           3
  0.99999999929733807       -276.25004896434166       -276.25004915845204     
  0.99999999993293154       -276.25004913992439       -276.25004915845204     
  0.99999999999332345       -276.25004915660764       -276.25004915845204     
  0.99999999999933253       -276.25004915826764       -276.25004915845204     
  0.99999999999993316       -276.25004915843357       -276.25004915845204     
  0.99999999999999301       -276.25004915845011       -276.25004915845204     
  0.99999999999999922       -276.25004915845182       -276.25004915845204     
  0.99999999999999956       -276.25004915845193       -276.25004915845204     
  0.99999999999999956       -276.25004915845193       -276.25004915845204     
   1.0000000000000000       -276.25004915845204       -276.25004915845204     
 
 part:           3
 comp:           0
   1.0000000045399069        237.05992770743578        237.05992663120580     
   1.0000000014078347        237.05992696494701        237.05992663120580     
   1.0000000004443439        237.05992673654194        237.05992663120580     
   1.0000000001404870        237.05992666450965        237.05992663120580     
   1.0000000000444251        237.05992664173721        237.05992663120580     
   1.0000000000140483        237.05992663453611        237.05992663120580     
   1.0000000000044424        237.05992663225894        237.05992663120580     
   1.0000000000014049        237.05992663153881        237.05992663120580     
   1.0000000000004443        237.05992663131110        237.05992663120580     
   1.0000000000001406        237.05992663123911        237.05992663120580     
 comp:           1
   1.0000001522041129       -61.321456181620725       -61.321446848244307     
   1.0000000471988280       -61.321449742544722       -61.321446848244307     
   1.0000000148969985       -61.321447761749809       -61.321446848244307     
   1.0000000047099435       -61.321447137064858       -61.321446848244307     
   1.0000000014893864       -61.321446939575637       -61.321446848244307     
   1.0000000004709844       -61.321446877125751       -61.321446848244307     
   1.0000000001489384       -61.321446857377424       -61.321446848244307     
   1.0000000000470983       -61.321446851132450       -61.321446848244307     
   1.0000000000148939       -61.321446849157617       -61.321446848244307     
   1.0000000000047098       -61.321446848533121       -61.321446848244307     
 comp:           2
  0.99999998168396398       -131.59954674502907       -131.59954915541115     
  0.99999999432015718       -131.59954840794640       -131.59954915541115     
  0.99999999820731544       -131.59954891949468       -131.59954915541115     
  0.99999999943321172       -131.59954908082207       -131.59954915541115     
  0.99999999982076915       -131.59954913182446       -131.59954915541115     
  0.99999999994332245       -131.59954914795242       -131.59954915541115     
  0.99999999998207700       -131.59954915305249       -131.59954915541115     
  0.99999999999433231       -131.59954915466528       -131.59954915541115     
  0.99999999999820766       -131.59954915517528       -131.59954915541115     
  0.99999999999943334       -131.59954915533658       -131.59954915541115     
 comp:           3
   1.0000000000000000       -180.60633331343385       -180.60633331343385     
   1.0000000000000000       -180.60633331343385       -180.60633331343385     
   1.0000000000000000       -180.60633331343385       -180.60633331343385     
   1.0000000000000000       -180.60633331343385       -180.60633331343385     
   1.0000000000000000       -180.60633331343385       -180.60633331343385     
   1.0000000000000000       -180.60633331343385       -180.60633331343385     
   1.0000000000000000       -180.60633331343385       -180.60633331343385     
   1.0000000000000000       -180.60633331343385       -180.60633331343385     
   1.0000000000000000       -180.60633331343385       -180.60633331343385     
   1.0000000000000000       -180.60633331343385       -180.60633331343385     
 
 part:           4
 comp:           0
  0.99999998698308679        45.034108640663227        45.034109226868317     
  0.99999999596342648        45.034109045084826        45.034109226868317     
  0.99999999872596779        45.034109169493412        45.034109226868317     
  0.99999999959719266        45.034109208728246        45.034109226868317     
  0.99999999987262356        45.034109221132034        45.034109226868317     
  0.99999999995972022        45.034109225054351        45.034109226868317     
  0.99999999998726241        45.034109226294689        45.034109226868317     
  0.99999999999597211        45.034109226686923        45.034109226868317     
  0.99999999999872624        45.034109226810955        45.034109226868317     
  0.99999999999959721        45.034109226850177        45.034109226868317     
 comp:           1
  0.99999961866526677        4.6496009236154450        4.6496026966704491     
  0.99999988174726517        4.6496021468422146        4.6496026966704491     
  0.99999996267681013        4.6496025231324447        4.6496026966704491     
  0.99999998819962854        4.6496026418034102        4.6496026966704491     
  0.99999999626846636        4.6496026793203002        4.6496026966704491     
  0.99999999881998780        4.6496026911838610        4.6496026966704491     
  0.99999999962684738        4.6496026949354379        4.6496026966704491     
  0.99999999988199872        4.6496026961217902        4.6496026966704491     
  0.99999999996268474        4.6496026964969479        4.6496026966704491     
  0.99999999998819999        4.6496026966155837        4.6496026966704491     
 comp:           2
  0.99999998845119598       -39.649005662980166       -39.649006120878767     
  0.99999999641869064       -39.649005978883409       -39.649006120878767     
  0.99999999886965929       -39.649006076061880       -39.649006120878767     
  0.99999999964262321       -39.649006106709130       -39.649006120878767     
  0.99999999988698973       -39.649006116398020       -39.649006120878767     
  0.99999999996426303       -39.649006119461831       -39.649006120878767     
  0.99999999998869893       -39.649006120430691       -39.649006120878767     
  0.99999999999642619       -39.649006120737070       -39.649006120878767     
  0.99999999999886990       -39.649006120833960       -39.649006120878767     
  0.99999999999964262       -39.649006120864598       -39.649006120878767     
 comp:           3
   1.0000000000000000       -20.842468717672123       -20.842468717672123     
   1.0000000000000000       -20.842468717672123       -20.842468717672123     
   1.0000000000000000       -20.842468717672123       -20.842468717672123     
   1.0000000000000000       -20.842468717672123       -20.842468717672123     
   1.0000000000000000       -20.842468717672123       -20.842468717672123     
   1.0000000000000000       -20.842468717672123       -20.842468717672123     
   1.0000000000000000       -20.842468717672123       -20.842468717672123     
   1.0000000000000000       -20.842468717672123       -20.842468717672123     
   1.0000000000000000       -20.842468717672123       -20.842468717672123     
   1.0000000000000000       -20.842468717672123       -20.842468717672123     
 
 part:           5
 comp:           0
   1.0484750737555091        5.1541411587788340E-005   4.9158452001317810E-005
   1.0046463338252445        4.9386858579648191E-005   4.9158452001317810E-005
   1.0004627123770671        4.9181198225496275E-005   4.9158452001317810E-005
   1.0000462521142910        4.9160725683658147E-005   4.9158452001317810E-005
   1.0000046250202821        4.9158679360155356E-005   4.9158452001317810E-005
   1.0000004625001162        4.9158474737107575E-005   4.9158452001317810E-005
   1.0000000462499927        4.9158454274895857E-005   4.9158452001317810E-005
   1.0000000046249993        4.9158452228675615E-005   4.9158452001317810E-005
   1.0000000004624994        4.9158452024053563E-005   4.9158452001317810E-005
   1.0000000000462497        4.9158452003591375E-005   4.9158452001317810E-005
 comp:           1
   2.1752687321672776E-005   0.0000000000000000     
   6.7455558655497682E-006   0.0000000000000000     
   2.1290472748384060E-006   0.0000000000000000     
   6.7313508542840350E-007   0.0000000000000000     
   2.1285993321569203E-007   0.0000000000000000     
   6.7312092421987861E-008   0.0000000000000000     
   2.1285948535983996E-008   0.0000000000000000     
   6.7312078410427400E-009   0.0000000000000000     
   2.1285947797675025E-009   0.0000000000000000     
   6.7312080904650305E-010   0.0000000000000000     
 comp:           2
  -5.6177191647716285E-006  -0.0000000000000000     
  -1.7420669870605449E-006  -0.0000000000000000     
  -5.4983503884819196E-007  -0.0000000000000000     
  -1.7383984856545689E-007  -0.0000000000000000     
  -5.4971935584547654E-008  -0.0000000000000000     
  -1.7383619137628530E-008  -0.0000000000000000     
  -5.4971819923968979E-009  -0.0000000000000000     
  -1.7383615519086575E-009  -0.0000000000000000     
  -5.4971818017256311E-010  -0.0000000000000000     
  -1.7383616163229688E-010  -0.0000000000000000     
 comp:           3
  0.94362758310542239       -4.6387271251207437E-005  -4.9158452001317810E-005
  0.99459987225620694       -4.8892990080823572E-005  -4.9158452001317810E-005
  0.99946224984253662       -4.9132017036013445E-005  -4.9158452001317810E-005
  0.99994624750687344       -4.9155809611964498E-005  -4.9158452001317810E-005
  0.99999462497581149       -4.9158187773449234E-005  -4.9158452001317810E-005
  0.99999946249983174       -4.9158425578641588E-005  -4.9158452001317810E-005
  0.99999994625000588       -4.9158449359051304E-005  -4.9158452001317810E-005
  0.99999999462500122       -4.9158451737091187E-005  -4.9158452001317810E-005
  0.99999999946249962       -4.9158451974895125E-005  -4.9158452001317810E-005
  0.99999999994624966       -4.9158451998675528E-005  -4.9158452001317810E-005
 
 part:           6
 comp:           0
  0.99999999818781948        270.40596365190146        270.40596414192589     
  0.99999999943803863        270.40596398996820        270.40596414192589     
  0.99999999982263243        270.40596409396466        270.40596414192589     
  0.99999999994392219        270.40596412676211        270.40596414192589     
  0.99999999998226685        270.40596413713075        270.40596414192589     
  0.99999999999439226        270.40596414040954        270.40596414192589     
  0.99999999999822664        270.40596414144636        270.40596414192589     
  0.99999999999943912        270.40596414177423        270.40596414192589     
  0.99999999999982259        270.40596414187792        270.40596414192589     
  0.99999999999994382        270.40596414191072        270.40596414192589     
 comp:           1
  0.99999981214206002        56.671833505317963        56.671844151573858     
  0.99999994174484230        56.671840850146637        56.671844151573858     
  0.99999998161337822        56.671843109570091        56.671844151573858     
  0.99999999418675178        56.671843822126363        56.671844151573858     
  0.99999999816172469        56.671844047395403        56.671844151573858     
  0.99999999941868734        56.671844118629799        56.671844151573858     
  0.99999999981617294        56.671844141156036        56.671844151573858     
  0.99999999994186883        56.671844148279455        56.671844151573858     
  0.99999999998161726        56.671844150532074        56.671844151573858     
  0.99999999999418687        56.671844151244414        56.671844151573858     
 comp:           2
   1.0000000160552507        171.24855802572841        171.24855527628992     
   1.0000000049787683        171.24855612889681        171.24855527628992     
   1.0000000015714099        171.24855554539158        171.24855527628992     
   1.0000000004968284        171.24855536137107        171.24855527628992     
   1.0000000001571079        171.24855530319442        171.24855527628992     
   1.0000000000496818        171.24855528479785        171.24855527628992     
   1.0000000000157108        171.24855527898038        171.24855527628992     
   1.0000000000049682        171.24855527714072        171.24855527628992     
   1.0000000000015710        171.24855527655896        171.24855527628992     
   1.0000000000004967        171.24855527637499        171.24855527628992     
 comp:           3
   1.0000000000000000        201.44880203110597        201.44880203110597     
   1.0000000000000000        201.44880203110597        201.44880203110597     
   1.0000000000000000        201.44880203110597        201.44880203110597     
   1.0000000000000000        201.44880203110597        201.44880203110597     
   1.0000000000000000        201.44880203110597        201.44880203110597     
   1.0000000000000000        201.44880203110597        201.44880203110597     
   1.0000000000000000        201.44880203110597        201.44880203110597     
   1.0000000000000000        201.44880203110597        201.44880203110597     
   1.0000000000000000        201.44880203110597        201.44880203110597     
   1.0000000000000000        201.44880203110597        201.44880203110597     
 
 part: i_fks+j_fks
 comp:           0
   1.0000000079234332        276.25010050575327        276.25009831690403     
   1.0000000007597425        276.25009852678295        276.25009831690403     
   1.0000000000756628        276.25009833780587        276.25009831690403     
   1.0000000000075631        276.25009831899331        276.25009831690403     
   1.0000000000007563        276.25009831711293        276.25009831690403     
   1.0000000000000753        276.25009831692483        276.25009831690403     
   1.0000000000000073        276.25009831690608        276.25009831690403     
   1.0000000000000004        276.25009831690414        276.25009831690403     
  0.99999999999999978        276.25009831690397        276.25009831690403     
   1.0000000000000000        276.25009831690403        276.25009831690403     
 comp:           1
   2.1752687321672776E-005   0.0000000000000000     
   6.7455558655497682E-006   0.0000000000000000     
   2.1290472748384060E-006   0.0000000000000000     
   6.7313508542840350E-007   0.0000000000000000     
   2.1285993321569203E-007   0.0000000000000000     
   6.7312092421987861E-008   0.0000000000000000     
   2.1285948535983996E-008   0.0000000000000000     
   6.7312078410427400E-009   0.0000000000000000     
   2.1285947797675025E-009   0.0000000000000000     
   6.7312080904650305E-010   0.0000000000000000     
 comp:           2
  -5.6177191647716285E-006   0.0000000000000000     
  -1.7420669870605449E-006   0.0000000000000000     
  -5.4983503884819196E-007   0.0000000000000000     
  -1.7383984856545689E-007   0.0000000000000000     
  -5.4971935584547654E-008   0.0000000000000000     
  -1.7383619137628530E-008   0.0000000000000000     
  -5.4971819923968979E-009   0.0000000000000000     
  -1.7383615519086575E-009   0.0000000000000000     
  -5.4971818017256311E-010   0.0000000000000000     
  -1.7383616163229688E-010   0.0000000000000000     
 comp:           3
  0.99999998926591838       -276.25009535161291       -276.25009831690403     
  0.99999999897198388       -276.25009803291448       -276.25009831690403     
  0.99999999989763122       -276.25009828862466       -276.25009831690403     
  0.99999999998976741       -276.25009831407726       -276.25009831690403     
  0.99999999999897671       -276.25009831662135       -276.25009831690403     
  0.99999999999989730       -276.25009831687566       -276.25009831690403     
  0.99999999999998967       -276.25009831690119       -276.25009831690403     
  0.99999999999999878       -276.25009831690369       -276.25009831690403     
  0.99999999999999956       -276.25009831690392       -276.25009831690403     
   1.0000000000000000       -276.25009831690403       -276.25009831690403     
