   0.0000000000000000        0.0000000000000000        0.0000000000000000        0.0000000000000000        0.0000000000000000        0.0000000000000000        0.0000000000000000        0.0000000000000000        0.0000000000000000        0.0000000000000000     
   1.9436423358007788E-002   1.3030835685705504E-002   1.6718229445378908E-002   1.0252368322601348E-002   1.6172333169570865E-002  0.23894085390069200        9.0658546322291325E-002   8.1257376161852995E-002   3.7317341466833472E-002   1.5585222355645398E-002
  0.33277793050752968       0.37291918982248584       0.36345378685191809       0.69155210842657622       0.31012448786352892       0.30228055936277010       0.28873088117602924       0.27126557979687627       0.42489988073854790       0.33445871480395900     
   3.8701431276892441E-002   2.6406427045792089E-002   3.3437907411416966E-002   2.0579757573388542E-002   3.2205735456870797E-002  0.35042907868348977       0.15034066626657819       0.14399537722135927        7.3526955784040518E-002   3.1297305833692828E-002
  0.34550261015959893       0.36596206155224914       0.34329371193677227       0.44441554433474323       0.34586752626272971       0.42428256971508149       0.32922459799763504       0.30833522572009942       0.40789422169635009       0.32249058683710241     
   5.4587833274396050E-002   3.9295155541367283E-002   4.9956806790870764E-002   3.1326183341051785E-002   4.8275686290094898E-002  0.41089194647261740       0.18116801746404093       0.18794002672087032       0.10423135156124999        4.7109876328667782E-002
  0.31683518790970128       0.41088569761614363       0.32277726859586370       0.38221867162439482       0.37199573450899603       0.48366276009497611       0.35122362802752027       0.32241256530016843       0.47800460984287707       0.32100765190378938     
   7.0736573097694169E-002   5.2795557875510241E-002   6.6496659855658002E-002   4.2380533340937818E-002   6.4463743889042024E-002  0.43949799104122900       0.20480564357936831       0.21822145767173429       0.13305952031718529        6.2727857716488908E-002
  0.34371173647114711       0.34859851491118893       0.36207603348508433       0.38720607323557232       0.31162889895982593       0.36511869512549211       0.37605638218789383       0.36703638671973871       0.44376546899801628       0.28030374322289314     
   8.6513584624798509E-002   6.7082702768259325E-002   8.2020624720937491E-002   5.4124342490588638E-002   7.9199147923735294E-002  0.46610851344544568       0.22316913645097977       0.24302086446254031       0.15540727376119384        7.8816818851347767E-002
  0.31617136275762014       0.35207267099189016       0.29640474177327186       0.38154144900530479       0.30515672187485704       0.38821764844828993       0.31539315877411622       0.31218239947074683       0.35196551432296647       0.31104524751733670     
  0.10283544839859381        8.1314714802763630E-002   9.7463442036946055E-002   6.4504711480807969E-002   9.4001914360869437E-002  0.48714725921423707       0.23966850043573093       0.26199836139324123       0.17763242486552522        9.4818233426017307E-002
  0.36249597424618313       0.37151321223114531       0.32058579509821389       0.34501915297261043       0.28246044631754891       0.34318099471651464       0.31587849198158635       0.32204688961500161       0.42333103006408151       0.32631497751008420     
  0.11889594577738564        9.5161553481602407E-002  0.11226751222158675        7.6197819580615736E-002  0.10938061566788158       0.50739911066964827       0.25489370976447012       0.27953444266569394       0.20012492970722265       0.11027432004708829     
  0.34681468793148290       0.33093233955052898       0.31526331756716208       0.35270245954640173       0.32353294118726439       0.34785398607988338       0.35309591902094650       0.33886046443221618       0.39558751844632412       0.38472281593086977     
  0.13504819484309649       0.10909257552615970       0.12792957768880653        8.8705809424346485E-002  0.12489613101027135       0.52531184515612350       0.26921130551888950       0.29499872256537207       0.22221792836759094       0.12552860315068656     
  0.31855330160825052       0.34974943637279876       0.31301847923505199       0.30945409625918791       0.30818420563287213       0.30053795815635059       0.31746776264223614       0.31521561960254130       0.47730414486555578       0.31246627872687421     
  0.15066846943613427       0.12336057709761911       0.14359244150945594       0.10307147640850009       0.14029585192485258       0.54312560148942524       0.28291496782592834       0.30968625778217179       0.24292340306888496       0.14054240231359583     
  0.30117878908485635       0.29143295615595372       0.33487401229952196       0.30684019056693640       0.33580555787682459       0.31106373660498365       0.35652876577491494       0.33580629227390824       0.36579919487569551       0.33411497660696887     
  0.16610714090623463       0.13742218549453633       0.15927654583489728       0.12103956133985540       0.15553439011971040       0.55857240675556108       0.29544432431096418       0.32426819095334536       0.26335927626949035       0.15568070559889788     
  0.35163540110393682       0.33330518556884464       0.35342893972331013       0.35444504837674456       0.30678222976064906       0.29799837152733122       0.32292538681946981       0.35827484943227367       0.34445743593907013       0.30811646586800739     
  0.18154404446310296       0.15108806451944806       0.17469238615099381       0.13903730643210302       0.17020149056759371       0.57426707355478990       0.30736258594952676       0.33866920144907764       0.28346096854526248       0.17055831330660864     
  0.31185020466453750       0.32136976512453569       0.38145066325521587       0.42236174494356249       0.30461432708289260       0.35215859013950418       0.34724449269115809       0.35821166272659960       0.29647568000309255       0.31857231027791744     
  0.19697541859947082       0.16495032082883848       0.19013091743493810       0.15698992309601770       0.18525401943441744       0.58842845874372018       0.31857356215853649       0.35291449085715254       0.30318067416487077       0.18590193390377471     
  0.38708932509163829       0.34937956949263760       0.32852063723872027       0.32899327936520928       0.32860431369444471       0.31853386313396836       0.32197147684878352       0.34286659144400705       0.39393452328905154       0.30887080681758006     
  0.21229253307155549       0.17860604057146695       0.20588697309195370       0.17488758592624287       0.20106029397827765       0.60069470068078368       0.32952462607832000       0.36685777101051287       0.32256568029796440       0.20183541582405998     
  0.32643667047315755       0.31342098084742420       0.33151261494809797       0.37507226894015244       0.37867445378194792       0.37949223721638548       0.34196498861768065       0.29200974584307410       0.30825127687311615       0.37290452969073623     
  0.22776134601377462       0.19206974033023044       0.22182192046895427       0.19308067751640115       0.21648324475680075       0.61114801375092132       0.34038663350619580       0.38029934407719568       0.34127742735028865       0.21788489762757141     
  0.30231522760835017       0.33538989041703587       0.34137327986487453       0.34818106178107211       0.39146585491858205       0.31054814986146145       0.34000914652856268       0.30253020183655138       0.34445451756246187       0.33318860549564722     
  0.24371251831576865       0.20607624651865356       0.23727169623030989       0.21181835138966831       0.23150165110593138       0.62153029766759649       0.35114224967767993       0.39376334145372699       0.35938761175654793       0.23450217583393740     
  0.34063073648440517       0.32718476276142483       0.32357433432617910       0.30681707118267543       0.29106154498582543       0.35609530281434587       0.32753571933943132       0.32557655193022028       0.32618515865140413       0.31789615746875194     
  0.25955217654777951       0.22007969039612030       0.25238621945785739       0.23079373805504005       0.24653218412492567       0.63285574449736559       0.36164040521512431       0.40687073161562359       0.37708400832741817       0.25066918886370831     
  0.39998611075655738       0.36768905371898275       0.34369058824099297       0.33396446371929905       0.41275869112951491       0.29119091994202634       0.35944698286125698       0.38500776666257552       0.33707064508126700       0.32825705589285703     
  0.27523412602571296       0.23373377390135311       0.26840188775702001       0.24935323350862970       0.26181666138182885       0.64434513749085343       0.37187143471785522       0.41977755359865432       0.39465660556546700       0.26591427138592033     
  0.32245230208452741       0.30834884954060376       0.34803287184201342       0.30762656211418188       0.32026315453953813       0.29816318794563229       0.34383512430303098       0.30338034365083594       0.41365475560184717       0.31181463445127944     
  0.29091745088883214       0.24721813615026442       0.28389322192685956       0.26762208539628668       0.27642386413862691       0.65515826494306439       0.38250014016070449       0.43259846364188054       0.41150817093998160       0.28214114517657174     
  0.30959838851191696       0.39569711284111714       0.31743146237532494       0.30995588884867514       0.36694555009855273       0.30067978305549753       0.35525629896034827       0.35918143819136739       0.36697904159315126       0.29353754708268931     
  0.30643078291286574       0.26005564466808873       0.29985478188962439       0.28557498246902252       0.28925023475251216       0.66563706891414676       0.39322972493338487       0.44527039721371486       0.42825491873007604       0.29941339921942889     
  0.34856815321112206       0.34188410602338520       0.36063855391777083       0.28044874431898931       0.30960856757482941       0.29568965459734103       0.34591360796620629       0.33287952614501343       0.30175321486567769       0.29559906151150112     
  0.32172086950459367       0.27298511409160681       0.31574594078049129       0.30335012862123584       0.30210033465050901       0.67599980467461784       0.40263416249678630       0.45804520166836588       0.44412394098192459       0.31658512612160183     
  0.32090153983809300       0.36484542842857665       0.37972525605006441       0.30752615782089510       0.30571075533760123       0.32607650341484151       0.32853523351746755       0.32199021494239238       0.36954418995595445       0.33514903616142427     
  0.33695085784161255       0.28606516908288743       0.33068629687693185       0.32135454635810201       0.31528381405778400       0.68611867818182526       0.41112940473551390       0.47081240566280935       0.45969863664198779       0.33368552760231734     
  0.34393412407133261       0.39453987922870293       0.26939543781272907       0.32548866194426535       0.30065516040638190       0.29567074558244510       0.31704100964480358       0.37874198084787830       0.30477250553361790       0.30426813766662419     
  0.35230526331123274       0.29920389380945922       0.34534005192812756       0.33905084158033161       0.33058349469254106       0.69615835223442357       0.41951792644126090       0.48370153810630168       0.47497466734491484       0.35021446363794423     
  0.40148840932931690       0.30989366827944026       0.30617654740862221       0.30505581303974366       0.31931780670605447       0.33817124826809253       0.29197237942098681       0.28914816193334181       0.31534604981832376       0.34474355291043940     
  0.36779496199453782       0.31226392669311281       0.36038383480407499       0.35721258637540393       0.34610935030094986       0.70610414168693048       0.42784467936745241       0.49662786556874250       0.48995262232916764       0.36623577158217274     
  0.31882164121203005       0.31899641501316728       0.34292160938258548       0.33250183130652772       0.32191837849928240       0.31349694641184583       0.29224249821234194       0.28937515879125425       0.33041791786605323       0.33247895252127657     
  0.38359876504512330       0.32473522797966309       0.37568857282283119       0.37558872771348495       0.36144997537444223       0.71591915722176147       0.43737946158138641       0.50986899902050353       0.50508317951003734       0.38140217483320887     
  0.29073137764251211       0.32101342719809761       0.30085782542143663       0.28873088117602924       0.36850803654440895       0.32737759917554682       0.31219952456573780       0.33810689263788701       0.29604833521843577       0.34535405793724316     
  0.40019190768065388       0.33605376061367825       0.39103842196908889       0.39330382268523967       0.37673351628549884       0.72567963354960296       0.44702919179722239       0.52317171758396785       0.52009963660803504       0.39622755847993885     
  0.32355752249485670       0.30550798276448821       0.32264757709848813       0.33689511104399567       0.29256613929058156       0.34860653492527643       0.37277868624744703       0.30430213630027886       0.29697161920201365       0.28707716508489711     
  0.41624870582748014       0.34747224311311281       0.40651993215935200       0.41071755364467566       0.39215423033801894       0.73518894846865801       0.45679167641459878       0.53660121298634045       0.53491456588950670       0.41103404215522643     
  0.34815822924937090       0.31715461011086360       0.35779759686048829       0.37563391196917495       0.36867283682648355       0.33494448121128334       0.29161922801455870       0.31832730033624468       0.29317692492194181       0.30770819081425754     
  0.43146071684089149       0.35886111698724094       0.42198544560225226       0.42827485219935607       0.40740279427955767       0.74452681201391901       0.46651418142667722       0.54986838617120248       0.54947562986075671       0.42565038737671207     
  0.32238513502563382       0.28442161794239995       0.36244434875262127       0.32928628647386976       0.30062899745084087       0.33158027446757482       0.30648815165675619       0.35795991763793195       0.33577080906303425       0.32030879518857591     
  0.44719451343464289       0.37160720058393298       0.43750570955164164       0.44592007340467321       0.42272710543006697       0.75352091037138280       0.47627563094435621       0.56317442860044764       0.56346061167123318       0.43994440284452413     
  0.32556912744235905       0.30062212500181495       0.34970322755306760       0.33054547538950046       0.35580594975956170       0.31956273511354971       0.31029401758904662       0.32201982670296520       0.35079481654028838       0.34759268592022152     
  0.46371801163423759       0.38492341328994395       0.45325572951852822       0.46361668117120852       0.43935666993699790       0.76249235433415830       0.48615234323402168       0.57619323973043646       0.57547135938664540       0.45387581009454714     
  0.31381025803917800       0.36103351041237586       0.29231502207216348       0.35231447845809472       0.39412016405105310       0.33024859998406281       0.35037155930421604       0.36090737778584792       0.35880764552618966       0.31918548255257795     
  0.48030561302642677       0.39813770078651389       0.46901898769242290       0.48131517424164272       0.45544548631473186       0.77102211113173746       0.49616734129423895       0.58942591443862213       0.58707312237290132       0.46760290806273469     
  0.31790723373731139       0.32327479210539900       0.38320737342557265       0.30640997309690293       0.33895558055066938       0.33238198787267559       0.34554341176373365       0.29364507168405862       0.35425213543509992       0.35940641809835855     
  0.49675099171802506       0.41204356066419667       0.48416846512058875       0.49844794673882231       0.47061459036554720       0.77935161431990951       0.50617707552079227       0.60264733069228960       0.59862901612883923       0.48098056476312973     
  0.32453939169477702       0.36852733676925176       0.30411991173692404       0.29969611718321931       0.30571477075227305       0.35784312710733690       0.47150975967010345       0.31690828491566125       0.29113812704892211       0.51497379700423673     
  0.51285165550650380       0.42609913275055472       0.49936582720514683       0.51541593316045542       0.48562182749220417       0.78734027109456139       0.51622828101492502       0.61604516933054743       0.61105519507321893       0.49351211431716979     
  0.35242862474790115       0.32559569030453756       0.32845782012639951       0.29362974293208627       0.37924176977901913       0.33508918360620016       0.36838932448982781       0.36129574092050304       0.30306860781158768       0.45271332271917286     
  0.52855217651853703       0.43990985313723208       0.51464162357049414       0.53170327718165067       0.50225416288040148       0.79510912611858731       0.52621793859836696       0.62958046208587004       0.62435169237569998       0.50552545237281632     
  0.35787937349989074       0.36029848546144166       0.31035462550365917       0.35140374893756171       0.31033657052183911       0.34284728862977015       0.33874380033162510       0.37225847175803811       0.27709471461881519       0.53566871944994610     
  0.54440353437691624       0.45386881972709836       0.52972258135236860       0.54780819564629712       0.51867346434709138       0.80262911583313612       0.53613359736515775       0.64260305257158967       0.63754995890240962       0.51763085405501863     
  0.29939458755149750       0.31454197510673076       0.37814684961258332       0.30852264933286760       0.34664401108056836       0.35844469494565667       0.33582994027497787       0.29327612087292543       0.29767777684051894       0.53816796653952415     
  0.56055200428078689       0.46805325625812361       0.54456059192391548       0.56379611914789218       0.53449402498258924       0.81005943995038499       0.54589533095749732       0.65579762721215251       0.65047771039139191       0.53002956211283991     
  0.35374476019452827       0.35785536611370317       0.32867848394512222       0.33948252682445318       0.34679408644387921       0.39566459535922432       0.37678413724483933       0.36922118813967197       0.32003428257631794       0.41856840141029794     
  0.57694096697039177       0.48228339823586736       0.55959432815334120       0.57965908898313889       0.55016890293707665       0.81736277826113135       0.55575050645755686       0.66895031955479634       0.66304047608965044       0.54430352162386542     
  0.30572430153535279       0.34116811453543966       0.29731085096053461       0.30812546438926397       0.30651626069810112       0.29738016782690019       0.29357278732723480       0.31130408127742254       0.33025953566501381       0.38468818982410558     
  0.59355421187334167       0.49717680433447148       0.57515623397180815       0.59551817335576818       0.56652849310357412       0.82462746060402792       0.56618141811739375       0.68031624499199395       0.67532554545179979       0.55935734626759859     
  0.32662885026194138       0.34734909644184137       0.33519483111596016       0.30725865013607684       0.30746505242437366       0.33017992252931949       0.29921106151123150       0.29427714317470355       0.31118098459786769       0.34765738560938847     
  0.60988369392905029       0.51251053092475440       0.59077446498140895       0.61149836576732242       0.58285119919286221       0.83169124717984211       0.57673632846446776       0.69129213328393002       0.68800490763750366       0.57456552370354508     
  0.35259458851274944       0.32682726203261653       0.32844179472941676       0.31165850278442309       0.31383448750201459       0.33623236651911270       0.34468355823126484       0.30543843547059624       0.29370483890251914       0.33900085898418914     
  0.62609186481364298       0.52722438359065604       0.60719869574226115       0.62686886810456977       0.59921509818302943       0.83857641137683936       0.58685588169249836       0.70220394794925056       0.70108290197436907       0.59024103863906796     
  0.32636776191556793       0.31728168507347998       0.38887910446295698       0.33338223315909271       0.29376156615637083       0.30219200093891602       0.32809746309012217       0.30611981356439599       0.36728946396664153       0.33834794229917425     
  0.64207783611736879       0.54141314814865238       0.62378198795881645       0.64202467295111332       0.61568719621640344       0.84518391190867392       0.59672117435309657       0.71370204923384339       0.71419203991308788       0.60599917759644018     
  0.32289541474780309       0.36540110966214662       0.34701512172644883       0.27832563810593935       0.36943371191158025       0.34809735787352308       0.30812990951054126       0.29561864291019985       0.31975199239374918       0.31604060163809050     
  0.65750970494213534       0.55553054349287190       0.64012917684416049       0.65629222449579883       0.63181761941515491       0.85171361161177073       0.60668796972581784       0.72637530343799372       0.72739814012860182       0.62309152230961118     
  0.30482218827441687       0.32175348033377471       0.35350324569526648       0.27797622421845875       0.37283490884985371       0.29789268632140270       0.38266765672904923       0.32992346622007884       0.28717735869935823       0.35614237638138435     
  0.67297559158887366       0.56986060949267381       0.65628100312074100       0.67041264658548017       0.64806810745628607       0.85809933394920834       0.61676933937384160       0.73937277027221004       0.74039680253172380       0.64011406410639948     
  0.36818891155046979       0.32444805118785019       0.37269138963854492       0.32876699406757015       0.36791356780893630       0.29744654624364020       0.33809629126518492       0.33680991037901975       0.31409929372744860       0.31229836937238747     
  0.68841372998122830       0.58497635431562722       0.67263831710077648       0.68484071302642691       0.66377295760476451       0.86433484978663877       0.62707662567949585       0.75254867227416933       0.75317817609406701       0.65641008336046569     
  0.31280215674582251       0.33602070590372568       0.33853952958343925       0.31294045303710133       0.32726727497206509       0.29440074454941417       0.32869772826672733       0.31886049247816073       0.35325999158896160       0.33734575018713264     
  0.70414035208743397       0.60043965434518654       0.68905404849144614       0.69924475030276700       0.67945212130714749       0.87058700267290956       0.63720871705968041       0.76565785875987391       0.76590958248373575       0.67236050191005203     
  0.36169471668969838       0.37145432635193076       0.36391649366644413       0.32025347178182800       0.33272712261287402       0.38079744228947754       0.29904110548447399       0.36546870777804141       0.33133631533979813       0.30984532478454058     
  0.71995135511713249       0.61608974446377507       0.70555661283822346       0.71296420573312780       0.69417631398504442       0.87698820911278497       0.64774777376252657       0.77869000810788680       0.77859245374378239       0.68903144712764908     
  0.30768272925435064       0.30793241157669315       0.36306530212976884       0.32964027228420417       0.33738946669003334       0.31213643424978976       0.37430960392010909       0.35179073321931909       0.29254275071204505       0.31990582499668935     
  0.73585803392753191       0.63200971612006862       0.72214644588206534       0.72669004609928978       0.70839493397781805       0.88349709459233838       0.65846863457303884       0.79149120002037987       0.79127035641003385       0.70628728791778528     
  0.32768742981281312       0.35809555505348245       0.37416694494080949       0.31077207042152449       0.33184910501829473       0.34996688634500206       0.36528445360056067       0.34167515342877958       0.31661334284057507       0.32175276113368517     
  0.75175681654229431       0.64778745251193426       0.73837286918062461       0.74089845486345851       0.72242859847184415       0.88990348320925960       0.66926631592436470       0.80409137483684134       0.80371142822566233       0.72390614958128141     
  0.33828043620836712       0.31974658062956107       0.29820079220711920       0.29000059908663300       0.31711849124796865       0.37090109075519523       0.31715518684203037       0.30818212528246097       0.37000853460147159       0.28597182349133216     
  0.76668717166306188       0.66351244479024019       0.75509819670125322       0.75523239577019563       0.73659201615428049       0.89627370747633162       0.68004984237645227       0.81659786929601419       0.81626095439249247       0.74158918194479650     
  0.35789237632920101       0.30830904251187380       0.33964201681622280       0.31892996872840507       0.32798364001766955       0.28422236966373760       0.36093298786903305       0.31763322763884416       0.31270659654629418       0.31546982860761269     
  0.78114577954897113       0.68000373094106659       0.77123691014222284       0.76995942756051527       0.75208761696658832       0.90268684941618504       0.69105112677011860       0.82902952438352906       0.82864016926783213       0.75918897363831916     
  0.36642255290777392       0.29376882838078455       0.33140219663407622       0.32172803635246611       0.31466625897350020       0.30450909835695433       0.39346208831413942       0.33846408124546745       0.36557014097765944       0.34133822828488108     
  0.79517142968683641       0.69723303444824525       0.78732445128742046       0.78460675926596635       0.76750082857662338       0.90916251640465506       0.70228800618844422       0.84139942541191826       0.84094107709909138       0.77687199846540644     
  0.31576560675935605       0.32366015901253720       0.30324365959886740       0.33407552836303933       0.39014186349795388       0.36173722607622966       0.33187678180459207       0.38786390120446540       0.29711161669316438       0.30922466123365738     
  0.80850844261793642       0.71505700978131914       0.80305035397897384       0.79908230612118147       0.78347108326426018       0.91552112130964436       0.71360013603888806       0.85366085421731419       0.85321289543962942       0.79431106068298007     
  0.35871924717621917       0.32486081165260772       0.31468528840465548       0.33106572552077801       0.35887416203887867       0.38871994805769583       0.35002630146604519       0.32984050136004978       0.29639571835496731       0.29411208981972237     
  0.82226268886911569       0.73330699315907089       0.81896716542098513       0.81340046214897965       0.79954132860894334       0.92188376306430631       0.72488274361884908       0.86573404630675410       0.86520778605615956       0.81157700509080843     
  0.29906213192408715       0.31714863644085239       0.35497053171607007       0.30167042902614050       0.33726140880197064       0.35181261435420252       0.29488377602985244       0.37255401270032107       0.36338889080183373       0.29356592205804760     
  0.83602252226082530       0.75147650248084641       0.83473348181326079       0.82778341787468790       0.81572671229970484       0.92805413560067729       0.73629600135198736       0.87774977245941377       0.87678641857919581       0.82753259362267684     
  0.35769921746677097       0.32060385996257312       0.31420213171229200       0.28731176611155579       0.35554494346113291       0.36108524138760101       0.34884888772625428       0.31881341321914808       0.30426628596062660       0.29673572982562618     
  0.85007182906504608       0.76977741880137562       0.85054661753838656       0.84208401535478328       0.83217527974757055       0.93415726093545659       0.74782282452179094       0.88970546333306877       0.88819203195691387       0.84335583635534250     
  0.39390189457185570       0.29944480159976000       0.32820858548684739       0.29970625871103207       0.29655956177861553       0.30498356690988926       0.32560561391810916       0.29216327559590077       0.33358319750513771       0.33014775807676400     
  0.86447877488115177       0.78854300186389781       0.86626326845129797       0.85676287966751030       0.84892830088039584       0.94008465072600245       0.75968774126873406       0.90150554264879357       0.89966055940934175       0.85988785389520728     
  0.31149768138710376       0.28823726973590696       0.31655696585923032       0.37962795684785738       0.34872463573068396       0.32333699975355706       0.35884183679453607       0.45124179950884219       0.27583441055194435       0.32168940049153927     
  0.88036816343127777       0.80762125580414090       0.88203876125552971       0.87153563740248474       0.86565353926357691       0.94598601298856544       0.77163533879704882       0.91339555988547150       0.91129664049358516       0.87664130704690479     
  0.29453535208497961       0.33283299161183200       0.39257283485837485       0.33265979599685042       0.31962702123807440       0.28620357420759651       0.29953053603299301       0.33999999383630203       0.30642731552862112       0.34727475099941496     
  0.89703465164249174       0.82763174083082602       0.89732161980850744       0.88707438688309337       0.88349574755161020       0.95185527789983282       0.78476838502855983       0.92536903168673390       0.92301154319751466       0.89168724732304960     
  0.33523885558073485       0.31654225355479082       0.29694783211883324       0.37852013415808317       0.40646126552981532       0.36084143207152952       0.30786398764361850       0.35999616053436828       0.28599323296844920       0.32830881846651405     
  0.91345446356025450       0.84860323169622554       0.91079128762030337       0.90261131740104517       0.90110530017608836       0.95782032670511486       0.79833153269278467       0.93664096950712705       0.93463443587492556       0.90665452227120680     
  0.34288744321950682       0.35764585618550848       0.30832973420262172       0.34208581055121007       0.31111269215768861       0.31508675832434968       0.35018436122730162       0.41079947531964006       0.30523704085459546       0.29358027125759178     
  0.92960588901465246       0.87097329273163127       0.92415992325264518       0.91853277962086877       0.91796356883829378       0.96409397078863057       0.81367643436004500       0.94691610864397702       0.94645668561456364       0.92185259876594083     
  0.28797638147662669       0.38091818415203743       0.31218254390000122       0.37110615008350356       0.30404417213618518       0.40406693669067517       0.33100984248506965       0.33247616259094165       0.34961695671764209       0.30235045296439744     
  0.94627067457225489       0.89418682977933728       0.93767463655112882       0.93437968727385490       0.93478431976287790       0.97043823105336069       0.82954571739595895       0.95718055531811019       0.95823800396325010       0.93703425557763165     
  0.37125218689865908       0.30998008663110860       0.31732918139702770       0.31902531455130861       0.37855880007345982       0.32158414650534628       0.31727028867412832       0.37549082796637734       0.31980006268485134       0.33656950019680648     
  0.96124744369206871       0.91960572809961327       0.95262407348562039       0.95113188351422162       0.95099031838357140       0.97701365557706799       0.85107139849395441       0.96679808339409379       0.96931687339829786       0.95248696473478811     
  0.32171593586160613       0.34739503379058756       0.34884461410413897       0.41132869205417655       0.33055973019468582       0.33220646061311188       0.32725220760595314       0.35645513803491985       0.30131055025086662       0.35556792329815068     
  0.97485691167530064       0.94654919492508227       0.96790018370941544       0.96762722587951255       0.96719815112402485       0.98368999264135515       0.87652317376134825       0.97720447952623701       0.98024784548876620       0.96825493041218369     
  0.38873286466912677       0.35805931214266051       0.35342251974346128       0.33313324256594007       0.37121526280013800       0.33416130627388979       0.31739071710375327       0.37499741693665972       0.29440357979683507       0.35867854595772081     
  0.98770981707473848       0.97335956179101157       0.98397269700908208       0.98375248452508013       0.98375820779997203       0.99163334973638373       0.92807450233988187       0.98874011462788902       0.99021096546517817       0.98422141333193403     
  0.32615457154739552       0.34766659743670958       0.30744085231605733       0.36717993053928399       0.36028690951099079       0.39474215428010639       0.39790975712073534       0.39804833918041338       0.28298729859206811       0.31773517287865771     
   1.0000000000000000        1.0000000000000000        1.0000000000000000        1.0000000000000000        1.0000000000000000        1.0000000000000000        1.0000000000000000        1.0000000000000000        1.0000000000000000        1.0000000000000000     
  0.41558610578718330       0.31542085555966431       0.37817447127726372       0.35874854936407130       0.36823919812299299       0.34445775486051777       0.30237880134775141       0.36867572792432485       0.45218715100033252       0.34233513270527943     
  -4.4077177310697406       -13.023712525742610       -4.8053439161851239        17.910782566654291       -4.2757290767701059       -13.112906617080988      -0.40801839221132491       -3.8105476235497462       -2.8986641830701947       0.96575455729566129     
  -3.4407505615350571       -5.7123849171412493       -3.9691262425624143        2.9564186852142100       -1.9463034836509423       -5.7642792263655043       -4.4518578130388713       -4.4580693953561346       -4.3613351250403234       -7.5857695751349494     
  -5.2999119724187578       -7.5542413953795746       -3.5307414054797528      -0.97902351226207018       -4.1101177875323147       -4.9637065960372366       -1.8738656404273244       -4.1399632480664028       -3.8201345629352277       -3.1583562443376438     
  -2.6994399779151315       -4.3466966323528897       -4.7267040301186567       -4.1870842445441809       -4.4579123902642674       -4.9471690243121191       -4.8227709978691973       -2.4042331278928559       -4.0525741432238691       -4.9347325474170765     
  -5.9045765506392129        1.2845313865233310      -0.64156448455816684       -6.3287317524218549       -3.4202536136759338       -4.0881161349863540       -3.5505978962529432       -1.4121411855908919       -4.0554182525553735       -3.1129788465173864     
  -3.7987217154243371       -1.4191267010579840       -4.0625964223054778       -10.784374445984426       -3.0975321980235604       -4.2428804561091882       -4.3081208896087899       -4.7664764066896419       -2.3278813173210007       -3.0138460997505643     
  -1.0764312289940925        2.3750272049372807       -5.7185797162902023       -13.814730843989215       -5.2860303802976061       -3.4152624443313040       -4.2146639839642850       -4.1126559108495417       -4.3289559124004215       -4.9314851962570669     
  -2.3256313954175152       0.29333763861544032       -1.9873786608697752       -25.616383937024999       -3.1720784341867101       -3.4566329965708400       -5.1636514177437638       -4.1158911393253783       -3.7564416604749478       -4.0178194245195193     
   1.6780733971214345E-006
           1           1           1           1           1           1           1           1           1           1
   1.9416552376409673E-006   1.4236988694265157E-006   1.0304237168351653E-008  -3.4204817961731404        1.1999729096370721E-007   3.6069531473736439E-010
   1.2678456859773556E-008   1.5591692046596258E-008   7.5118411892844976E-009  0.28215658623925305        7.4932625181795644E-009   1.7161024873209978E-011
   1.4313696552088417E-002  -4.0914771589557688     
