   0.0000000000000000        0.0000000000000000        0.0000000000000000        0.0000000000000000        0.0000000000000000        0.0000000000000000        0.0000000000000000        0.0000000000000000        0.0000000000000000        0.0000000000000000     
   6.6390670272993405E-004   4.2807249997281784E-003   1.5720918107455021E-002   1.4123097273675582E-003   3.2068213456067821E-002  0.52653171756612971       0.12832548016018000       0.11241796563288196        1.7972137507530028E-002   1.6451043152729796E-002
  0.38604564918875578       0.41734711106289635       0.40377796423689721       0.38472894504047722       0.47887502410964072       0.49942298855184236       0.28621408811677052       0.45178539827332864       0.36850224192363717       0.40168918746208776     
   1.2761840092306797E-003   8.2799388141339969E-003   3.0364736268722860E-002   2.8603237585290166E-003   6.5230593425964392E-002  0.61322248439757132       0.17833154997389677       0.16693294978021914        3.2784846847069830E-002   3.3726738494496332E-002
  0.45031786375473498       0.44103273956547701       0.35709775518894693       0.43812492955201193       0.37009888150755488       0.53682461571660733       0.49267099190902947       0.51097068131013168       0.49319297249984495       0.38407150469555323     
   1.8616449929563280E-003   1.1936003212699916E-002   4.1667895202136880E-002   4.3014060456559554E-003   9.4007337730544219E-002  0.66098460818089766       0.20284576053897621       0.19744528521305582        4.1624741862654184E-002   5.0022808843466368E-002
  0.49393806624149922       0.38648022213705163       0.32468242431527861       0.47785710708135903       0.48755438811299401       0.50330428773032010       0.43075114679008220       0.35105685221484834       0.37719799634597900       0.34806974604676105     
   2.4193610428556158E-003   1.5567988978624343E-002   5.3661295994522282E-002   5.8258896829042270E-003  0.11873698093869882       0.69844691446387974       0.22360286275378066       0.21938626892264723        5.0741261784361363E-002   6.5728321571519852E-002
  0.40189157883581578       0.48214422927762385       0.30609988621859502       0.53710066778432386       0.39516012617619434       0.39036702544966517       0.31562893845310064       0.43715360654189611       0.41636511959389261       0.38310593681359634     
   3.0580387352668235E-003   1.9484514072867772E-002   6.5596429398997555E-002   7.5401477805105257E-003  0.14005691624843325       0.72902664377435655       0.24268907492813691       0.23512449141789274        5.8871342066314100E-002   8.3069134746438789E-002
  0.47648500880203110       0.49546249771790735       0.37766175344472891       0.47070439977414469       0.33411861880959537       0.39879422681787008       0.35823351849071311       0.38378984062931681       0.34840030684376061       0.39959697371793845     
   3.8544591071992501E-003   2.3515594267914837E-002   7.9691766155360819E-002   9.4601803922269526E-003  0.15962771240082321       0.75316300460399899       0.25992964648487243       0.24872703959069914        6.8343582506764949E-002   9.9999180053499490E-002
  0.56280910479762103       0.46852228050663924       0.38151348553580910       0.45532595433688661       0.37743972521757163       0.45469213323189595       0.36462494781329058       0.41147091670617320       0.43741855045658307       0.46652131991421292     
   4.7540456388327958E-003   2.7950773858333364E-002   9.5644321762635320E-002   1.1397726052451365E-002  0.17695854372631503       0.77317795687658797       0.27514523989963863       0.25958023649441392        8.0980476139852722E-002  0.11649841805291083     
  0.54231802692323727       0.42141905612637492       0.35363985193036396       0.47417747439431412       0.38284062589662926       0.40709989713874151       0.29464322246738306       0.40352116107109226       0.48633878079603959       0.43586933601439781     
   5.5016863305174671E-003   3.2660198274387132E-002  0.11187319518938048        1.3527820523770998E-002  0.19311809114026507       0.79072452695320350       0.28891974382067415       0.26961556297990852        9.2890279048647134E-002  0.13300020866091400     
  0.52903727281465784       0.33882578647006284       0.37858943419473906       0.54556201540933824       0.43081060402944504       0.38250046364138807       0.34501279114740624       0.32929574782343013       0.39622740920392074       0.42690564752889021     
   6.2678056373146277E-003   3.7519737070936893E-002  0.12798738326878109        1.5809064345051606E-002  0.20669919927685909       0.80645827236799972       0.30178010114518822       0.27846361663521252       0.10376789575128212       0.14966708967579639     
  0.41385856625049322       0.42528841331110773       0.45591528450087815       0.47691735579924505       0.38639803052815841       0.32064789834089025       0.33981430211687791       0.36193318960360060       0.46385581582771257       0.43932040500511588     
   7.1359248693521563E-003   4.2482367593952339E-002  0.14481688621941088        1.8070300389461405E-002  0.21669384459133587       0.82076755684937452       0.31460317239207219       0.28640131483575071       0.11457414356108124       0.16643122988599771     
  0.41086020826607783       0.39757971031654971       0.43398020705849522       0.42457589995622630       0.30675666424757886       0.35984641510651660       0.38315846987858104       0.37116552231152455       0.43734611758866726       0.45561164227851775     
   8.0685989207156562E-003   4.7658025102231709E-002  0.16220374172710297        2.0445006141648268E-002  0.22717413582475413       0.83364103015730229       0.32707387227703238       0.29467078015435039       0.12536907578260620       0.18361514079417676     
  0.42595512920126594       0.39737222037505027       0.45080011723598679       0.49195888051221282       0.28847678472660088       0.34950770369330608       0.42308171867527844       0.32819231806598959       0.38457860654200726       0.47479798139931279     
   8.9725432926536022E-003   5.3229216913730788E-002  0.17807280843853240        2.2934144000124727E-002  0.23722919460788638       0.84495691883252333       0.33873408868868765       0.30318396188038654       0.13793438042534256       0.20084861310383592     
  0.41444418744284117       0.37639585312110296       0.35946453926316718       0.40530339350012051       0.31202668679522161       0.41244244601610897       0.37800051936506840       0.39412272824236133       0.37291684872723907       0.45804945069059677     
   9.9102270718968051E-003   5.9210750633904491E-002  0.19140490984384831        2.5404841913721107E-002  0.24925731941815776       0.85496738917043646       0.35018339390771552       0.31148145784442782       0.15190202611651668       0.21777086168783433     
  0.43145308890642120       0.37586795136483986       0.37479180249190663       0.36307111846354762       0.37545450630758520       0.40442449100879074       0.43613978574593082       0.34336759352489205       0.40801388675191114       0.38226825100713280     
   1.0912347687856778E-002   6.5678432508776877E-002  0.20529940451651443        2.7901333512318566E-002  0.26349445005475364       0.86422515695621738       0.36174728890264812       0.32127225985233909       0.16464327114689276       0.23467777649979590     
  0.36280874190628337       0.35598651834588874       0.39803895842487497       0.38958783804850527       0.40813050478614127       0.35052142153607208       0.37503220173142943       0.41749266377430028       0.39053837490374566       0.38986318530689251     
   1.1950451119067272E-002   7.2912449968865423E-002  0.22071488984649698        3.0426494112961056E-002  0.27704997447382923       0.87285067243438541       0.37301209795102902       0.33112938526328911       0.17793047663785716       0.25011527505335041     
  0.46498285110135762       0.35978349189052794       0.40799425308612552       0.42328524204717088       0.42036671736109249       0.39976428932559582       0.37635067175578035       0.44449065423549905       0.43622221132906336       0.46656068121762012     
   1.3028488530300721E-002   8.0732274922645647E-002  0.23640567806430240        3.3006454681238646E-002  0.28963557152084946       0.88094126700514130       0.38416239773503225       0.34076281807725373       0.19207653205844674       0.26332370400188776     
  0.42396785209841842       0.36428217085462516       0.40131514760939702       0.36945618559008475       0.34484866269552900       0.37543013376420975       0.38432519866775722       0.39467264276370667       0.41842099041534681       0.44426919019108940     
   1.4199912039357389E-002   8.8920661241741694E-002  0.25129517197786999        3.5746295208121504E-002  0.30181914040844449       0.88842759505336455       0.39396154426908858       0.35052195963985339       0.20649071012740788       0.27621522246911306     
  0.35276883244967250       0.37955322306098926       0.32615712489625120       0.37036558903631495       0.32931547181033588       0.35644624164972477       0.37886807397518263       0.37631813844268308       0.43842757185874903       0.33460853173161553     
   1.5457041928159335E-002   9.7625940255387442E-002  0.26778676813418301        3.8604125094143162E-002  0.31395039087336662       0.89522799178796275       0.40215026848247126       0.36071242570347478       0.22111876158855423       0.28919265356540791     
  0.37048845520688339       0.31813518297854876       0.43852901074528877       0.36448450658678333       0.37265960988694280       0.29144927913024193       0.32965982095016960       0.35217649211689106       0.43316282897979347       0.38941746827133955     
   1.6772178984564928E-002  0.10674206504897876       0.28453728136347983        4.1559578717057746E-002  0.32683784933848087       0.90129191908067563       0.41011369599409703       0.37142334359153018       0.23549341159413661       0.30297547726561935     
  0.43461669304056572       0.35000161923430290       0.35399442803507075       0.39098848198464520       0.39478149816344787       0.36312154890319132       0.28838401694860544       0.42548472244226188       0.35685897165093067       0.35930379557775266     
   1.8163582787538438E-002  0.11644737067752912       0.30103016187989629        4.4648531398604412E-002  0.33980712708452793       0.90703602967176600       0.41815369431207511       0.38223702614728594       0.25017111170191825       0.32017782398045380     
  0.36512085541028705       0.33178288940214723       0.39750358747243847       0.36236856532278716       0.45062819380053609       0.34143922034374513       0.31231218924509130       0.43958787730915516       0.37474004563813845       0.41016733489571999     
   1.9627781487834204E-002  0.12707573323495752       0.31720317228694278        4.7675013701601369E-002  0.35241384890981320       0.91225713201547076       0.42722554861438439       0.39294010480903380       0.26434177873499620       0.33758907614617978     
  0.40957678526507557       0.35175032138070134       0.42348009956436561       0.40490473088414336       0.41447189401668821       0.37782580179064840       0.35166679645719712       0.39717215551701507       0.35117070274825746       0.34531057733712012     
   2.1167383715887337E-002  0.13793972783133313       0.33318513654469917        5.0424276368330988E-002  0.36532975994486078       0.91703518118073801       0.43700840054971063       0.40341213576683721       0.27875844296228386       0.35527651384687964     
  0.35508424355875634       0.40429008768589836       0.44147436200031664       0.36079051846734261       0.37105558875386069       0.38746452416719540       0.43534807367006406       0.42364332108877456       0.38149926424201819       0.36798657383536798     
   2.2806271579387940E-002  0.14902712349281610       0.34968639496534115        5.3249103236793008E-002  0.37804867537091841       0.92176113709983531       0.44689173809491262       0.41434862319715726       0.29294044350032761       0.37224459657096481     
  0.41846337282695634       0.29956933726654261       0.35618916919221932       0.42746254494326152       0.38928094867277235       0.33539239872863902       0.49893250382655424       0.37837454604930909       0.34176369393828215       0.36443951044297684     
   2.4523228918613148E-002  0.16075204113047548       0.36675551584320332        5.6434688375768129E-002  0.39103172031464567       0.92622385354349035       0.45676939355644952       0.42627679318462025       0.30736766469015264       0.38891065537241792     
  0.32808735221019636       0.37815501998917589       0.34820568941950764       0.39869005708779265       0.35035267579472806       0.32095115250750789       0.39131899984200519       0.40021610074834768       0.38251459274696981       0.34476165710564571     
   2.6280319997795183E-002  0.17298826997176101       0.38391024906503024        6.0047660362606545E-002  0.40455211696106136       0.93027429140149998       0.46658587777392724       0.43833374517162271       0.32339677143425588       0.40467452586219360     
  0.32834007916421237       0.43305218580388949       0.39847578504735859       0.34489928144054594       0.36356834143380445       0.34449327960068582       0.35655499866225748       0.32989691480132666       0.39381931368516626       0.35981170860706008     
   2.8106571906360438E-002  0.18682026098228807       0.40056950777261624        6.3654897232738178E-002  0.41826263100500677       0.93403326043529056       0.47592003609317601       0.44903630627029872       0.34028835689716913       0.42055520088030146     
  0.38578395431584395       0.42498738391139729       0.45237359879084654       0.36414517890650611       0.39405689912556796       0.32770687342902782       0.35615261309759266       0.34372420007165327       0.40292048799592783       0.33840631696957080     
   3.0076730258726220E-002  0.20098994608647949       0.41698613974385523        6.7633716082773507E-002  0.43199912274738900       0.93765952188135382       0.48501076541249155       0.45821108313333353       0.35741854321110539       0.43619209794837727     
  0.34688488436432052       0.31406998321615204       0.37053490831526681       0.38214421627904083       0.32154152803030711       0.30753151186738409       0.38342051245647563       0.29980584232107421       0.37120291000467448       0.34358703976364219     
   3.2186935182643171E-002  0.21560923946649463       0.43340477624727436        7.2037385097171280E-002  0.44614363823450298       0.94116914800612561       0.49410131398236218       0.46718218033638703       0.37409524311876791       0.45173663670634812     
  0.35714268724803711       0.38106478992495263       0.34039654122177210       0.38435882294225526       0.44925798282226315       0.32009336519322640       0.36863952162394820       0.37182443973260421       0.32923035988569366       0.34840749300189544     
   3.4424712881128895E-002  0.23099409552350864       0.45057988909928587        7.6518357159625294E-002  0.45953837325428121       0.94456122030152612       0.50264245006432773       0.47642174124711889       0.39048904126235079       0.46737063016793529     
  0.36819794648111237       0.32084111851391961       0.46590196348602025       0.32358640848954312       0.39766230596131402       0.38711192870650163       0.39091924535980471       0.41923862918534838       0.37304773604778102       0.42541863372516420     
   3.6792605439177013E-002  0.24750983471046084       0.46805009957073473        8.1237506607497595E-002  0.47257232205320671       0.94783412296841263       0.51092353422948988       0.48576875011861947       0.40726157418410935       0.48233657822730419     
  0.32130261867996773       0.36487815701162185       0.39521532735905252       0.36662943068978204       0.36758954579344999       0.30624169358277653       0.36254592063524632       0.41734993666414139       0.31555330428743344       0.38934254883213137     
   3.9309737451219046E-002  0.26480677134649638       0.48455385454170191        8.5976165313847344E-002  0.48676835619688091       0.95091461203728289       0.51908492699748310       0.49853551107819855       0.42416713520857641       0.49737225607920388     
  0.35957657632947215       0.36123836485067545       0.37404776276279861       0.35672835240379336       0.37775627177586518       0.38097562671614038       0.34752658994925412       0.38260737530627836       0.35884319659192743       0.33808695734608674     
   4.1954345987393907E-002  0.28289334450318776       0.50163002611616092        9.0806771639164147E-002  0.50073062412762259       0.95370649277977659       0.52784082769657437       0.51114325154017271       0.44092614863537638       0.51282767439897359     
  0.38697962132492381       0.36509020013596061       0.43438816180994888       0.34128515805464427       0.39995744165175978       0.37083259954082437       0.38270432024793527       0.33329592899291899       0.33848738620767232       0.36284367863335959     
   4.4686226537470695E-002  0.30142237100658881       0.51801123665182669        9.6053090615696862E-002  0.51581475996756132       0.95630016088087755       0.53706970858005565       0.52400332306317032       0.45814854652341386       0.52850654125672891     
  0.33794477809199641       0.33710957775973310       0.40628674016102512       0.33716006533730036       0.33019767216567536       0.36177435107733091       0.40546062520091014       0.34713493372649218       0.41201562628598098       0.37962801521002915     
   4.7531410805078410E-002  0.32063945078798972       0.53468196219514330       0.10176750401059789       0.52911931221416197       0.95868991275079207       0.54655007391392463       0.53715536249667817       0.47608954397411413       0.54386255833008379     
  0.33537425491918244       0.39126697863843579       0.37176111623467545       0.40574351456946822       0.41498255176365761       0.30999448202795560       0.38761664201721147       0.48729558701082121       0.41108659214814175       0.43300846990294856     
   5.0497520652408347E-002  0.33978439983721193       0.55104495615570837       0.10760136958332586       0.53959385010404148       0.96096959279015937       0.55627263979770569       0.55069075007479762       0.49383276225816919       0.55894318144851274     
  0.29306032749887101       0.38663736282589234       0.29734422227591339       0.36380420026722043       0.35485420838645498       0.30616813152196060       0.46329519906054384       0.38209617772618859       0.34805511228309594       0.40310995103342157     
   5.3551089460207153E-002  0.35927195853478544       0.56691734667433935       0.11360717122366587       0.54962178261198091       0.96316736431318162       0.56604591656527026       0.56428923881063886       0.51095270242381163       0.57297630757708207     
  0.37830458077595941       0.35970795369539860       0.32231169094003526       0.31016144490957986       0.36289672334954892       0.34604187432255162       0.48513298580223846       0.38253293593885179       0.34494436264354644       0.36736888940440515     
   5.7004757241840731E-002  0.37922736786593753       0.58379785081926339       0.11975377467108805       0.55929593192657545       0.96526449981855755       0.57551699027419889       0.57815702670485358       0.52841631394470534       0.58676180312412374     
  0.33782234197983213       0.44521720646584478       0.37139131467761305       0.38181442682834132       0.36386930086706071       0.31808462413919286       0.40341855440935481       0.34953392142928597       0.40440190849969165       0.34933693085394818     
   6.0684828964879083E-002  0.40020897345485917       0.60068558760907131       0.12637696755124841       0.57120983152171667       0.96735466943923776       0.58481094834425151       0.59295879771360349       0.54615615148238239       0.60131644566431264     
  0.33133973724706872       0.36521795105359545       0.37170372511762201       0.34348751887160289       0.30551641145345443       0.37686756361225959       0.35262506124891402       0.43779982062683886       0.39554778244604949       0.37126909555662208     
   6.4588861616827850E-002  0.42262919972643381       0.61633022344684829       0.13288970833853797       0.58370475423045665       0.96941577401889090       0.59417079642987047       0.60700387092204633       0.56367734212432763       0.61726072885941408     
  0.29212253923903270       0.33962965564704611       0.35624324357307319       0.38658734174009690       0.35327582921067024       0.31517722385447378       0.37276037187176703       0.40429007176102505       0.41959570775493071       0.40191989569608938     
   6.8503239716226488E-002  0.44574671136481026       0.63133715393594492       0.13957040118768960       0.59698170315905397       0.97136872853603529       0.60339695024981055       0.62229210359087894       0.58115254898594892       0.63293681008615521     
  0.29439393372101919       0.49518967695081506       0.38680566541082639       0.33673933097587616       0.38316312739045455       0.40844405916405796       0.44475924191366117       0.34004110833872098       0.35129979007574696       0.33947740413749805     
   7.2762669381376419E-002  0.46944351089434483       0.64662206548495171       0.14660215932858148       0.61028546917079241       0.97321047969946917       0.61286150778414228       0.63705778356966980       0.59853662445382017       0.64779261894045148     
  0.37981517611309201       0.40293892155596067       0.40337177041573635       0.32357118019111025       0.42595161107414026       0.35954551391300921       0.40674490583135409       0.35742252128236540       0.32051540853217675       0.38167047858201053     
   7.7255730693058328E-002  0.49219797960322959       0.66196032058520993       0.15407665078823343       0.62385639919925884       0.97493384845448849       0.62224936395906683       0.65221475822045105       0.61643107356056115       0.66376520799395766     
  0.32690488770431636       0.40274329342958171       0.42852879532605681       0.31378146696101100       0.38085286793834122       0.38666447871354193       0.32658249458837146       0.44353658133499774       0.37178370636571434       0.38419386299493152     
   8.1998133293039260E-002  0.51485904382550307       0.67827960559556477       0.16198027837815557       0.63710023912712022       0.97653817185932468       0.63100305364112019       0.66743261513691399       0.63435142268727696       0.67954398379091940     
  0.37444316081374268       0.34765131142495981       0.38473449186917091       0.35111945754861762       0.34766791760744986       0.36382303061282284       0.36744188399471966       0.38565006005567382       0.29397405208636573       0.36228639526036666     
   8.7111164025312257E-002  0.53940136378615922       0.69475727855735048       0.17029164119554305       0.65044315510763817       0.97807611048246068       0.64030622740661658       0.68254621789723235       0.65200924753529732       0.69503438698360043     
  0.35604085147186459       0.49708455819870467       0.46123349251392293       0.33831475395333249       0.44252760264770558       0.41899943062776462       0.43992467931929696       0.41291527892639152       0.39535466177802664       0.34987267060691496     
   9.2408991335313398E-002  0.56489887088942337       0.71096571172919165       0.17918828995930311       0.66403937120109602       0.97956714178086857       0.64978377571112134       0.69774787124472926       0.66924969209524399       0.71110459988037955     
  0.37402375482148437       0.40194941295476116       0.39515389866021761       0.33194397329082037       0.45209171915117058       0.32337755226770093       0.35232664419170689       0.29900891451593781       0.35447373381909714       0.37943484355371782     
   9.8195845784089145E-002  0.58647695271602385       0.72777692913974179       0.18865995620403175       0.67657879472533944       0.98100885971707730       0.65940103460820476       0.71352843148455725       0.68640107716276588       0.72489098164727350     
  0.35823878483401195       0.38772447337103494       0.45226091126853540       0.39584301870611965       0.39491645878887621       0.44801507389573803       0.38559244284637945       0.38176790258947524       0.33710981110467797       0.34278259965319674     
  0.10467377888316862       0.60508788690812987       0.74445500923683117       0.19848672266442136       0.68808040534463621       0.98236705632153576       0.66917861298209935       0.72916212570905659       0.70419398483691964       0.73798380829461219     
  0.31893132942467550       0.31409608829016078       0.36362983615036049       0.34030265693950429       0.35779865651336462       0.35642715603264152       0.47089848942303508       0.36470761456961015       0.42638584471635316       0.33230800620953044     
  0.11173219063901443       0.62225669395556515       0.76010302969032995       0.20860601505169193       0.70171891937720643       0.98371000952428578       0.67879998795864038       0.74505846888343308       0.72246816897078359       0.75148415071192110     
  0.37899057008527776       0.34004533265410153       0.34293332733373344       0.33983851198102444       0.36847667594084754       0.39641046676404479       0.44648855130307513       0.38879378506763085       0.38792893918118160       0.36989972097509277     
  0.11941215099885050       0.64186811654001108       0.77506988925874942       0.21944113053600792       0.71442869009330734       0.98500466864234482       0.68884501572606971       0.76157460184596704       0.74078046198726655       0.76490789867908404     
  0.34800882140865297       0.35930981389664801       0.41639240857155557       0.37131637947823437       0.41980540550184081       0.38267769878278429       0.39633711398539034       0.37688807411710407       0.34820469859436987       0.35854197618550376     
  0.12771890928639629       0.66747855968851855       0.79023570230589013       0.23167764556622356       0.72710157703550660       0.98625314154820565       0.69962280267637023       0.77798763139480898       0.76008759948455185       0.78105150935165979     
  0.36280853560948345       0.34717732630751946       0.37171850899608455       0.34547363859865388       0.32133753503837664       0.46783701349566542       0.37325369282339566       0.37207013136552020       0.34745252575911989       0.38942505541213707     
  0.13705444784909246       0.69297273443423013       0.80613383869810984       0.24506086196161880       0.73989054118807918       0.98753808320944647       0.71021055152018053       0.79325547329681356       0.77882882931149933       0.79808696675774260     
  0.37346755281119082       0.38956347152517073       0.37927849866216534       0.39135778958395906       0.38512844424295112       0.36899624755758414       0.39626295753736657       0.31663964241027226       0.48582582090613746       0.29535939015297996     
  0.14771960010679652       0.71803530749611810       0.82259364657213396       0.25954871418460862       0.75417309377368447       0.98881169810629599       0.71848435381042175       0.80957130691828361       0.79710532335279216       0.81437676658745495     
  0.37671689020513960       0.38642536807438810       0.35940490332420910       0.31934566120445396       0.45810328770612840       0.34756247148482461       0.29363830470711266       0.33023046653227839       0.45566405721610054       0.36597337580039374     
  0.15950428067211686       0.74208349018221609       0.83828101547440181       0.27485687170177681       0.76795454035526134       0.98986496814743996       0.72679729367642865       0.82691010617075444       0.81557135449371820       0.83018037479529672     
  0.36469089373479968       0.40531321260166864       0.46451241200076338       0.35247153406369630       0.34875186260852364       0.39460964476010735       0.36375799545028714       0.37617058546275217       0.38182773222337557       0.39050218202911480     
  0.17233037657516750       0.76592391876631027       0.85165501425335555       0.29107081379345467       0.78253370878530004       0.99085561967800206       0.73537025880489881       0.84337712004368093       0.83426263511145160       0.84591431239104919     
  0.37679403334315342       0.34571282738735087       0.35898595614044421       0.39362686865220015       0.36683895491951041       0.37614037139758189       0.39765370287228635       0.37272031295309815       0.39631732130703728       0.35693437249773763     
  0.18668476101848039       0.79107030785479460       0.86382080535834305       0.30867468848873336       0.79610028618450690       0.99183932577074063       0.74428923113930179       0.85879390003559308       0.85209547191539137       0.86270342769934538     
  0.42351102262674972       0.46199007995196922       0.39882906981921445       0.39802960765000683       0.36292779444291928       0.35580708572008130       0.35261279229989645       0.38166959399759409       0.37503203879320690       0.37544981970746544     
  0.20388225119491951       0.81341820639391826       0.87647033919026984       0.32943465192451116       0.80960140279620352       0.99279144024070765       0.75584864026495535       0.87338763614462911       0.86929409381774025       0.87957810569309069     
  0.35165787381460317       0.47149598751203153       0.38044907722637744       0.36878878634150725       0.36934031689604924       0.40744428921982279       0.41556044710804879       0.32798586590474788       0.31219237474457762       0.47281823498432779     
  0.22286855107549325       0.83284458104951997       0.88900598850576518       0.35299937949303817       0.82376927278543943       0.99366073246123332       0.76828870771537416       0.88841919111267287       0.88578574033954260       0.89642178864977251     
  0.36713459929865389       0.36936594043456616       0.36639514150725228       0.29026480309595298       0.33725974551729970       0.44623402099826986       0.43853968955562239       0.45322224861866606       0.37294464332273974       0.41388575493593482     
  0.24473705816462607       0.85237368685443071       0.90467670134010658       0.37935147687152654       0.84018564213523983       0.99460431616368017       0.78225229834322074       0.90433205738899469       0.90098840586643103       0.91173458790034301     
  0.36011476048429020       0.32900850177830088       0.36921860888282892       0.37585218046814323       0.35982927755765964       0.56267098720182418       0.47330687790371900       0.39642286360471007       0.30934688093918189       0.37657318062307887     
  0.27298001128614019       0.87178858283203031       0.91995444283325845       0.41017298532823315       0.85813257357528472       0.99544308198441855       0.79694284750552347       0.92066914186126436       0.91762284914186543       0.92619497480233526     
  0.39653762038315760       0.40946847451244628       0.35343167034161044       0.37657349760613706       0.38224277562207465       0.53258964900533134       0.46859486520770932       0.35799816262673417       0.32734749842371286       0.40279381002180004     
  0.30846942041358988       0.89606812385704238       0.93437641617016765       0.44821954356077714       0.87957327694950738       0.99618895699747112       0.81111909758498124       0.93630647820805057       0.93434483244911881       0.94104908134329524     
  0.35056363642828564       0.37431638650403937       0.34353638666182618       0.37927375780739864       0.41887717492890436       0.46139699002023843       0.37786255011218833       0.36640037960684319       0.36558193034504732       0.36327858506788946     
  0.35659838752981793       0.92354522704605313       0.95090222898820320       0.49525787686310929       0.90436312286891085       0.99695124847866823       0.82847015536901669       0.95183476719909632       0.95082045825709050       0.95592967677573393     
  0.44517843757072417       0.45115170882937228       0.32001575583094294       0.40300238753169387       0.45770373179601004       0.48238745087368540       0.31314983050619255       0.41624908494501467       0.33903888215762268       0.37251727107881505     
  0.43138659291508752       0.94758695339387689       0.96677829375592439       0.55429872376036993       0.93165619882733774       0.99773857469518346       0.85126936829521871       0.96702425839767314       0.96747783637755136       0.97144172816833307     
  0.42311373139620573       0.32635116431586431       0.35634386980101335       0.39543623492946384       0.45508681444852750       0.45043161535676191       0.35686306079224833       0.35739963955274462       0.42474478208145566       0.41336071532771862     
  0.58637150325483445       0.97345555880252210       0.98371536782184343       0.68902526747369075       0.96450625598878437       0.99860493174372278       0.89777436056359483       0.98347976169058338       0.98419233967890629       0.98611762998790087     
  0.46636153348542592       0.37048920223597748       0.44206117028468495       0.50257927582458539       0.42206369526339571       0.48215719537786800       0.50111792692040003       0.39162293343369980       0.41200592037417400       0.38672911978684771     
   1.0000000000000000        1.0000000000000000        1.0000000000000000        1.0000000000000000        1.0000000000000000        1.0000000000000000        1.0000000000000000        1.0000000000000000        1.0000000000000000        1.0000000000000000     
  0.35575771485844498       0.33727132287627759       0.31155075892091971       0.33304566041137812       0.46492821484332852       0.35268667963331340       0.32545284584592260       0.40991424368928803       0.39916289977631980       0.31490578637960437     
  -21.315765321343093       -13.727026784014015       -10.363733667548777       -16.280264531608015       -7.7513697353646815        0.0000000000000000       -9.2720841208579152       -9.6273481581410394       -20.701522321297087       -5.4975178954697306     
  -7.0957502444421019       -21.137386954654986       -15.753620622615411       -11.166076229448221       -8.7573342554889280       -2.4711001879293764       -12.138631645044779       -12.138664265674338       -11.296917754724616       -8.4791849693622208     
  -3.0111209638758005       -13.439991885753487       -15.768393344592020       -12.480877526617833       -11.581596567475195      -0.93751239650006435       -16.105701177092392       -12.119013073800009       -9.7317305833055201       -11.335255634802222     
  -2.2173803103676466       -12.297224093863552       -8.6074841176810057       -9.8862840303130692       -11.507659280274590       -2.1591027090915533       -11.745714461289150       -11.473998875817644       -10.520569262067053       -13.592027085124016     
 -0.30818836304635577       -6.8968300627970676       -6.5461863112736669       -8.7623606245450976       -17.509440874451421       -7.0312499090641669       -12.552348222250185       -9.3652446602673400       -9.9329955346547933       -11.381204347292513     
   5.9226036670446094       -9.8357215276530390       -11.133434071693181       -4.9594488978043421       -12.382479574466430       -5.4336817890715050       -9.1104336828478356       -9.1634622257081197       -10.819001619472010       -15.898005453840872     
   5.0602306412513514       -5.9070328260119256       -10.417313955508204       -11.053986542008706       -7.1475094474623244       -9.3808192003662771       -10.478815267031912       -16.050955813845121       -10.032143868913497       -7.0745776663224582     
   11.442545702502745       -5.3462290092373443       -8.8335507921532752       -12.050286328212703       -13.160545533692531       -16.261036822261779       -6.7608898152117405       -10.897986549494808       -10.243122444597402       -9.3751481293227510     
   2.3294437698918689E-006
           1           1           1           1           1           1           1           1           1           1
   1.8305648116381284E-006   9.1351988522338657E-007   1.8432356035883632E-009  -13.659009843660911        3.9571880857300019E-008   6.8102068316064853E-011
   3.1158904208708816E-008   2.1841138001475582E-008   4.7558904243203131E-009  0.38210899108422869        4.7533845388801488E-009   7.5085186272869480E-012
   5.0000000000000001E-003  -12.728162879209851     
