   0.0000000000000000        0.0000000000000000        0.0000000000000000        0.0000000000000000        0.0000000000000000        0.0000000000000000        0.0000000000000000        0.0000000000000000        0.0000000000000000        0.0000000000000000     
   7.0532039968033923E-004   1.9237177758275545E-003   1.8325321789875927E-002   3.3977571820478961E-002   3.1773541048637451E-002  0.44653351789903806        7.3985962071144051E-002   8.2034982029268400E-002   1.6414638202185305E-002   1.4535785507461140E-002
   1.3819724325084095       0.76618649016890161       0.38807674666604536       0.37945433006017237       0.41767664861942683       0.46162940968240901       0.29885252756882541       0.30134029216648722       0.52216468651294512       0.43548751597764668     
   1.4069852712565315E-003   3.8430886341206940E-003   3.5446150587275342E-002   6.8010700944820257E-002   6.1557683293489360E-002  0.58285162417140479       0.11907591333207955       0.14639904479296767        3.2564941202172404E-002   2.9520961731464394E-002
   1.0651860517966640       0.94969937072501864       0.38454126672527433       0.60762268509881467       0.41843539818464276       0.50552204625427410       0.36438771534583669       0.38212616085154277       0.60453516388466155       0.49039100828199167     
   2.0678646533146766E-003   5.6742685250259252E-003   5.4408459045159840E-002   8.9955701342753755E-002   8.8954055423357867E-002  0.64288881611126403       0.14799978374053990       0.18088694327787863        4.8416108208535598E-002   4.4896809216713893E-002
  0.71143168689454384       0.88376672918957566       0.41987725108887386       0.52302410374340225       0.54651497804990090       0.50800948709482130       0.35780216679211480       0.45225157261357418       0.53712822700730667       0.54669018993220242     
   2.6868669094756376E-003   7.5345201301668168E-003   7.3082888143211844E-002  0.11319218725347323       0.11621735322425181       0.67650172909218287       0.16788408620888456       0.21115223504407699        6.5185820008563627E-002   6.1059990690468219E-002
  0.66839353498885545       0.67616840460852023       0.43152898653424210       0.45461899194762934       0.53753444426788055       0.37626193409588471       0.43884415394199822       0.48071624231449789       0.54518475750749518       0.36972480600585422     
   3.3323430312639899E-003   9.2484389984740616E-003   9.1592019174633693E-002  0.13325691950636354       0.13975876462394488       0.70494704565363209       0.18348004429307857       0.22458805129125875        7.6177710341880145E-002   7.9615835587403039E-002
  0.57965138685799977       0.57574506852995611       0.45550814683182650       0.41576131274784150       0.56778748916128208       0.41958058430131279       0.38422346071504593       0.31222187782058308       0.43465723018844532       0.40987810210823683     
   4.0210070698431990E-003   1.0872484795924287E-002  0.10964544001126311       0.15335876678306459       0.16311901902762366       0.72355151111341720       0.19773975957982290       0.24002545695154415        8.6758169594950307E-002  0.10055507058885367     
  0.48363991807346207       0.44693225775419643       0.47542826725208082       0.40602601073417560       0.43900622803770639       0.35549077952013008       0.41535604546893590       0.45182777142514324       0.47424166977569382       0.54568767175712596     
   4.7703736213567105E-003   1.2313206171478909E-002  0.12542093551344163       0.17315668625916908       0.18731031810999849       0.74167876192047011       0.21124593761207164       0.25185061276909509        9.7666162452313895E-002  0.12112383646447424     
  0.45199954668635572       0.46349513901624151       0.41720011870636670       0.37762196248260921       0.47137938260374690       0.36325214014634838       0.40499426044030518       0.41775408483761500       0.43609901805436779       0.52013658643550642     
   5.6292510363305731E-003   1.3621767870913713E-002  0.14110251284150660       0.19244659490011234       0.21291026479113975       0.75856559002382606       0.22407367128200634       0.26446833049920920       0.10907127160754086       0.14054211525309318     
  0.48620262121921093       0.39863323301302095       0.45309663532124028       0.43687507623573557       0.61181433042550970       0.35147096275576811       0.38531372936813646       0.49066574437091359       0.44272603005404865       0.37876784714469536     
   6.5599588914123461E-003   1.4937617062194593E-002  0.15569235839960335       0.20999502831722536       0.23649363123200484       0.77529006327860472       0.23603575729141474       0.27514490133003955       0.12037247093849823       0.16032345375428450     
  0.52184583122738737       0.39461167140869696       0.46856681173073672       0.39482174830415040       0.45686910958067367       0.37167201164697916       0.41880986853615143       0.43486497563103671       0.55712561168582375       0.40826885006979563     
   7.5344550394288038E-003   1.6299932643305471E-002  0.16878401473064522       0.22880296800390360       0.25604360151817135       0.79040255543737770       0.24826816545448108       0.28582359095481785       0.13021288983766940       0.17804553084546310     
  0.50416186185876033       0.40513241818138068       0.33574828394640843       0.44809214857418678       0.37693276832296713       0.35922919886388094       0.35096451687617580       0.52710684723891177       0.43961075479748662       0.48206547099576097     
   8.6810727199021828E-003   1.7871674727816648E-002  0.18074324725686980       0.24675944444366041       0.27478396842459324       0.80468424165028318       0.25958284905622070       0.29519761405890899       0.13810356295297219       0.19634139685696594     
  0.44556326352962405       0.46065238056300800       0.35340897295048673       0.42115932375735460       0.44334240960627264       0.36517028186734585       0.41056229247623538       0.36544287545627729       0.40017657085134140       0.43308908338807167     
   9.8216152669304627E-003   1.9660495871420436E-002  0.19194124553714881       0.26376116408898648       0.29059382010792151       0.81771047096668104       0.27159437616089249       0.30405006363583292       0.14777566820066571       0.21490785498907930     
  0.33676440323143025       0.44255913906696559       0.38559227680018171       0.40877880128616251       0.44926478558544747       0.41351744346342589       0.42657622680995227       0.45261165126275021       0.40158464131671034       0.45801188582820734     
   1.1303925043750690E-002   2.1561504817203692E-002  0.20414484808348157       0.28092160034298325       0.30587087882465269       0.82863951250888546       0.28208170592398418       0.31336279649894078       0.15737933920502706       0.23468689249166685     
  0.46159721907460821       0.38969865085880007       0.41909161607343193       0.45643733391724189       0.40088627973622398       0.34722762689461173       0.50769231399827874       0.42818408453858137       0.45683915395370767       0.45992516496805502     
   1.2823628939642832E-002   2.3607531408596817E-002  0.21728281095663310       0.29771256367340482       0.31981196230248643       0.83840240881862216       0.29244298895007009       0.32269216908981441       0.16905919382428267       0.25050713268050750     
  0.38124981843178729       0.33044989992414114       0.36786845759217224       0.34869889901758033       0.43620113973610763       0.44840593374118098       0.43870807729895805       0.39078641715083046       0.39350691514659869       0.45760618318316865     
   1.4380126838519060E-002   2.5707558549116903E-002  0.22538818009752187       0.31480930558608078       0.33325613970112694       0.84759952070235112       0.30118315357859760       0.33448203211400523       0.18069542659131066       0.26594521324498122     
  0.37541863763216382       0.46368292745195044       0.35640917672387984       0.45201415257820982       0.38115729276198618       0.34767415383521610       0.40303369629766667       0.50937635245564949       0.36517586213828890       0.37417086284427936     
   1.5992817017495498E-002   2.7857630951799613E-002  0.23223069040813824       0.33197200159665219       0.34590389071103106       0.85650030165379154       0.30962433300364711       0.34644040840543766       0.19603732906005225       0.28109373136696386     
  0.36757042570436188       0.45456107629300568       0.29526899397160777       0.43500695055573030       0.37985674561459548       0.32310975839991768       0.38357589811599579       0.51857618016742224       0.52468071138727257       0.38465301903889421     
   1.7728809221297308E-002   3.0181856693098735E-002  0.24222558220060889       0.34733953944932877       0.35909448651929160       0.86508453475774327       0.31895251682594122       0.35391777624915022       0.20988275302958645       0.29628944876489716     
  0.42541523344934395       0.44612706079389430       0.42748897240906741       0.38170721045548417       0.44571063092303093       0.35247414983155501       0.39501566876462796       0.38899107308017444       0.45627518466107397       0.45053545657630717     
   1.9598097545883916E-002   3.2584573054481980E-002  0.25364467289875631       0.36161396463592110       0.37050491868973540       0.87358048432870328       0.32850792206342849       0.36098148926202595       0.22255837098771103       0.31240030286960357     
  0.34437827026614903       0.43326382562019677       0.31633703971932176       0.31930633150609777       0.34094813244673267       0.36166193955453640       0.38534273492665322       0.37453249461307442       0.48382616993958277       0.40963105251500348     
   2.1760210548801173E-002   3.5093818860984012E-002  0.26665441189037031       0.37551953090466378       0.38177020940762335       0.88021043500280205       0.33663833643176416       0.36813106384682442       0.23511675348592131       0.32875517064726745     
  0.38027374162370370       0.47505869841157783       0.39168120945907536       0.43042384993556948       0.43418696022084086       0.37856459302305762       0.33488283318639595       0.35614956566267508       0.34687476889493679       0.37207565334685128     
   2.4156769475831962E-002   3.7762845395969351E-002  0.28239019686451516       0.38788426450259655       0.39325844265256266       0.88675354860543976       0.34471453771320626       0.37561440955024439       0.24961524357932699       0.34675306293489133     
  0.37330808133945648       0.35292020535284491       0.53057051142608047       0.36502668985246073       0.45030712117108079       0.39916264033046517       0.37262938690769920       0.35880068338017634       0.48492444860139250       0.45422772791899252     
   2.6741023492333656E-002   4.0543515683433243E-002  0.30019657756726437       0.40143287538718309       0.40461831581053720       0.89328404622876179       0.35288740038858546       0.38173406785101943       0.26612746616020772       0.36442104368612910     
  0.34871450963515443       0.40963238887777215       0.35379121036158373       0.38908058048623029       0.50221570183490460       0.38745753225104507       0.38284739122889494       0.29938455780114581       0.36363857941815325       0.44664961709947643     
   2.9438356399466202E-002   4.3561451636442476E-002  0.31795769914254862       0.41593733745927242       0.41589754599041734       0.89964724538224639       0.36066349873493625       0.38847098676262348       0.28486170743442774       0.38124836524932026     
  0.32710116070391260       0.38963711590957828       0.42354749621060900       0.32952817918214311       0.40681506868969236       0.38134015983567665       0.40974458171342321       0.32543162622581090       0.46380167903575131       0.40544932438843573     
   3.2014622086722351E-002   4.6614505034185696E-002  0.33535729176817169       0.43012348224574048       0.42739881531651247       0.90578696466007613       0.36921003281471743       0.39582468782737873       0.30316843000679522       0.39774103101678471     
  0.35304830998896353       0.44843315377604842       0.55566488749977383       0.38685248958972451       0.46712128590174462       0.43175828920395393       0.41339292114097820       0.33250527025255161       0.47105911611203760       0.42607158326065975     
   3.4511305839464969E-002   4.9682700773485577E-002  0.34911807619659480       0.44422156134235763       0.43873498670600047       0.91184691086948588       0.37751435775805725       0.40323187230738761       0.32216707815810708       0.41278701523382799     
  0.34096027417894764       0.43693618576112553       0.49873256080405404       0.38594671163507749       0.40739921541225138       0.38098414588622559       0.47582663124971475       0.33389893351890593       0.44582483646002263       0.46428724303707547     
   3.7881101138817194E-002   5.2934821357046066E-002  0.36250877040706664       0.45674569316843278       0.44983899057968268       0.91581251356111970       0.38774574987404631       0.41037400199037338       0.33996876757890154       0.42798202961045839     
  0.34244554379926395       0.37259895325346204       0.46298018339994662       0.39374628850850096       0.40441056033342260       0.34001784639641242       0.39338709785528497       0.32844932036477986       0.33492339372656627       0.42726162471643164     
   4.1152906280421155E-002   5.6427147537121317E-002  0.37561271815743819       0.46815746017476845       0.46052714838075226       0.91970908620922376       0.39882296169905079       0.41902013044762720       0.35805576114742405       0.44249343577781686     
  0.37621066484691984       0.42545790219683427       0.41321890471623079       0.36185757741392299       0.41888060866594296       0.33601519523157225       0.58227183074596012       0.46236925279545743       0.41837857195597578       0.43524735234629114     
   4.5948093571736306E-002   5.9977370238961054E-002  0.38876520430494105       0.48072856644189943       0.47106379522861624       0.92373928306528574       0.40952106697203544       0.42718994957598411       0.37712334465293107       0.45746012125906926     
  0.46145239955228151       0.37993554260404633       0.42637536452459146       0.36817265490014478       0.56464412941310693       0.39982058625314026       0.47202358705751873       0.35700728932650683       0.42610999369813901       0.41953873144932113     
   5.0939875510687724E-002   6.3756176860150462E-002  0.40421106068412826       0.49321083748954636       0.48159621743226261       0.92772925527769046       0.41982762133380186       0.43496907293606180       0.39650263700355365       0.47325246627362377     
  0.41104545096734574       0.46481225010894839       0.40101385559711578       0.34320669464161035       0.40604934337177584       0.37335188110551798       0.63762632028624455       0.41687442764121763       0.44832477049304031       0.52966376415689675     
   5.6537496969729650E-002   6.7597453793692627E-002  0.42080018931238639       0.50609889286821663       0.49236914473710003       0.93163114092289845       0.43049108106578121       0.44265371662883080       0.41381257586588499       0.48890639516083739     
  0.40780376880552877       0.45009860931232376       0.61021642271055054       0.31806615499583113       0.41781390972640253       0.38083439492528831       0.44429948984604412       0.32483290280946248       0.35010970534220592       0.49106256193896047     
   6.2335044299316945E-002   7.2072898763223925E-002  0.43977818481072034       0.51886939620960082       0.50176572526678365       0.93533022291555146       0.44141527150593185       0.45026223922212855       0.43172476874680654       0.50534584058547205     
  0.40156929204256975       0.44610813991494058       0.58555017730029735       0.42475531656936416       0.39634608179944764       0.36388871867781780       0.41786306142487950       0.41856218886974644       0.43937580740437066       0.41497758105468313     
   6.8416533967036439E-002   7.6561977194196371E-002  0.45930633459137793       0.53354480513220037       0.51105565263071173       0.93873455640189007       0.45188407304375006       0.45949132228850420       0.44707651555651257       0.52192249069772456     
  0.41180192199654786       0.39019901399835621       0.47619341983951546       0.47960329775368449       0.40790325042696374       0.39736099738109604       0.44381595730240986       0.40348576775518191       0.40018790652429204       0.49287099396626216     
   7.4807360597802963E-002   8.1049145410253862E-002  0.48132440039826391       0.54781765680065198       0.51983969089532145       0.94210593497660222       0.46309030560435527       0.47008144710782734       0.46307646416764237       0.53769223760310636     
  0.37892455167378525       0.40065102289228499       0.44857947607119159       0.37736143691919383       0.35828576246862953       0.35510811003176973       0.50760701936868879       0.40873956956433005       0.40200130949553975       0.44190687460184691     
   8.1146539848522797E-002   8.5561504412777184E-002  0.50165232596935561       0.56280287037432997       0.52906194373756121       0.94527511619641880       0.47504624976168186       0.48170662883647414       0.47925111714300972       0.55334935118629913     
  0.34903520078850708       0.34023920807498920       0.43355633038716873       0.41127173358893671       0.34890739486888478       0.34334261960110879       0.45228529702757198       0.43066856770272893       0.38364518354065880       0.42913788335524705     
   8.7674214570926029E-002   9.0704599633063307E-002  0.52189918356382503       0.57742268804337948       0.53668766571092674       0.94834731156374907       0.48653734414994376       0.49377018665950212       0.49501641331279178       0.56930596327826988     
  0.37702247656498961       0.40834279796476775       0.52779847149221149       0.40212025541100471       0.36540475757034296       0.34681070418854931       0.44064794747763636       0.40956496950721960       0.38230537053325953       0.42573090841561140     
   9.4593944460683588E-002   9.5920152096162101E-002  0.54348954352208578       0.59133646079372604       0.54421565463888111       0.95087379570541619       0.49772100915201012       0.50641823721652468       0.51032049432107929       0.58371858063879467     
  0.41048729861282623       0.44798803828328404       0.59027376376230334       0.43398163111970134       0.36135602839879205       0.36046497511825992       0.51186726675079419       0.46340275115069157       0.39476002082981249       0.40539634312847572     
  0.10134277059763359       0.10193999818753854       0.56392984077719588       0.60513260310870742       0.55216787007643842       0.95344624767856556       0.50861209540557639       0.51920036383728352       0.52557251850523590       0.59639425963393433     
  0.33581254055619342       0.44191800330376951       0.41535256034542384       0.37493299223714621       0.42325243118608019       0.43501093842956928       0.47388252852297580       0.53869818673090353       0.35780344896390665       0.45128140515646670     
  0.11106584282266525       0.10796455699089187       0.58143421710163057       0.61881532722287724       0.56060106481471184       0.95602129093554955       0.51968945999177329       0.53399247436465769       0.53989462008478006       0.60860095808826642     
  0.37901059805417853       0.38466465830920504       0.46048335033807525       0.50600215206890009       0.33717853341071014       0.43844568232358483       0.44781791442575791       0.38499877035775393       0.39562233632528149       0.35443521951344165     
  0.12029818838689879       0.11359193212894528       0.59812458376000011       0.63095224260135829       0.57979469081886714       0.95853755268704466       0.53073408075020601       0.54962537627946129       0.55441746293220606       0.62123158209583162     
  0.42721621417969813       0.39168471684880657       0.45670355944821245       0.38528783869555094       0.51653423123617459       0.42147835287883767       0.43365278257206347       0.48777945411980700       0.39420232781756526       0.40752646963960831     
  0.13259936928645594       0.11932106120519995       0.61492375193281701       0.64477850356668376       0.59822661964894108       0.96118445759758930       0.54153473167179567       0.56503044468194885       0.56888979202069556       0.63426814354914562     
  0.51702270301910180       0.36141094033990001       0.46829137266827364       0.48052096461665211       0.53218706367836499       0.39935387093955976       0.41528958586182385       0.45867659212019513       0.34450034060334495       0.34589703780715469     
  0.14485610307377039       0.12655235267400664       0.63224284240061757       0.65527399395628383       0.61285870112429996       0.96375222155158258       0.55292643878919845       0.58006021932807195       0.58486543831273596       0.64684963999236500     
  0.41720467613033324       0.38270997404577856       0.38314217377104998       0.40824016016650777       0.40484438536118672       0.45691984652983730       0.49505589720663012       0.47943921415552382       0.40702775810443198       0.33018141361439185     
  0.15750335427851558       0.13410470310583691       0.64782603115916104       0.66594865332143549       0.62716929119603226       0.96587898365496416       0.56454473606427591       0.59567780646933266       0.60156350412947779       0.65857944502651444     
  0.35895470450664635       0.38532839759085286       0.38546809790421116       0.38288797563786542       0.47526202705313092       0.42205658948758412       0.47031543985912178       0.44324116672732039       0.36472466170434381       0.32709628680534325     
  0.16976425622651686       0.14195691931511500       0.66507989043046900       0.67676636777038446       0.64245251647598678       0.96800597164374080       0.57590560795271872       0.61195234805171494       0.61718020964344777       0.67042428634119122     
  0.38935792110643513       0.42052980393647721       0.36624668234945973       0.39402098393069468       0.49860929190163966       0.50165751724855512       0.50174279254510512       0.58108782160901717       0.41352370282264411       0.41501312856702044     
  0.17990386194671720       0.15005729870152057       0.67992770355131393       0.68732406427219106       0.65762633841101770       0.96963723979856198       0.58715993187534687       0.62850318045023967       0.63255147375530307       0.68594783781518986     
  0.35161742823616310       0.35032641564447931       0.42691787738378079       0.37878839203889225       0.40598100009383981       0.34809950363467340       0.50526787602389722       0.51423018940579013       0.43035277808275074       0.41723930131836806     
  0.19135181768708087       0.15962921714945616       0.69431804721384061       0.69981928976671470       0.67303364364326967       0.97127546858157165       0.59812098898542809       0.64543494444149596       0.64667001953539327       0.70172912662371878     
  0.34085844684960437       0.47802402681706430       0.44050713005570646       0.42552431449337297       0.42316526233853197       0.32366433397885191       0.45562668630696707       0.43393738608717897       0.32312901129136701       0.40986093696015780     
  0.20737632780646670       0.16941136767526144       0.70943062843932569       0.71224671565366493       0.68897500068357842       0.97283739192784691       0.60907473696534953       0.66274419405518270       0.66081555601717512       0.71669132261364688     
  0.34563599304956166       0.36923788118881101       0.37127539126280512       0.42982256474708469       0.44668834557491111       0.37347553672276684       0.44603519075141007       0.48072716579126529       0.49066805146792203       0.41617082633946562     
  0.22439857617780662       0.17976192974897928       0.72554241173453116       0.72527485512058210       0.70458184639821075       0.97433878377199046       0.62000679447500540       0.67998926533320270       0.67537377586753755       0.73137303998585756     
  0.51347913560136493       0.48752178523852324       0.46796230813100237       0.38967402042542387       0.57780607350401569       0.33196288852186673       0.42148412693643550       0.43288735514132237       0.41896812211896151       0.42880866956344738     
  0.24616531021801705       0.19051901925347467       0.74282693907169295       0.73884880149477572       0.71973220613104916       0.97595694300652824       0.63067717144574165       0.69750507217087188       0.68922565857694029       0.75009022118185786     
  0.40767609882886596       0.32248187926220595       0.46866465834608800       0.51649462130482737       0.42785961576226622       0.37180621250205564       0.44849442471712742       0.43440375261672970       0.36904784204230257       0.44986901611076269     
  0.26727084535196244       0.20190267441518009       0.75976827346742137       0.74937573922577683       0.73598956194200238       0.97758932752977312       0.64131372788406760       0.71616750567524645       0.70446183684752384       0.77085472111004394     
  0.37934089158516116       0.33518279914877791       0.37331435626754922       0.43419591972140226       0.43119884649066270       0.44971997120458090       0.41734303074331552       0.45084089301147651       0.34399539155563136       0.48521921003880475     
  0.28647894190525314       0.21364852935555417       0.77492170149250350       0.75939386304643586       0.74719752165066899       0.97919284504743132       0.65195419430766766       0.73457668177562141       0.72117137750541738       0.79086688007945161     
  0.39164655888087296       0.33980927919049153       0.37718830443626783       0.39254247892424854       0.37068085512687199       0.37999680813754572       0.37641363027967317       0.38624597059873367       0.37496859964460283       0.46453004724103120     
  0.30932738087794731       0.22667561504200451       0.78997519040405872       0.76884113861691739       0.76072992948973517       0.98077313805037991       0.66347524479361364       0.75247200526931712       0.73970535911578905       0.81066958343901696     
  0.35164058313887753       0.35826697039579675       0.33302250437798714       0.40237140498365226       0.41292158019374248       0.47077607444569897       0.40848632439524918       0.47753127685314595       0.42150061684710660       0.49273283497137321     
  0.33478794551630292       0.24076008786166433       0.80545452260366057       0.77809437249375180       0.77533034149504876       0.98230415517673553       0.67740777698125243       0.77003610381134879       0.75863525791159792       0.82466833154012087     
  0.45552215084948211       0.38436597396151484       0.42140840772681859       0.44373758024791687       0.35851596461629687       0.47112035222182019       0.42502040053099055       0.38254351740374909       0.37032880074911284       0.43690621647671579     
  0.36139314667163241       0.25763061814445953       0.82068221450175538       0.78788124631276502       0.79023942089825572       0.98372434433830136       0.69187770207373755       0.78733770353365107       0.77503183521933794       0.83739287990886846     
  0.41343494545340892       0.44890787072425942       0.52072427822335265       0.38773326950288245       0.37471976366980769       0.44739178515283035       0.48844357234428609       0.42354864504766571       0.42869701489623091       0.30953567713722452     
  0.38804198796210215       0.27662458375139470       0.83419001784043922       0.79705034957205390       0.80535885324159906       0.98518680037660500       0.70606297841037580       0.80471073743714594       0.79176839201244464       0.85361785745991703     
  0.39619325662120075       0.47376924262154108       0.34773384918615041       0.41220262461146739       0.33788170338586937       0.46933229314960145       0.53853839468012532       0.41101711789733703       0.40375971547533462       0.38474402659842916     
  0.41724191961334645       0.29825887913101806       0.84758469985644702       0.80667918627304258       0.82046525173105356       0.98650563593887686       0.71968789579132053       0.82413696113101143       0.80963479199267063       0.87021661905183378     
  0.39381707399994859       0.41996511892707705       0.42355219539952255       0.49604984186535128       0.37108779613570714       0.45116319642363856       0.44432630297117315       0.46473845266820685       0.36273620646142118       0.40159331380660573     
  0.44811123315247675       0.32023845605913198       0.86115660317353637       0.81641823613247688       0.83638339368716375       0.98784370086647477       0.72969421631721088       0.84675470632391070       0.82667739770938808       0.87972380479286760     
  0.35351474379585518       0.47943095681373665       0.38025815773893024       0.37702036048762938       0.36368899454394710       0.56294014688764982       0.32851501964329166       0.48175530533899358       0.42012097555582190       0.31047926446188390     
  0.48670251574746709       0.34378888071513430       0.87550685956976115       0.82649202264591348       0.85054526235816241       0.98916600927800546       0.74017242475945344       0.86774812514531774       0.84513338858847886       0.88924401022246369     
  0.43728571509340924       0.32959177929568761       0.40845975117805261       0.42513979773078597       0.33463132000362217       0.56218113471386910       0.34863558262163441       0.49850968343187479       0.39150016746797611       0.32201494899332689     
  0.52670616185133479       0.37245086501476721       0.88640981591102497       0.83667644893359083       0.86409318794573087       0.99049997991937000       0.75114356950291905       0.88336831810682637       0.86472803560134981       0.90151233470925840     
  0.38935544750363316       0.35907679193683950       0.35257400250710552       0.43170732130842226       0.37529430943177766       0.48739320437655298       0.33332317537824269       0.43908949040274436       0.43630229215959881       0.42076413432693072     
  0.57143966757715603       0.40462798942678641       0.89693244396881189       0.84785089401522462       0.87625734226604124       0.99177793579725937       0.76328058341215310       0.89913434244825952       0.88584137486460313       0.91345378241582798     
  0.38188274370094255       0.39291528901830358       0.36301618571618466       0.49881082652232012       0.33553783172917129       0.57123758783583134       0.34948285315269922       0.35703894465218816       0.37775295730704106       0.39612708328164331     
  0.61849844584216029       0.43832826079402837       0.91125265198738659       0.85898891707515990       0.89093761535140858       0.99298801084772281       0.77588689382539222       0.91490657160092181       0.90682494531885838       0.92808047588190223     
  0.34144438712808034       0.32912438310954106       0.36108912120169823       0.45566303287042115       0.40784243752388905       0.49566137820539941       0.33835379939011845       0.41082005345634204       0.37488443044899089       0.36995472877814040     
  0.67127435086759291       0.48151146340603351       0.92590754371041017       0.87137322613605839       0.90985371055547204       0.99415998287985108       0.79245275074629495       0.93166765487628678       0.92649306912493812       0.94198861172441117     
  0.43296415436914054       0.33620627784599422       0.41656141311875666       0.45601851196833854       0.38526362469378456       0.58335620968516511       0.45960006176476575       0.49107865354243346       0.44559376501464337       0.38990776084903533     
  0.73189010530642307       0.53603118322640231       0.94363690105076281       0.88563464122233682       0.93107876327260630       0.99524792517216498       0.81301061852735035       0.95000769341463365       0.94548338445276625       0.95677792067959766     
  0.40458840238717325       0.34872232265928899       0.44444782317199272       0.53842426424279299       0.35212736444440318       0.57185494014530602       0.36721298153621645       0.50087086307582462       0.51183272176513073       0.45024501671274181     
  0.79916564629412212       0.62144178165600017       0.96131391288562995       0.90271272748915421       0.95444970051586575       0.99642357743221588       0.84354147999451523       0.96787614444454551       0.96410221174512734       0.97168310676991443     
  0.43688408031588671       0.41416244861793494       0.40290272166496510       0.57011075896122609       0.44589874744025604       0.63349950281353418       0.50123385870316439       0.37975210715852276       0.44967812993860301       0.41701217578651850     
  0.89021074526990618       0.77549548158906378       0.98048926783651547       0.94290961184570421       0.97722357991607989       0.99818734198770209       0.90626093934231455       0.98419906729843454       0.98213151887173911       0.98610130403367047     
  0.44066044713764718       0.38175606177452892       0.45948276492632451       0.85180926442205540       0.38208246175112615        1.0773248951010803       0.44796069995068777       0.44822555978413531       0.51163915795311554       0.33372586640005958     
   1.0000000000000000        1.0000000000000000        1.0000000000000000        1.0000000000000000        1.0000000000000000        1.0000000000000000        1.0000000000000000        1.0000000000000000        1.0000000000000000        1.0000000000000000     
  0.38764603748182347       0.31816631170550635       0.46575575798981489       0.38759309590038549       0.48490617178101381       0.77123014903511189       0.28991292877654268       0.45736092000195133       0.42222487652508994       0.53846455617873268     
  -17.124350856197147       -17.446360408952440       -10.074179528318595       -20.624681055478266       -14.995060233029026       -5.1328570310221568       -10.595708529150491       -11.674670981657821       -12.679754726302470       -7.2049521170692588     
  -12.234879337702692       -9.0543590723795901       -13.103121675183401       -12.694970605253912       -13.899293147759835       -3.8282638594543816       -16.241972257001457       -15.212534013875652       -11.086904527009755       -9.8661536071658595     
  -9.5883395895587977       -5.1035616299412325       -10.107575056440954       -12.532811745834444       -9.3434283681174932       -7.1886806090283928       -13.841758930142163       -9.3780976820700470       -8.6042826781030062       -10.836225612324260     
  -7.8984953903510222       -4.6307948329458135       -12.980100789847567       -15.432624732772965       -12.834918618642844       -9.2296681258502691       -10.705945223116084       -11.204613228335997       -13.585462233693125       -12.770099723908256     
  -4.4431219243934699       -2.4491784646886434       -7.0743621945879474       -13.893247025127872       -12.295256351645293       -9.3165266048518074       -11.513682276585623       -14.428502080987421       -10.729504243528771       -16.670464249300345     
  -3.7056504590648442       -6.0838646073498808       -12.650816810697069       -8.0466237940231444       -12.671460952630699       -7.2354869146467351       -13.494850958355274       -14.347163129973412       -12.660760341712640       -15.329491621917635     
 -0.37057831639501232       -2.7923285250651921       -14.257647683700613       -11.143272313423175       -14.473218442299576       -14.426805679457052       -12.047793339006722       -8.7901466790507552       -14.628212198111864       -12.580262683461418     
  0.70185244091053889       -1.5563121731040683       -13.401299269770965       -6.0632279191175753       -12.450349797563582       -12.117611312658061       -18.508348553890269       -14.168842424790219       -6.7698377810975323       -13.572155223379236     
   1.5768668997927289E-005
           1           1           1           1           1           1           1           1           1           1
   4.4117325039053083E-006   2.2428900684736313E-006  -2.8170918006897131E-009  -13.515978180902071        1.4751771856927583E-007   4.9272992400116141E-010
   7.0767089934039159E-008   3.7150806566072864E-008   1.1443038764631073E-008  0.18888394489491997        1.1438427305837751E-008   2.8961325153914245E-011
   1.3085224204199554E-002  -11.680322867990402     
