   0.0000000000000000        0.0000000000000000        0.0000000000000000        0.0000000000000000        0.0000000000000000        0.0000000000000000        0.0000000000000000        0.0000000000000000        0.0000000000000000        0.0000000000000000     
   3.0178196982188495E-002   1.1023910338841376E-003   1.3212367389529484E-002   1.7139551501913035E-002   1.4977626459174206E-002  0.25465931424851207       0.10737776689671284        7.3176526107683451E-002   1.6373198767419588E-002   1.6967578457864833E-002
  0.53631101936571968        2.3808432489839841       0.79406343445454142       0.60149491458880733       0.53556591327251279       0.70017570255450423       0.43502176151607341       0.42853128122408468       0.99175603093882969       0.60301892576338090     
   5.6323438195215791E-002   2.2150164270856552E-003   2.6558435490894962E-002   3.4087269808484075E-002   2.9675602958632846E-002  0.44857607651807219       0.18597070825603046       0.14069542030423454        3.1808140574078388E-002   3.2571712292432671E-002
  0.57429795229999203        1.5249944659863590       0.68135392149781360       0.53493536634247574       0.61855242414075717        1.3960558015030493       0.76181856065023168       0.72713858078556437        1.0626312165200484       0.60236868270971466     
   7.2828534333281916E-002   3.3403876024542850E-003   3.9961728490863047E-002   5.1717889689250160E-002   4.5088789699088638E-002  0.50227927451439647       0.22244564905378506       0.17832421661025669        4.4071490772902976E-002   4.8079422773006697E-002
  0.56232288935063823        1.0887702645713615       0.58504756165844563       0.60222885024828587       0.65086478073363385       0.58021158961571551       0.67841119017932694       0.60321875600962038       0.85023983791191149       0.67665096111686140     
   8.9029750047808040E-002   4.5483160863526396E-003   5.3612242707450283E-002   6.8303651108752583E-002   6.0195357137143787E-002  0.55029796234912898       0.25364894286022482       0.21417229110970748        5.6453381072640717E-002   6.3921474990353028E-002
  0.54215273136736375        1.0080612648703093       0.59272530610695784       0.62898815035506161       0.54283451688110029       0.76613970529949671       0.73125104495009996       0.78537523522790065        1.0197758504175845       0.63844599941110602     
  0.10517323705305877        5.7961389044080998E-003   6.5962227670664259E-002   8.4214355928353579E-002   7.5890790798880489E-002  0.58795521487461211       0.27791551783917867       0.23236811881994818        6.8097176339712406E-002   8.1648193894275328E-002
  0.54722497917053847       0.90631248810988729       0.65654377044948053       0.51869791640842788       0.51960558618138852       0.65720346978967881       0.71492390213078794       0.67128217667433043       0.76468547516101204       0.49413951418641372     
  0.12219281576225463        7.1108915425721082E-003   7.8077539984279493E-002  0.10044341165470999        9.1694617393829503E-002  0.61986055796355566       0.30046939383339133       0.25046585843756353        8.1433028042418282E-002   9.9055086510092025E-002
  0.67916308298099848       0.94466319487584760       0.67452464417259039       0.68621763168466932       0.55757550820068291       0.74050935210167912       0.81337264146053256       0.79871350722976542       0.89350022452718514       0.59411648903735625     
  0.13916797235619260        8.5256930106296768E-003   8.9191165356207372E-002  0.11923893739934428       0.10707695373249461       0.64848387702952115       0.31924429153047346       0.26360721894573325        9.7960053178734616E-002  0.11689152965533744     
  0.60550045553065046       0.85008268383229491       0.47099154254927389       0.56760583644850127       0.59284566168145492       0.63698937448530790       0.61942520512401433       0.60992089732735033       0.81393989537392208       0.67813700102082342     
  0.15498903532096939        1.0029524193836674E-002  0.10001407369452592       0.13872449694542943       0.12248057690007583       0.67138277482931863       0.33686115127182625       0.27646412956284422       0.11286764140044792       0.13496158136954245     
  0.49818541339376787       0.79098573798474225       0.57640386370488261       0.66747429129453428       0.52404601353095615       0.55731979958196654       0.58547850827368653       0.59406402079518617       0.61061053156262390       0.56601016014695049     
  0.17013761961318824        1.1623791067154433E-002  0.11249595274019217       0.15663032687652184       0.13900667165505071       0.69320909494816008       0.35219525155650694       0.28744534800808202       0.12745356940445343       0.15141414663040406     
  0.65049131026412144       0.67042868496489105       0.59692012654506832       0.60597297532865824       0.68941362115178451       0.46834991682100768       0.58402555532235367       0.72627763723002969       0.70686327185169184       0.54987342838144015     
  0.18565608436141659        1.3209667779395111E-002  0.12416065996769131       0.17464590005406780       0.15570013760134008       0.71297827760251320       0.36737253691023031       0.29773516321079863       0.14165845201484953       0.16766777966076699     
  0.53535441095146363       0.75569793425043719       0.53968398137151985       0.66985165255936285       0.56950900172784413       0.62565689082445664       0.49535885410427555       0.60627053241409801       0.62672673944899715       0.60799197491280621     
  0.20207744939897154        1.4864495173718472E-002  0.13411605272804886       0.18939269082888446       0.17308908915437887       0.73182188245301938       0.38255942758169403       0.30807914609183729       0.15527240712900425       0.18303899966742335     
  0.52083612232782450       0.80861119783592839       0.51043957060516310       0.58259307037710084       0.68865678814529441       0.54606449739697860       0.63574179719149082       0.69382753645826312       0.59012861450651588       0.53561911584380772     
  0.21930159498372070        1.6530587296787046E-002  0.14405682287626526       0.20404549448769871       0.19037171779429252       0.74730989555142402       0.39641990726968124       0.31785979180188312       0.16894425073181957       0.19765556125650893     
  0.57593479419296811       0.50762439367771361       0.50041304238326023       0.55723668542923666       0.52586967631695325       0.52084332670890710       0.61937368539692217       0.56298389601834731       0.56516529295774198       0.54288895778789836     
  0.23712330843588278        1.8414247401946925E-002  0.15446171441149867       0.21848069010860119       0.20627026005032062       0.76192839206400698       0.40958061569051940       0.32809335520928801       0.18339540188092121       0.21359664749250537     
  0.58025014629442229       0.58322896134525781       0.45013612804380287       0.59485666531111181       0.63042519279253750       0.48680547503033778       0.57022188183841660       0.60074777229679510       0.59049323932543840       0.62045265232568758     
  0.25456987317063645        2.0504873463559802E-002  0.16427917277768714       0.23293314934731060       0.22169795859056141       0.77519950961194195       0.42221340328179213       0.33911447384460541       0.19815559252221202       0.22984552466599967     
  0.57667062323783991       0.63530083609210763       0.55826284552846117       0.59662958107737629       0.54667566881300578       0.53488557732205000       0.67618925873561697       0.66520332813519478       0.54147237653600422       0.68666665660652038     
  0.27170575064256253        2.2591385421927360E-002  0.17783608890373220       0.24901044701448505       0.23710326965879350       0.78767325546103650       0.43500717222350316       0.35009707944448371       0.21298115055252803       0.24762851377223027     
  0.54826052053595564       0.58670558247914217       0.63021926793226868       0.58988751193534905       0.68376112554174318       0.44372949097373682       0.59864083190013873       0.53727835654185963       0.66412587689624480       0.53790905040176418     
  0.28904698595774808        2.4654697716891848E-002  0.19143178065546884       0.26498123135124879       0.25224723055732051       0.79953143086867562       0.44690240678734294       0.36070796018506768       0.22674336832252126       0.26650917492800130     
  0.60041811134444523       0.61303545480595478       0.67604466625150583       0.62122542362817634       0.46663719886897503       0.46689565649630232       0.52919113275459995       0.76924046961008041       0.59083081434681095       0.68402958964712357     
  0.30616631803931710        2.6749300765416120E-002  0.20387323962818835       0.28040559846534541       0.26832869528471676       0.81007288671003264       0.45856092464091402       0.37125170635553528       0.23887152593345815       0.28019360649626923     
  0.60972536596103077       0.49061468651395307       0.53055407729249049       0.56971136639750497       0.54931166973701018       0.58053732392292734       0.49777509277733206       0.65991056601677434       0.62185930870036799       0.46620461239115923     
  0.32229925655162411        2.8878619698069204E-002  0.21571623380564786       0.29590814683335198       0.28462842782959508       0.82043633835087471       0.46967310645885774       0.38203655301845818       0.25146476088237768       0.29367925011160062     
  0.65294240483135779       0.50511684918416033       0.59230699644285556       0.52087535494143977       0.64654224550209993       0.48450502934359951       0.73568635403170979       0.53156661841950437       0.48862768794046468       0.52524894928313437     
  0.33751890546455265        3.1027993615186801E-002  0.22841823544393852       0.31056550338064448       0.30102987780548746       0.82943304160187925       0.48050672275326278       0.39286299517823176       0.26594588658312840       0.30776926120443443     
  0.56606630076017606       0.46099046185857534       0.48566961079116505       0.48598844030996152       0.55862436971551666       0.55602436640392583       0.56275881969185593       0.67286194425869195       0.60340204879867254       0.50059781035933104     
  0.35351771432906698        3.3469325242332232E-002  0.24150395042456535       0.32657477995628131       0.31614603107892592       0.83824706092354395       0.49113727533477664       0.40380629086017833       0.28217055024377735       0.32173739101143106     
  0.58459432297569258       0.55391698814134627       0.61458233475472734       0.56783306275639800       0.67990634509914105       0.45966650240683404       0.55306965558016996       0.53282304743617681       0.57141223767550642       0.50428152442064766     
  0.37048123840250852        3.5950827128655737E-002  0.25480192369751747       0.34347053915484832       0.33041495485176903       0.84656669240364790       0.50168987953713251       0.41457271115341848       0.30073165702722832       0.33696103430823121     
  0.81081084045259955       0.45557557798838821       0.57216471654399481       0.56752075253945378       0.45561630466485431       0.49293113391051058       0.67736618139361915       0.61544345549159052       0.58645933964961583       0.56381696132786285     
  0.38652606248373500        3.8618070065233552E-002  0.26829552377203808       0.35981218986737096       0.34449530082078655       0.85458440946968162       0.51196249263018967       0.42425367055402780       0.31799742677425991       0.35211324377216835     
  0.52012641179000862       0.52089296073769698       0.51325438603139184       0.60823738898357316       0.55660786185554745       0.51677101491424615       0.49127625777684053       0.54263630566548815       0.63255272248217354       0.62572181479375033     
  0.40136887114580289        4.1238075773440304E-002  0.28086887158364487       0.37430940955244929       0.35817635848250240       0.86196586438013201       0.52252308503025491       0.43345426712066648       0.33374291056758471       0.36752442474900543     
  0.51498083262063821       0.47124344597827883       0.60026431509065414       0.60923683107549187       0.57828490519629461       0.50374959125358898       0.63464847264199464       0.45360465969594171       0.47732951030338600       0.48915044046261935     
  0.41605035453337819        4.4092735616939334E-002  0.29345542353762966       0.38896245970220594       0.37158931312082905       0.86895413520514897       0.53337972348276619       0.44306579795895534       0.34922516470917897       0.38348321915431338     
  0.57708334458280863       0.58687848037213752       0.54289898054923280       0.54129735663818457       0.55714615528017419       0.51048075140700533       0.67733923636342352       0.46203484992628124       0.54175537115899974       0.55496335845602762     
  0.43250606485152848        4.7047353019041144E-002  0.30717709920836517       0.40441977026378395       0.38593797503614441       0.87561638937673492       0.54416639919292031       0.45319997108112603       0.36431461342052507       0.39981766239975586     
  0.60696384561059091       0.62533378776074600       0.56584957722467999       0.68643470049203548       0.60551550593369363       0.45359222705047181       0.66657743938078506       0.54556257404592401       0.54203697563041409       0.71689802953219317     
  0.44954563289523619        5.0352733354049321E-002  0.32090295773264149       0.42027706905694839       0.40012767172193703       0.88202359473472747       0.55473102566898980       0.46303235416511201       0.37987914796057304       0.41601779778242098     
  0.66005505236734541       0.45641647077723352       0.57224091523426601       0.73976110675877293       0.49854753571943944       0.50289573352167871       0.61460433749353427       0.51074549728456331       0.50179944437801149       0.64687831392228068     
  0.46553293087732184        5.3583098748622160E-002  0.33556581439481692       0.43723254194761474       0.41682387948229738       0.88831620735394645       0.56541335400707127       0.47280833351542179       0.39739218668165555       0.43146114022309434     
  0.56395705992580991       0.46052239010038531       0.59510786636934065       0.64360218778933054       0.62663837695038138       0.44755985835097828       0.59358515327911932       0.60841309245498354       0.59804479914487640       0.60940166413464070     
  0.48195599161992747        5.7122106734639612E-002  0.35003412639678949       0.45411987575923007       0.43297310007141393       0.89421367571415444       0.57568329728146439       0.48232330666213757       0.41568041633863867       0.44701480007484340     
  0.47533574891374358       0.49797294211661053       0.58467605434917458       0.53390362245228351       0.52380454852226843       0.49044620468860445       0.61096260512600187       0.56012894503709687       0.55045981960640378       0.53855506476052339     
  0.49940663888814940        6.0751609918939020E-002  0.36436884437793349       0.46939032627213600       0.44972320820818912       0.89980702975266624       0.58570876479059242       0.49305332966197679       0.43591020548695186       0.46247589757432050     
  0.65492088697504625       0.44558742089399894       0.53555290791193122       0.61902399802933961       0.55275171993818684       0.48561519880368637       0.60772542952460407       0.54409778418707611       0.60150829815254059       0.57851116951758208     
  0.51688701847724972        6.4925837895591532E-002  0.37845365135048137       0.48528098843509621       0.46662906024578171       0.90503113045334238       0.59588636816102636       0.50496602084238174       0.45523220861241875       0.47780075099803121     
  0.62081304704558460       0.47771988564051071       0.56367835141242095       0.59554505100277633       0.60880821675133778       0.50572078917716501       0.59662793511543621       0.58343182652257208       0.55341267947450767       0.65423699543392022     
  0.53491146811843926        6.9212992485915781E-002  0.39117327433787730       0.50297643861242891       0.48269947594500751       0.91016046625604075       0.60640940365618379       0.51709723665704577       0.47321983838591036       0.49351056447041552     
  0.66537701078854927       0.48831235954244007       0.51356662329300473       0.58162664961528621       0.48887003235237603       0.49556002818575656       0.69824991697679939       0.60981181370124804       0.56167471397024504       0.60442009520037077     
  0.55284950440664682        7.3876199735762010E-002  0.40390720677567066       0.51991423837299844       0.49868385030883083       0.91484461936232786       0.61697628220922840       0.52957175361223663       0.49115154840629915       0.50910093039087123     
  0.68639611270423162       0.49376458736125955       0.66775064769135073       0.62462827761477813       0.62118387222691485       0.56786262531217135       0.74812875571848381       0.71242689431212480       0.55112618639936939       0.77457264493171851     
  0.56995480496912387        7.8510485847268469E-002  0.41843884238645834       0.53447854690854180       0.51415152853080115       0.91934939540565497       0.62713015271534134       0.54267500454903039       0.50771604478491317       0.52420229039223321     
  0.64989686947405401       0.52874617472255492       0.48996115824396430       0.50871677525287240       0.80646636337352418       0.51279119849381571       0.59141437171459821       0.55413044005864975       0.45211672666590019       0.71974689017281146     
  0.58811435926165212        8.3278900324834731E-002  0.43384933740328824       0.54925772806552342       0.52977688108384768       0.92384166496181419       0.63683618947271636       0.55536055315923605       0.52394537913478090       0.53864507843152831     
  0.56854931530799702       0.49206089909263384       0.50332821127352190       0.55658031419917176       0.59782680149321077       0.46486239389054268       0.57662176016166466       0.54601178654636995       0.52123664095612654       0.53718847821235505     
  0.60349062523015917        8.8162886693931200E-002  0.44938790310927568       0.56442736015536066       0.54564039317465529       0.92831055147004360       0.64638723782941576       0.56811537329690309       0.54019321976600543       0.55331237192386451     
  0.55276724570242430       0.42830014748298523       0.59339425806626522       0.68691712788608494       0.60587888565951997       0.44601065066374201       0.70967389431001227       0.48861746370061215       0.58368406614416313       0.58870730680344052     
  0.61752984928292376        9.3469678147088245E-002  0.46514652718630128       0.58129106808812780       0.56135573212602174       0.93257560577299059       0.65606699878754360       0.58066530471892175       0.55582775173183563       0.56921809828604919     
  0.61025921019362828       0.47873045313872198       0.58114017741913215       0.62279279285157396       0.54909744605051591       0.50035366658113278       0.64457825709941741       0.54800725738679990       0.57927357314317662       0.60821312798388838     
  0.63276870390335693        9.8891473453178044E-002  0.47905447119214756       0.59812247787432671       0.57704772233269697       0.93668281903287953       0.66595480392888795       0.59350562577884336       0.57337972522951164       0.58518547166916024     
  0.52082114471261054       0.50007506992746753       0.56494315600906586       0.62132598060238065       0.65391434527699410       0.47445662384451515       0.60794717592969894       0.51110761382127057       0.50517284566550347       0.60672242470269799     
  0.64826066328976872       0.10488755910516653       0.49315235256306916       0.61482134967920754       0.59320634437099096       0.94059010835677470       0.67591048943704268       0.60653180476835478       0.59051756363161534       0.60005180884714537     
  0.67481789071777820       0.44860367471379453       0.48048111808403671       0.62219475003938640       0.72527182846902238       0.46496957697267216       0.63886363982261740       0.57689146434018734       0.57183156587538164       0.53269666800970650     
  0.66511556116756165       0.11095022744542449       0.50762539615146207       0.62990258663935783       0.61035152184022368       0.94445155731478492       0.68506861428227561       0.62045737513582022       0.60576774986302373       0.61330456636319608     
  0.56287999472630923       0.46351039819904644       0.64564012218714972       0.52156442053381269       0.63501030549278070       0.55825925624472816       0.57602122192788940       0.66750317211778498       0.46981193961860068       0.50304330543423015     
  0.68215984405129582       0.11796378897310514       0.52151859424267299       0.64467856263333745       0.62766635056567799       0.94798169787952646       0.69416443624129409       0.63510965987310164       0.62128988916754546       0.62812145328171931     
  0.54633536166835606       0.49705089046562956       0.55820617142674434       0.52698404611521987       0.62340612446610288       0.54099967635419488       0.58655815636438247       0.62394610775720749       0.54605944785789096       0.59486428514768186     
  0.69847384189828587       0.12500311402433062       0.53737055283627155       0.65968547146821421       0.64418229533797255       0.95138066799426746       0.70359323331364931       0.64986808616650460       0.63812498618442681       0.64400640732983672     
  0.76601641200202353       0.51956965072332406       0.67070358032681676       0.63174462238352269       0.67619831617039949       0.54653285912072125       0.63705644489489688       0.53875132359953271       0.56386161839863924       0.57903024775900258     
  0.71519622841041652       0.13317148820079130       0.55237055728510587       0.67492405707624858       0.65955226231720254       0.95445115758655319       0.71187879169813972       0.66463240006956614       0.65451541991784790       0.66048158638069598     
  0.59744566432320689       0.44799478454292352       0.57157616361585539       0.58830835058822895       0.54277573980024474       0.52567246698740067       0.66771036810643813       0.56326033556191113       0.51614365022404540       0.58099103325982293     
  0.72959223460844236       0.14181242324906906       0.56833632796799294       0.68811200640236025       0.67433194307983202       0.95729444826286669       0.72047305220238711       0.67905407345630031       0.67126254772794558       0.67820007393098969     
  0.52294734420482525       0.50574971222043252       0.64136426969216309       0.52607971711838064       0.60574870567342110       0.53693637647580550       0.71725437344695542       0.68346829706241186       0.49797053370035654       0.53537686913491667     
  0.74390484049571126       0.15183131571333466       0.58446600817845729       0.69982792532670945       0.68931467530933110       0.96007202235326039       0.72914346376581229       0.69322929390185839       0.68788130532456748       0.69474536234944351     
  0.58659706418876179       0.43094270261465134       0.53678913997984479       0.45774955975586845       0.50530852508538293       0.54424381219691731       0.55842641780052737       0.55393232201773768       0.49105832652240988       0.64080959470341969     
  0.75919642342811355       0.16221510438493936       0.60081282439043293       0.71438165735764714       0.70484688749890956       0.96282476368970682       0.73748223466771268       0.70782668194015086       0.70509766316258882       0.70956117732804491     
  0.70624456004231539       0.50926342541964442       0.57980307192499148       0.53085027912562177       0.58441191774920742       0.53687661484740912       0.53230557414399104       0.56757514667831055       0.58938025723228327       0.48444487741087922     
  0.77449414937097516       0.17379609758133044       0.61747012076678709       0.72949283463543024       0.72090269976111809       0.96545142794725380       0.74551507767460323       0.72299125007508080       0.72266067843419668       0.72446491317879280     
  0.55885800330986457       0.49633617475796915       0.51993220189530021       0.53418967923501282       0.47059069736430215       0.59508586570501731       0.51585987417972490       0.46966200889415788       0.57731155004166812       0.57766053630468073     
  0.78704329312846699       0.18575664317477619       0.63452219453470249       0.74526260541034339       0.73630712531266806       0.96787418220242305       0.75391399645002966       0.73909973586021327       0.74079116016424973       0.73975164783331360     
  0.61042987057859588       0.51006967022515304       0.63071603090728634       0.56791393989859162       0.57097207044414999       0.52128973371016185       0.61506005454729551       0.55555365814099988       0.51977666738006711       0.57707880381836640     
  0.79973740506955560       0.19868895879733697       0.65199612481299152       0.76066527587701982       0.75161569728326605       0.97037000105829652       0.76259614864797987       0.75476953925910339       0.75931540219032467       0.75570822735668119     
  0.43755671521306883       0.47562670525094092       0.63521420685011398       0.59902929890257295       0.59976139402539830       0.49178356621076724       0.59734256435488553       0.59345337347357807       0.51365068098300359       0.47996804346027283     
  0.81515944433331688       0.21279843240950536       0.66932738273741121       0.77645501596291056       0.76675307423607764       0.97294344480974071       0.77097483835135028       0.76986073855070469       0.77602769176702757       0.77104566597857060     
  0.61760866155722838       0.47783835644286687       0.66540403383693958       0.69935547391438946       0.57199576018981713       0.59885920973510265       0.58886444264949434       0.53634283810218986       0.45101180332574847       0.58931340431193269     
  0.83032424937617333       0.22804152415493412       0.68612423601762962       0.79232556525284203       0.78233969025813799       0.97531120360093060       0.77766838819259954       0.78417370133081477       0.79224447669914089       0.78628537303591406     
  0.50474588141543819       0.51662906566166333       0.55386566307963581       0.80501943164755063       0.57364253264651754       0.59692027855038532       0.56323113835560779       0.52417730640860660       0.51375421939061139       0.65148735287448278     
  0.84434662563793905       0.24525301598744534       0.70214759626360546       0.80844396443672040       0.79727368490430506       0.97735868717428054       0.78490297702816836       0.79973296690974849       0.80806670524747448       0.80153499245213822     
  0.59462716386806447       0.56837181323494979       0.63371482201907436       0.68141440022701927       0.58545112229755591       0.56335866685123204       0.43776804058331348       0.55151478186499237       0.48624318468897726       0.57044934800881764     
  0.85834499489899196       0.26372309302549568       0.71831483673838725       0.82468093950910415       0.81190427326120940       0.97934951488634803       0.79345192074759530       0.81576820733315436       0.82391858330992629       0.81797292893680185     
  0.49338779787172471       0.57108755260736455       0.61639891426546589       0.61984143571576400       0.55495731981619256       0.58492798595330242       0.52288014852850295       0.55329752470317417       0.50470148014124760       0.75077902848944178     
  0.87077415160163629       0.28366612402667257       0.73587497102058064       0.83876503107650957       0.82658803780463530       0.98134370532824988       0.80164075812722990       0.83295754979452874       0.83933176299057466       0.83587613384849191     
  0.50099118830162137       0.52696834413228288       0.73197797940078679       0.52254060387824308       0.61252501629613532       0.61664472256852765       0.56756348630403397       0.60304491809271787       0.44441327769720568       0.62230240887909460     
  0.88309930598277031       0.30397280070362004       0.75471232082504691       0.85211023605306035       0.84100808049760312       0.98332414781108479       0.80924401259885614       0.85049429721360670       0.85471496016501691       0.85309844729012907     
  0.62387666068351577       0.54065251949638693       0.59329991474259680       0.66152242855045629       0.50715840701893189       0.54236682956928617       0.51035029567226653       0.57092419408954087       0.46662474695494366       0.67005358050898300     
  0.89640468961737341       0.33150267766557195       0.77426311409268767       0.86589871344884017       0.85498668235036002       0.98533921213002629       0.81727160054060266       0.86765312458944777       0.86971116393906567       0.86901481605398057     
  0.52833750477055730       0.63581047087930420       0.64358408341401219       0.44896629714798386       0.62000558447698695       0.73664204538193145       0.51472458483055594       0.57904209951673014       0.48156238822350761       0.61511606826715137     
  0.90916953291792002       0.35988158812926946       0.79369115499914245       0.87994079690795046       0.86935556533116576       0.98729087529532145       0.82578086373250981       0.88489853753168002       0.88435895420880317       0.88310351991324643     
  0.57323185171794411       0.49574618368586132       0.58974190915600377       0.63873657786817828       0.56438377538265749       0.84018491184552635       0.51129783320418831       0.63501252683951726       0.62059594802781815       0.54246178752568208     
  0.92173579616876833       0.39488545348718690       0.81316152685588039       0.89608139217239768       0.88381442785996811       0.98911957425503683       0.83430145727117566       0.90089222151676074       0.89814636913026247       0.89573994821217062     
  0.56197809151061218       0.61705603002482101       0.64630339757861022       0.69573253543200753       0.57014364069534584       0.77877062799546404       0.49101686419176638       0.59182452115671724       0.39980094775877584       0.51219687592505503     
  0.93476402793408564       0.43558884314671076       0.83303543762055454       0.91226652296900246       0.90045205131353956       0.99079807566037026       0.84272729099612798       0.91656507627785666       0.91155285158806532       0.90978466869868513     
  0.55698222363840599       0.48857515939113372       0.60989218394451117       0.56480325991366520       0.62232716037611890       0.86135604151389922       0.42666565742746981       0.69161678507205093       0.43922971268328403       0.62717057576623458     
  0.94808247221913888       0.48493092316508440       0.85436382870251459       0.92725831939229952       0.91847777848321555       0.99250117172232899       0.85237437311078612       0.93231288000962498       0.92691243398991918       0.92518983305030433     
  0.63132314428508041       0.60076001480043040       0.64545712749403028       0.58467906425087823       0.64317437496913865       0.80605788355023100       0.49560220542863831       0.60344409197877447       0.63719429092952562       0.59942089628046236     
  0.96084020250329294       0.55486239287623162       0.87674562123765987       0.94221405772801803       0.93513258855128667       0.99403718041380851       0.86218581210100687       0.94784295398462248       0.94289805200447274       0.94055891163887906     
  0.46842215027262152       0.65017094019985244       0.60174085582055681       0.51308184570685034       0.75061479090962147       0.86583833058409332       0.51505785369879764       0.56048586032779624       0.54840008399014262       0.52291109223419407     
  0.97242537924252959       0.63538046917165625       0.90227351466822892       0.95680672966325753       0.95003727556976481       0.99548157285017413       0.87911675109883425       0.96228434386529049       0.95789970845554939       0.95640414178298916     
  0.61626471450791187       0.57873725212409621       0.69174146784613488       0.47774649010556830       0.54659759745728442       0.97384769944265015       0.51719386921657917       0.63186764838354526       0.49060383063401097       0.54877083888347888     
  0.98287711910497055       0.74567307202740629       0.92957051934237933       0.97148947041291189       0.96556740002819508       0.99693216084577618       0.89952884621983409       0.97657791011790740       0.97219817786742480       0.97184051903564628     
  0.60357335368428067       0.61462619364601034       0.56599229067642221       0.46452913746678798       0.51803622996563592       0.93590397621807486       0.43572597041032340       0.58410442183848343       0.48113216165537886       0.58310366596289709     
  0.99155210061969701       0.86689469285637988       0.96321250533776237       0.98513723655075958       0.98295767909209397       0.99844682711815846       0.94010604474491832       0.98845517213005019       0.98632928096639561       0.98562973888392358     
  0.58323950968179206       0.61935211452822858       0.67091768552391340       0.56659760062765063       0.57728272682674808        1.2109278242524686       0.62309598449814729       0.52852311138494013       0.61674335370509259       0.56264900038418486     
   1.0000000000000000        1.0000000000000000        1.0000000000000000        1.0000000000000000        1.0000000000000000        1.0000000000000000        1.0000000000000000        1.0000000000000000        1.0000000000000000        1.0000000000000000     
   1.0275871860844057        1.0002611059944835       0.53954554533674415       0.59622576110853831       0.74750455153191764       0.84125217851346690       0.41970182435616393       0.51346972553754755        2.2162780299386067       0.66473006472472373     
  -11.858033509741153       -15.472574154361446       -11.190663455433524       -8.6637276839073927       -11.456980663140669        0.0000000000000000       -8.2440473616597352       -11.441385066248724       -12.362737617496977       -9.2204016300688600     
  -10.203587261774844       -9.5101033482919863       -10.770210548289690       -9.4902080698767257       -11.060092599597192       0.89502289070788632       -9.9439760167798781       -9.7033112312786685       -11.556786725928198       -10.258711305180752     
  -11.014008717234759       -7.3811399280564922       -11.701759143510504       -11.239491314294508       -10.450580201192663       -3.2469132240467853       -9.4500450598320480       -9.9661956235942313       -13.584079378928154       -10.891879538854514     
  -9.8694240424577870       -3.6359774679057359       -8.2820679430261439       -11.863715769375112       -10.106468861930585       -5.5157447696561333       -10.528910727120437       -11.801478623869835       -9.3636773052202873       -10.229033702773728     
  -11.998797702080386       -2.2554599342604638       -10.751803904950023       -9.0474411818027836       -10.874603476137377       -6.7070081280447971       -11.819021992722194       -9.4527916873894107       -9.7174480552458089       -11.009946207812552     
  -11.450989981999737      -0.21513280723056138       -12.419947070998372       -11.310440274404158       -11.912721545160535       -8.2629211409313221       -9.3949852207185618       -10.775893929823724       -8.5522340612417587       -9.8114106891968529     
  -10.112499688968242        3.5065559019708674       -10.049033260981755       -11.885378817094557       -10.790578502543184       -11.314251855190481       -11.203099094913870       -10.174448016246270       -11.416345424404657       -11.934331663458870     
  -10.113156965830230        12.985000324476497       -8.7896155553816921       -12.537020034392089       -10.149711646993900       -12.630579424153968       -13.653397613945351       -11.694020319167286       -10.944011467477964       -11.038465342609031     
   4.5192032814198382E-004
           1           1           1           1           1           1           1           1           1           1
   1.0336858663885595E-004   5.2302930233560437E-005  -6.5994001344708433E-007  -10.745705279803627        2.4994108811266731E-006   8.1173086852137561E-009
   2.6670692596636475E-007   1.8288772016021123E-007   8.5611256843918699E-008   4.3982268943793965E-002   8.5585996480528933E-008   1.7959402863346173E-010
   8.5189249975330655E-003  -11.774691185872085     
