   0.0000000000000000        0.0000000000000000        0.0000000000000000        0.0000000000000000        0.0000000000000000        0.0000000000000000        0.0000000000000000        0.0000000000000000        0.0000000000000000        0.0000000000000000     
   2.2481556036231299E-002   1.0140975618672915E-003   1.8037931528606107E-002   1.2211981256908033E-002   1.6642011059828946E-002  0.32473409584709190        9.6944335634275208E-002   9.5691441482039272E-002   1.4410286873534555E-002   1.5188086373983140E-002
  0.53021422842834898        1.2618348357878908       0.57445156647612050       0.43398893952109407       0.46672473114779450       0.56638969643529913       0.45886190830465540       0.49513806487451273       0.65117492264598076       0.59373788369493485     
   4.2692178936403667E-002   2.0868088797214726E-003   3.6188954643578748E-002   2.4277067990186401E-002   3.3477563983062682E-002  0.47254069152728034       0.15081459781968679       0.16075929575537296        2.9697122626378494E-002   2.9887776602746531E-002
  0.64704280923985547        1.0493519386858041       0.55536741242119037       0.46545534732875493       0.58704778772049149        1.3022075403088607       0.76105790981837484       0.55722166722623467       0.72993812238343636       0.49521000369086210     
   5.9153109058470134E-002   3.2257411505263673E-003   5.3750068912707588E-002   3.7277979862809695E-002   5.0806279753462108E-002  0.51980933287564379       0.17566782068406991       0.19642568436298377        4.4581664760633237E-002   4.6074815715384555E-002
  0.59564286032288727       0.91306952289070309       0.71323756813047601       0.57011702713002776       0.61947373319490706       0.70291897682066151       0.56603335219549500       0.59240373301660709       0.74443144793862603       0.58729411588323610     
   7.6040665532813315E-002   4.4730624872723491E-003   7.1256820443837826E-002   5.3242864306122857E-002   6.7731224355294800E-002  0.55477483340978340       0.19571822016965271       0.22245494328239723        6.0166156506520095E-002   6.2309150580712652E-002
  0.56013428452561675       0.85143743918978332       0.63163859287101420       0.61521612940368087       0.55439103261274159       0.57511549698404540       0.66112309477326214       0.55774410575947275       0.71928551313912825       0.57590777100751189     
   9.2025486370189244E-002   5.8870158780782705E-003   8.8731630958125945E-002   6.9936036691798154E-002   8.3966874724759499E-002  0.58299773432055169       0.21157000897807907       0.23991123583480287        7.8283486617526224E-002   7.7542285481061901E-002
  0.57767924539569127       0.69572257905344626       0.51582274531042005       0.66087326843551897       0.58870763874709608       0.65176893858207985       0.54662463706938702       0.53298585624587591       0.78714011850411436       0.49175370002680374     
  0.10838440662779851        7.3683303667062697E-003  0.10647786438955706        8.6492599218491575E-002   9.8978875387925255E-002  0.60704946308896934       0.22624943701625397       0.25702430730624232        9.6699694813396339E-002   9.3146123542048959E-002
  0.54806593251701519       0.66605112250490528       0.59381519857999077       0.46547966467060725       0.50652318859473677       0.61649961508521067       0.57919282717059384       0.64227518442115794       0.75145575588034641       0.56764897881407073     
  0.12473955584725194        8.8892880490485954E-003  0.12512540599877942       0.10245289696837141       0.11418895991204212       0.62982551478843485       0.23944815778096176       0.27003122022179948       0.11515332742535961       0.10778551205853615     
  0.49691100289417539       0.69904660687252118       0.63644034973506336       0.67762625808307431       0.53046418917863203       0.49619134864884190       0.49661646973904833       0.59570761247344528       0.73650919838084028       0.54158038339635073     
  0.14156993731528944        1.0472182060589441E-002  0.14414943811925784       0.11648908214685258       0.12956898855278198       0.65073271604539118       0.25184836763206930       0.28355339960967935       0.13324062889658822       0.12289915462972004     
  0.55132270069207823       0.57955456269716332       0.55545941390187059       0.56910314182133759       0.54692232293143528       0.49248461148230760       0.49461672438468968       0.63159405314547479       0.68907875129815688       0.43605874624784058     
  0.15788234607531290        1.2110125020087459E-002  0.16204269436087476       0.13054281402014328       0.14402946867737773       0.67018395715151657       0.26367950265470980       0.29431582736809830       0.15007825146044007       0.13867911048523374     
  0.55116571583127194       0.53112262107487895       0.59703483845833838       0.53349106520091205       0.49977364738232305       0.68123198305369426       0.51340330468740669       0.62108614112392679       0.80643731868926127       0.50981652347167361     
  0.17382481636222849        1.3849478421320274E-002  0.18004149190274818       0.14502750954407104       0.15768451577796286       0.68767984405103000       0.27449072410641129       0.30572551031229878       0.16539384047847502       0.15457747920979931     
  0.53100603156269921       0.59254010188921302       0.53314761170901381       0.61957562667867294       0.49178957493096542       0.53230838091618149       0.61339972014278199       0.57522320425292461       0.74416079251301870       0.54629056989318303     
  0.18967549278318288        1.5686963235873909E-002  0.19640773516017854       0.16055200451974286       0.17338181151032353       0.70432533513499729       0.28326710149609741       0.31680820886850447       0.18205753100408356       0.17007830070001589     
  0.49539836166157819       0.57705642328754780       0.65266420369174638       0.47594966315175197       0.52849220938735353       0.58477225991157888       0.47908727198898116       0.46275335093422837       0.45666162187834619       0.49331121224206925     
  0.20492530326504357        1.7712188690222404E-002  0.21132973391567353       0.17655606630144691       0.18884562770784905       0.71871325635595884       0.29210921968258363       0.32808581361314615       0.19975067629590626       0.18605187959073768     
  0.49366959332372090       0.73561650283241642       0.45847119744887127       0.51033181064043076       0.45794148471164337       0.50948955358243753       0.47805027478209761       0.51526598807922008       0.70922826161602948       0.49296401316176286     
  0.21837877388644342        1.9817794961613493E-002  0.22575944396544562       0.19214114967133278       0.20619046228728591       0.73248307165034487       0.30034007774610755       0.33881291119049312       0.21808126561399885       0.20376778800612610     
  0.59754926572476941       0.49695369554457114       0.48505724761386637       0.58033060099015665       0.66064710650184666       0.57922217578421309       0.52823533777989051       0.53921977416396483       0.63353042972799667       0.57722895186711998     
  0.23136221216048389        2.2226093705482466E-002  0.24045771754691439       0.20786808950236929       0.22249969557532698       0.74546184201044419       0.30909721965713222       0.34963881814494580       0.23678343395473311       0.22185896144640502     
  0.44868250155368167       0.47984228960019831       0.50314676245386081       0.52601053681677501       0.61304842086174149       0.48833403392662061       0.53660042858232271       0.53744858249103933       0.60978465445417807       0.53707463412556355     
  0.24184344681576650        2.4750128031423655E-002  0.25744854202442818       0.22423610335997957       0.23814355261449233       0.75776695369804969       0.31762658276097561       0.36051103848983751       0.25467525321967738       0.23912243944945002     
  0.42999460113772753       0.62256953897569756       0.62481466746518255       0.47613974708265522       0.54835945224944960       0.49870020497680601       0.50240802652084215       0.48332221712970874       0.52013004469732171       0.48610375887172075     
  0.25384673456835583        2.7426914720046346E-002  0.27527960960562470       0.24101821243185792       0.25349721033895967       0.76931558757573382       0.32608584126077939       0.37136643931920410       0.27222778507084261       0.25628576427149785     
  0.47828650067112621       0.51219860293503539       0.59154155863389990       0.57440445421030906       0.56697559887827353       0.54203209569968169       0.54269819663719010       0.55668825600827465       0.52196715872923782       0.56186643887315635     
  0.26682944854111157        3.0238903573653414E-002  0.29311137815007549       0.25743478804131670       0.26933823635839937       0.77961138564448551       0.33465235448131114       0.38234379395937473       0.28897262423205150       0.27405163229939444     
  0.45298357537252104       0.56459298751458720       0.67502463738129870       0.55468392390678345       0.62519263240697254       0.50851480592129716       0.54581864948777448       0.57783600388409839       0.58906543690327751       0.53357274624402173     
  0.28320164544642384        3.3189268740566387E-002  0.31092789292011674       0.27324259462285111       0.28563483793862671       0.78815135096056943       0.34294990478738235       0.39352618655795663       0.30577683345999218       0.28958827390348502     
  0.68166905019164414       0.45775186521270667       0.49191297056764549       0.48472117910932161       0.63687640325789940       0.54416729127971941       0.61466787114116916       0.52217253027920008       0.50858868885037445       0.48288684743856397     
  0.29932893055180115        3.6416679541797302E-002  0.32814160234378981       0.28914070960494159       0.30218844132126232       0.79700310595112389       0.35125768443798816       0.40473454365478068       0.32324446062622475       0.30464965433676044     
  0.43872877113476988       0.43723613587525662       0.55502230097880567       0.58944870410223238       0.54935603405699762       0.45356661837465467       0.52789673884999067       0.59732434722116923       0.63065996551732484       0.47020875703207438     
  0.31547415346805846        3.9746393057573451E-002  0.34509692064764413       0.30542316658134572       0.31879791920649370       0.80533184246541356       0.35950754841163901       0.41605996008552937       0.34083856274985791       0.31967478452205678     
  0.56248019887726186       0.51573472752857485       0.57543177185352934       0.52721254675321005       0.53438779657406954       0.43132702795974981       0.60670007658664515       0.50326717013893718       0.49530576534407750       0.47580659792769431     
  0.33140191417579368        4.3191407339911017E-002  0.36217312108384381       0.32158352075623525       0.33472001653711803       0.81421813599543291       0.36807467582831571       0.42774127008507185       0.35851485138123479       0.33533840074685584     
  0.62657666671065548       0.49441804544764817       0.47654471210854377       0.56644631369326470       0.48533214442585471       0.54203375266409226       0.53920912457686143       0.52784188319520930       0.48258562938918531       0.54036060850923306     
  0.34731310040948965        4.6748566739821411E-002  0.37932409334161021       0.33753866297925667       0.34994551323594836       0.82311024264503230       0.37677347423891555       0.43961756290873266       0.37635560064891421       0.35331727412921893     
  0.43088677050760904       0.49899511522251466       0.55608751177829052       0.56440015306884805       0.49546691560582751       0.55168078673179322       0.69156752388895171       0.58597516096448088       0.52877683720514324       0.64586050150320684     
  0.36373522000647396        5.0172199981855979E-002  0.39752483056109744       0.35300369594327036       0.36540774630166473       0.83169328633089290       0.38500565374311946       0.45167030611049597       0.39401619897105122       0.37087475619803678     
  0.60055385983404574       0.49578285142605533       0.56823404607862826       0.58804381892790591       0.53578361533756913       0.49013498252031246       0.53601180548141480       0.52457339107552103       0.47832449754832701       0.50908124596583193     
  0.38063480397759863        5.3628476625390088E-002  0.41255394579906657       0.36794725208365953       0.38089480587631042       0.83998943914207691       0.39345490357310692       0.46381470593799301       0.41137510745565603       0.38845037095295132     
  0.59978722940229923       0.46400485686884846       0.53059521793310471       0.60361442736992754       0.57658908863804359       0.44552892329392024       0.67462054800151972       0.50536099315972072       0.51624850412069312       0.60284695400584476     
  0.39739175331032756        5.7460060591400332E-002  0.42426035141630458       0.38335358747378728       0.39547797642377636       0.84756038143935397       0.40019369521638593       0.47604931838643866       0.42862527029908704       0.40520895814109237     
  0.57976646047381852       0.43375935415347627       0.49032461490256224       0.53398138063154255       0.54202657737841631       0.44285009810115417       0.53304826854541165       0.53163080950779629       0.54899932607236546       0.52723534502736091     
  0.41373485943454263        6.1565100101454578E-002  0.43481745658409304       0.39852853552607154       0.40924475182396697       0.85500226448550920       0.40599186799447062       0.48871648586758404       0.44536178122653797       0.42072929238100787     
  0.56387116882481780       0.46529245689413684       0.52761891937221606       0.63945677817052793       0.53406202757288346       0.45034600541218112       0.46226137345468454       0.49850492586917189       0.44349451594604183       0.51207663257768599     
  0.43014938806182207        6.6181526999785550E-002  0.44769762324264528       0.41383846690296999       0.42290584279328230       0.86198928482537707       0.41130023752957201       0.50119169901609284       0.46227281305811768       0.43594295931435600     
  0.55388757237004649       0.48755112984589394       0.43440440745406733       0.57376779965984837       0.51592961202893450       0.47811313577053555       0.45144011806777601       0.51108192350464343       0.58076400709280473       0.47876436160092706     
  0.44696277755304226        7.1072304403290404E-002  0.46370091480437631       0.42957613803052447       0.43652926843067796       0.86871753859439149       0.41717675282630334       0.51340663520694618       0.47901036193621466       0.44968801935901453     
  0.46698694899656967       0.46927060943134308       0.55815934266957246       0.56275727609926729       0.41330536019415248       0.46316500612654421       0.54908679677796401       0.44729903812620242       0.48890989214879593       0.52557012428311434     
  0.46423664253236518        7.6256738552022252E-002  0.47998562963946423       0.44568230042671386       0.45249525604421864       0.87491300411573436       0.42513224124223481       0.52632088582211500       0.49587298200483942       0.46388940763529901     
  0.56387715277607542       0.48261263933870507       0.51919606107793148       0.52771579947757641       0.60396044184820319       0.53162024646703709       0.47520617054607434       0.51833361464205374       0.47448614044384280       0.50535026018096241     
  0.48081582249878341        8.1722593741318544E-002  0.49659115152077354       0.46245177938087934       0.46821245644346010       0.88093028098536652       0.43296628012947208       0.53972200621166344       0.51303635387003288       0.47797127073778733     
  0.54076347045705508       0.57704429134744706       0.55242571536796092       0.46438742106515551       0.69456661928303565       0.52858970579704112       0.63434774742184663       0.49914004336225826       0.53250151553783798       0.69520785069079238     
  0.49691126176431233        8.7602575601562108E-002  0.51224694400810689       0.47902157308345961       0.48492352190442589       0.88671883840480259       0.44188068085613913       0.55319581905704296       0.52761348526196206       0.49047971337834168     
  0.58566497403305939       0.44939418945555870       0.53184212176639378       0.67292593182346427       0.55484558941484774       0.53311818367659070       0.57701696654865375       0.54829070769584665       0.48731740489991121       0.63081258476079272     
  0.51286933308662930        9.3729153954312666E-002  0.52732051384635914       0.49432196487142949       0.49488149395474512       0.89232073158710001       0.45062710582773874       0.56710338405944449       0.54078716836225438       0.49765348337935272     
  0.52551980246391894       0.45380580769128626       0.54651982764403428       0.49170668195611406       0.43338490447347228       0.41421317047425638       0.59715974683936290       0.49621901008599034       0.44127894468256040       0.75283274156349067     
  0.52887733780454849       0.10023803095851806       0.54261571517765350       0.50803063374627699       0.50551087735984790       0.89755187654299784       0.45915675165417702       0.58082033400644806       0.55248387938821397       0.50494873759498371     
  0.64359731299850398       0.46135194078038139       0.48727961867594816       0.51918610519301411       0.43874124202846881       0.45623928981265277       0.56680008531589210       0.51181638337755753       0.40237260798880642       0.72567992512718571     
  0.54558897875770684       0.10706279285703663       0.55852778425597183       0.52246053154598082       0.51823977566138280       0.90265258948157490       0.46670417880008014       0.59442324024082560       0.56389186100895594       0.51208316406620780     
  0.45203056250409812       0.48378421082775674       0.67047929713404808       0.53397235511366359       0.44141472016126510       0.46290779684489242       0.48945507869407051       0.53609755566898842       0.42454833031522976       0.51887236028481631     
  0.56142321235464376       0.11431277839813317       0.57476257793987828       0.53712269763103582       0.53351395689218806       0.90765780827802856       0.47425757545753583       0.60822189056399922       0.57924953739606655       0.52243859370611645     
  0.48825750352048713       0.50297679254368433       0.56412300089962131       0.48738276633288757       0.52004476663783417       0.47203013906278940       0.49860963563169763       0.56156391815644591       0.56422982107145137       0.70657270572305453     
  0.57716402379022258       0.12195545557406930       0.58991684634846486       0.55324696114569294       0.54922416630344006       0.91249007164662255       0.48134402451143232       0.62260352228110327       0.59426083895066339       0.53346333742819707     
  0.49192107233749138       0.43988976980175271       0.55400813103365598       0.51159950681135002       0.56864270344877932       0.51162661762884176       0.47883198508792463       0.45434883014383670       0.45191902699840214       0.69924891180705917     
  0.59270596509761919       0.12998607274119248       0.60512259696035131       0.57025839033613279       0.56575490065360456       0.91711577529535804       0.48873933220283150       0.63630921183366251       0.61107697799599048       0.54616015917290583     
  0.58037266924372832       0.44106342075268978       0.56584145718054746       0.49276026672605677       0.52344287967549641       0.47357688154397065       0.58480609139928785       0.52350769716044443       0.47977010368050660       0.59622575094954089     
  0.60768275612380307       0.13836583730887600       0.62014197664253845       0.58593047567100076       0.58145128811235292       0.92126759676671555       0.49671948317889542       0.64855682589247343       0.62732875683976141       0.56079878596158339     
  0.52236738967654617       0.46359422754038965       0.47597546538018681       0.49554535047445725       0.52025511877229047       0.45159091644536359       0.61093444139986441       0.44481376521953431       0.48332427755719826       0.62164094648453072     
  0.62310029634604869       0.14743712372094742       0.63541624301642674       0.60169383340369575       0.59630367334197154       0.92520997542104566       0.50508093461628500       0.66053472005596903       0.64325388469630163       0.57774858511032279     
  0.57681736911317161       0.44076734017831209       0.50816256822220829       0.60593387672299193       0.59779912708334282       0.44226227478178903       0.50393687265837894       0.49548809782645348       0.46706922457340083       0.60286453910913107     
  0.63882978841644611       0.15713271857591740       0.65101737658028502       0.61753023921156425       0.61223364512706524       0.92900833465450106       0.51320329417941735       0.67312076992221437       0.65924868645398071       0.59432835796029670     
  0.53628943939263973       0.50202207894977102       0.53591711615084503       0.61673337078884971       0.54048802934234375       0.41165743116990372       0.74477032335731996       0.51781055834748324       0.46687519817077394       0.57892380783534569     
  0.65414047226705763       0.16755072501704787       0.66687743914480035       0.63403036812015412       0.62839723565503203       0.93284104025098746       0.52098637250973556       0.68681511863485389       0.67410538034341694       0.61145946006158491     
  0.54220945594205716       0.54029425290374955       0.48060719095730270       0.53996834811725436       0.53485694239140991       0.44977441729318768       0.54497605441302666       0.60415822943366160       0.45508126872779692       0.53606899277744890     
  0.66926500926691135       0.17876053808713763       0.68245815788688691       0.65165149828550206       0.64491247208389491       0.93676784222256171       0.52752293459259858       0.70105399635159249       0.68869060637332180       0.62839591089583213     
  0.48499061730305876       0.49411006078572306       0.54269848511820007       0.60571156708164919       0.56908814690758747       0.46076120819236893       0.54634876914089703       0.52436867998635350       0.48723038540023783       0.53742854640137505     
  0.68435425529257854       0.19116817600068567       0.69721261973025406       0.66884854849395969       0.66203391431609437       0.94067425805305016       0.53432440272623627       0.71519669885198056       0.70343633437445774       0.64518418558287616     
  0.47964237273564042       0.46514984398681225       0.47305192053313594       0.56726942720948637       0.58209926052118532       0.53606540491439081       0.48938892284824587       0.52826893041946321       0.46312994958897075       0.50378087372411429     
  0.70033171146640572       0.20471044378985545       0.71246203897078564       0.68502068408686412       0.67937406049025006       0.94452876132426855       0.54209065513478993       0.73011581958078087       0.71934412989577567       0.66188002910780597     
  0.51329500213029711       0.45309099405703196       0.59897548057121786       0.54782559328967140       0.54075892677338422       0.49942161543369340       0.52726513916823681       0.55756820282649611       0.54236245664461902       0.46633730297582793     
  0.71666327193716550       0.21901843331015333       0.72720470383189462       0.70111103895974458       0.69691546782271085       0.94828747906153910       0.55056883309485283       0.74582640103471454       0.73551426558224553       0.67870461225786882     
  0.59305124134164400       0.50453574655372979       0.54757154372652883       0.55641365484831706       0.55919387912919905       0.54330726270117713       0.66750679091530019       0.55771998822197100       0.50872572450377440       0.52924951007950860     
  0.73262471774542048       0.23443642436640655       0.74321676805910641       0.71747864351640767       0.71445728856089741       0.95189382404628098       0.55940456301081043       0.76172389179624012       0.75151638683828403       0.69587243563811740     
  0.56592408282798423       0.54071924290624751       0.55979783305685682       0.53157092654406823       0.60515287861869582       0.52629950029158834       0.60055847032775656       0.58026914252251405       0.50771729996411030       0.52628980217586108     
  0.74866577913196708       0.25151673157955501       0.75892391072145804       0.73318845556084611       0.73165987362938656       0.95531699185063390       0.56853968630633844       0.77792702763084254       0.76748499613644861       0.71300894468023357     
  0.55975184014539692       0.40282332685582178       0.63438169833560909       0.59907634429679657       0.56275407758214224       0.49761140885602057       0.57117121356402811       0.49506107590185217       0.53522999546576955       0.45978697996560086     
  0.76475711992776896       0.27024200113447971       0.77476396525289304       0.74827928829643819       0.74889285065552158       0.95845422046623696       0.57819864009970134       0.79428136427459028       0.78404453069186708       0.73014177488289567     
  0.60622082515926001       0.50642526195489357       0.51128705644646499       0.53532513216354549       0.56291394710660869       0.49657164072799281       0.52173400978083306       0.50528291210611598       0.63316493582900013       0.52959062071344964     
  0.78087410842607652       0.29088441986226898       0.79042062449714445       0.76353534062529471       0.76631358798905924       0.96134345856360404       0.58817785949873314       0.81110992056208253       0.79788700439190241       0.74683391299931201     
  0.50555715972466864       0.45480236323555129       0.54014115968687926       0.46995602751304077       0.56378554753402343       0.53970638375090951       0.53981240744893044       0.62544485483570000       0.43539164913190398       0.43985187108705248     
  0.79675637834721869       0.31420486262776259       0.80517896672635769       0.77956451775827562       0.78340584115283174       0.96387203908003283       0.59829598241471305       0.82789548038085048       0.81128106323878291       0.76372356642357841     
  0.77861208271944282       0.54768882672567676       0.56142998470565963       0.58059806723905349       0.64146109187253897       0.46905010252346524       0.54282452214150567       0.72537705729493507       0.43405581286521072       0.53869145260651852     
  0.81237063577520852       0.34050733947344142       0.81971654819787421       0.79499303707965119       0.79993577809100680       0.96632540949913803       0.60857900102726192       0.84447124566330134       0.82416233915450532       0.78087120059741699     
  0.57099668136532578       0.54903296814857216       0.40749786171768221       0.60428396088656022       0.49815710145798786       0.47001641114815679       0.50895782891532304       0.67045037650310657       0.44323370207110807       0.57561229142037240     
  0.82799932473504900       0.37048043761019944       0.83378498275048807       0.80921840945010648       0.81685555556434541       0.96874732195712931       0.61917949091299340       0.85985962736566701       0.83772166951348992       0.79766514624378670     
  0.52231979728509170       0.71350576262426946       0.60824329227926743       0.56063777057492992       0.59523492672814104       0.48229541358125466       0.55826296499288186       0.58133647219688755       0.45261405319897641       0.50512415719331993     
  0.84365487448878163       0.40304712082966315       0.84746703298829951       0.82365597740073493       0.83307149934502411       0.97167041273816757       0.63021628161789056       0.87322574797095576       0.85248448475905181       0.81398432451349545     
  0.55771298872481256       0.53591697614412526       0.61901082387592221       0.52446219267654892       0.49003303949578331       0.52473633166631639       0.47180054508451524       0.55400483853953453       0.54870646559079261       0.52100510891924401     
  0.85919762654371701       0.44063817345780470       0.86119164924966340       0.83782131460805687       0.84929200417252404       0.97473631738994715       0.64157145773396018       0.88532580515463333       0.86722428358938564       0.83048472286388386     
  0.62650241870771839       0.55210444693886573       0.55673603034121022       0.50155253166524882       0.58778771228341953       0.53828815463865265       0.52723940850619311       0.56283528843677288       0.52221236180149100       0.69134048735928721     
  0.87465040742502298       0.48084446572131612       0.87449791698423218       0.85294366245326436       0.86547568339253345       0.97754422578754774       0.65334217760460345       0.89489196632603951       0.88176982555893413       0.84698908203227130     
  0.54984796338177144       0.50769885067427178       0.52807282092570906       0.49947665244021733       0.64568917937018844       0.54017126827779716       0.53897397922998036       0.48568494268607820       0.51800096314265176       0.56002788745475529     
  0.89002676095612698       0.53042908027851299       0.88547490163400866       0.86862738099862324       0.88044569725730182       0.98016673253981124       0.66530645243241837       0.90601641644150777       0.89655664147672065       0.86357102171706213     
  0.62942019515124414       0.59311653291779176       0.48747861196543685       0.48174189720217531       0.55399333228194414       0.71307276733929403       0.49548132588768723       0.44155019393283612       0.45077768042487054       0.59934213195357677     
  0.90580395869043351       0.57986497373491641       0.89702100520960426       0.88507947183168612       0.89590065000634933       0.98263005476865228       0.67821939377146567       0.91435104039552961       0.91129867013922849       0.87998335138532835     
  0.52314615791768082       0.53929921168055006       0.49507468414626421       0.52610434155063257       0.61967683543078989       0.63005597657771761       0.58656065149965064       0.53047850022755361       0.53610437206568506       0.50318884396645658     
  0.92135436776561241       0.63553854953365119       0.90838976367181834       0.90116245143355511       0.91073372306050260       0.98497848517483688       0.69223761718524723       0.92399108070717306       0.92543018831233925       0.89591293269688943     
  0.47878178369979502       0.53666046546765378       0.43247381532146034       0.56947726467908710       0.52325187922647443       0.56838145279005436       0.44196470968044660       0.44405845367990449       0.51828106311534228       0.50065354244579796     
  0.93582478762368160       0.68421941979665579       0.92140951401270499       0.91797234896222324       0.92689960667044080       0.98738737062681092       0.70833350631179359       0.93570753571413123       0.93897852521552427       0.91248580253344891     
  0.49857247358738849       0.47278784833983117       0.46014407938297669       0.52291332500461840       0.56770024956856135       0.78165172237768044       0.48723311570106670       0.51868619768182833       0.62939542140786420       0.65243043651802413     
  0.94882206996829399       0.73466132941796525       0.93536414238523546       0.93515994491911170       0.94387361075480170       0.98994759685537059       0.72623791728386755       0.94956269874718857       0.95212883352346878       0.92930325621162335     
  0.51221928865269972       0.60428920121172569       0.55526932633019455       0.61148103260737396       0.57456567881087495       0.81683865671085387       0.60916578886134287       0.68005065274190890       0.48250746513416903       0.53706832493453371     
  0.95958034962037064       0.78437343291501627       0.95079491344946798       0.95157693252812114       0.95884812535890462       0.99255670588315159       0.74989788715196215       0.96315158728280070       0.96496738985049857       0.94769700917846689     
  0.43953016299089137       0.50390862574888828       0.60548982797461715       0.53411182268502955       0.51714828160800563       0.71336211436353925       0.57228922134331994       0.74314011350753362       0.46550804354121506       0.53913281266863589     
  0.97034775416802577       0.85065939925935874       0.96681148798739991       0.96817253789884417       0.97346736042592297       0.99508557779092910       0.78153733988321172       0.97687137621972575       0.97782088668418898       0.96576709230446145     
  0.56018197085680277       0.50542722286318331       0.54683638479538821       0.60109115675547886       0.59011330271460583       0.93910101236380905       0.53034983569629490       0.73779085288274548       0.65725082217185049       0.56026278242511673     
  0.98427569533237214       0.92703582729848388       0.98355554262849898       0.98390845341353572       0.98649127332194408       0.99758539555202963       0.85317833642265017       0.98868068132128273       0.98928781315703218       0.98281394938639111     
  0.56786909278870146       0.58778416390665511       0.56062131289165018       0.61269908665505612       0.46528081924229847        1.1675907682312374       0.69920436593666446       0.56385223415305430       0.59923314879754352       0.46861645513541078     
   1.0000000000000000        1.0000000000000000        1.0000000000000000        1.0000000000000000        1.0000000000000000        1.0000000000000000        1.0000000000000000        1.0000000000000000        1.0000000000000000        1.0000000000000000     
   1.0919105256274082        1.2038718681670142       0.69919787779377895       0.48203546761064242       0.54520669530817623       0.75786470721066101       0.40262799276097977       0.65020994029278734        1.0617960919763116       0.51029384534514188     
  -9.8334095877526995       -19.162929085087924       -13.252223661343720       -8.5059238265402115       -10.615690788722013       -8.7695267849427498       -9.3194425574500261       -5.3599317298432441       -8.9800933925511721       -9.1287450407919124     
  -10.494185220774746       -8.0667264837599966       -12.138850345008880       -9.8026947805787739       -8.9543119755752780       -9.2529741170668132       -8.8713366550927173       -10.936753126271867       -10.982004274669187       -11.522499043250658     
  -7.1471960291319938       -5.8991639362582795       -12.243211270635321       -11.394776870434113       -9.2881051860807240       -4.2572146077038475       -9.9508507954547021       -12.506887089899539       -10.931289388163391       -9.4171459791252978     
  -9.8854965913054773       -3.2153498360244321       -9.7887970032503819       -9.7349928266313945       -10.456649448375030       -4.2965869872551155       -8.7452638817851014       -11.452464085311941       -8.0577119411570237       -7.8132015527840943     
  -9.7939262403723681      -0.33623277189516709       -8.3346201953504373       -6.7640860245093517       -8.4996302697880299       -6.4496116530822194       -10.169475903077716       -8.1171665206118284       -7.6898953806588368       -9.4709315841670954     
  -9.6464421354062555        2.3441108830085442       -5.9454721495228426       -8.8284656778643242       -8.3607885601670233       -5.3875540376745326       -11.019023361352657       -9.3978391591651729       -10.534220484178737       -11.399661319302304     
  -8.5670703799988779        4.6526463328828296       -8.3356456989376895       -9.6748837549180049       -8.7117220816097731       -10.098618298074074       -8.0458001180115666       -9.0295411994194268       -7.4223798591989318       -6.6011193125942054     
  -9.6114390051729206        15.695210194169610       -6.8872705799548095       -11.077094694388537       -9.4242016010937313       -13.359332041143430       -10.256284704397810       -9.3107243563096382       -11.006627121624746       -10.092172180636823     
   1.5718852451383468E-004
           1           1           1           1           1           1           1           1           1           1
   1.0192040776622510E-004   5.6936427633607499E-005  -3.6463700834096444E-007  -10.317692466565861        4.2192498906328214E-006   5.0305630810010380E-009
   3.4202582131683340E-007   3.4068369592088725E-007   1.9573213942970328E-007  0.17768037298842057        1.9562412332799048E-007   1.8017923917132753E-010
   5.0000000000000001E-003  -9.3183533696319873     
