   0.0000000000000000        0.0000000000000000        0.0000000000000000        0.0000000000000000        0.0000000000000000        0.0000000000000000        0.0000000000000000        0.0000000000000000        0.0000000000000000        0.0000000000000000     
   3.7443298611533160E-004   2.8982975239070299E-003   1.4841434549176559E-002   1.1366288295947824E-003   3.8691813818612107E-002  0.48853525030277556       0.13867966956624650       0.10818202774924958        1.8731028657701584E-002   1.0294293216294862E-002
  0.48187444942757440       0.47235192532462617       0.42427952893883170       0.43292222700791982       0.43963448406306477       0.48303492916512686       0.34893301988015729       0.39310632543033602       0.57811902841484142       0.37646375359160839     
   7.4361890576876396E-004   5.5971253240318739E-003   2.9418728947087507E-002   2.2079276805225057E-003   7.4596282203611128E-002  0.60663629005944997       0.20205207906446168       0.16705287126734875        3.2536822703262913E-002   2.0676818392369338E-002
  0.48332574730281430       0.59409211986238852       0.47329033994812303       0.57769021696226075       0.47651696878055055       0.57742395476347730       0.49608029904552642       0.47843256096316228       0.56828738831735048       0.36236171795747918     
   1.1612730267350909E-003   7.8832310500426724E-003   4.6583416807899000E-002   3.3582375475174181E-003  0.11061009674859142       0.65508307604199911       0.23579847195320836       0.19741786639420006        4.5510639964979581E-002   3.1587143113605998E-002
  0.48607885255662542       0.50846319180141486       0.40461033764344845       0.43829091014004878       0.50761196289291621       0.55387449869913230       0.40191526334012923       0.59320595262583464       0.49930972239680260       0.36830212852047967     
   1.5626787771846800E-003   1.0041452864508485E-002   6.2096284408261079E-002   4.4662172748861232E-003  0.13477565668257296       0.69497440007198874       0.26037090256417356       0.21848561630671010        5.4933523649849186E-002   4.3592868637822621E-002
  0.54233000128970676       0.49585411699730636       0.40474357588631366       0.42730532774520485       0.40197907500048885       0.59807697542036664       0.43645770579402676       0.37975006340494738       0.49032114396384580       0.45713624442833961     
   1.9704671733928496E-003   1.2600535084593740E-002   7.0844708230494019E-002   6.7169934694915282E-003  0.15449481029644901       0.72838100503031200       0.27673165724740034       0.23381636385998605        6.2290131090459215E-002   5.6815746767047273E-002
  0.45358553190242606       0.50304577573117215       0.37316044166485574       0.56401618968770595       0.42878114355401947       0.55147250255950975       0.38189263509155191       0.40488927879807030       0.38625630071069256       0.35852941580991227     
   2.6877063090273187E-003   1.5432291891793687E-002   8.0129954180830590E-002   8.9562619862421193E-003  0.17523972765653653       0.75490145234693118       0.29141663197856443       0.24556822891555419        7.0553819863846678E-002   7.0468470939251404E-002
  0.46532413609038253       0.50514902237467629       0.34446231107100372       0.74402586820030359       0.49907816704537256       0.45734398001898785       0.35597886127839201       0.37696748349092718       0.39934817273716872       0.44837453386854148     
   3.5283664767570585E-003   1.8003523529833074E-002   8.9228688953146632E-002   1.1215127134223455E-002  0.19314784240057123       0.77624324098786546       0.30523104801025952       0.25432972809963700        7.9554084511506321E-002   8.3891036603644609E-002
  0.62557124204338699       0.41399177828931910       0.31722490479804893       0.56872867311635256       0.48884502735973318       0.41090028184062416       0.35766050807446165       0.35163420529519240       0.38228857819707884       0.45401363044401921     
   4.4051767050970313E-003   2.0321794480904060E-002   9.8099003888313038E-002   1.3462019867460250E-002  0.20917074243174283       0.79265062885320781       0.32088876813218176       0.25858268336120532        8.9652698029971500E-002  0.10064492562918852     
  0.41844414862384494       0.47200429381577136       0.32553537106688690       0.51777643141371266       0.43945031839015969       0.36155880219406034       0.36917664270523654       0.30740922287496203       0.40330680529548862       0.41845911821485088     
   5.4508336058335131E-003   2.3270728778367410E-002  0.10642982642166862        1.5650976014747225E-002  0.22395847880259934       0.80840012958061158       0.33315261103366239       0.26241485370868467        9.9255972384432428E-002  0.11779791203513340     
  0.52835317188863973       0.37705155581399130       0.36279977420567272       0.52751007835364583       0.45377336493580794       0.40287410181372624       0.39212037454788951       0.32674020214337612       0.44222647916785301       0.50069669354850832     
   6.7435464707528876E-003   2.6390381595827576E-002  0.11998539502347640        1.8547389666667316E-002  0.23834522902527366       0.82307008993795860       0.34867249058013966       0.26634303202689680       0.11532168009857992       0.13472901841980817     
  0.51365523491975607       0.41776012783885735       0.40364143407218861       0.45599872145434389       0.45008490504550458       0.40465729509470072       0.41304146556251148       0.28754907537468966       0.62348054835242173       0.47092173125322090     
   8.1067082483674297E-003   2.9395025482332717E-002  0.13831914165624412        2.1625314227030935E-002  0.25241874732907987       0.83625210553630847       0.36173308609912691       0.27007707277863346       0.13202861364816751       0.14960673465987498     
  0.56649056379972573       0.36478966692897918       0.39174770549093840       0.49354870273435159       0.38477665086481999       0.43534183117858283       0.50884044968131670       0.31128315849739790       0.50154360236780560       0.44732089620752247     
   9.5369535785231191E-003   3.2682068368774762E-002  0.15545958993127026        2.4378388874963571E-002  0.26619864763855594       0.84826526131368651       0.37452125160738126       0.27581221411190060       0.14888552779936765       0.16331225581074038     
  0.54037921713472670       0.49982116960630263       0.41418776314148603       0.42809171604392948       0.41112605826870657       0.40327254334161644       0.39656137486269183       0.39033228736285697       0.63393657108223123       0.37866919812061328     
   1.0878038813276224E-002   3.6158147338153403E-002  0.16731732673531544        2.7267449660924811E-002  0.27984850914069226       0.85827991248405289       0.38825062789581238       0.28473707759169598       0.16601391947772981       0.17737490811809142     
  0.54232250083323719       0.41442702466542258       0.42155001676047033       0.50856488593078653       0.37813443175749317       0.33872709214251184       0.47316309781164756       0.48763712860904673       0.61547433689206432       0.41475100470819320     
   1.2343581604475221E-002   4.0168570914622712E-002  0.17887385145201462        3.0446335487744506E-002  0.29337107124528089       0.86741858203117028       0.40365512981984841       0.29529233483960515       0.18366705699266217       0.19285770288154658     
  0.41812284315360793       0.42139664002792521       0.35343068176544934       0.40486751747100408       0.44234853046606298       0.43431186552463602       0.41180526228677594       0.45966893759570510       0.40798006675211185       0.42009357137190961     
   1.3795624348937750E-002   4.4535843494927264E-002  0.19132111087676948        3.4057808550050410E-002  0.30680939033157761       0.87573418169842709       0.41839102150441332       0.30690227766579098       0.20204739253557522       0.21046674541437871     
  0.50337610027165580       0.52661639947720440       0.37099221903132079       0.45496112889475554       0.42147609851896811       0.47367011602136749       0.41245123032601699       0.41866010904588546       0.42116667960945220       0.44820770259988263     
   1.5427230322175640E-002   4.8893068071705771E-002  0.20198928334562616        3.8120701818645096E-002  0.32029000222351439       0.88372980578086469       0.43217639269259761       0.31779854576778993       0.22066194202216341       0.22887576365580112     
  0.42232534443493425       0.42044546733643340       0.42551701784693169       0.50712589331222691       0.45133491767941880       0.32371491363832611       0.49639081780738059       0.47676615019147406       0.67771359512463958       0.43869592361953702     
   1.7175896978981094E-002   5.3652592451853554E-002  0.21943591391201417        4.2325357560439883E-002  0.33400254604793550       0.89116733601343667       0.44465551037544215       0.32896507851305185       0.23878736030208414       0.24662421745103016     
  0.42377045885834885       0.42783055869669756       0.48953444504708032       0.37673512323118685       0.42292896002716773       0.43462635194907129       0.50598592898587158       0.47566921304771198       0.45782595383409647       0.43134850763718252     
   1.8935234108606525E-002   5.8493958577836520E-002  0.23803930901320519        4.6707407159613620E-002  0.34734696156540479       0.89794598496361355       0.45591054472343528       0.34019353651202688       0.25686027330884759       0.26436866783708746     
  0.37680764058785182       0.40495222289048499       0.47639187772334396       0.39930231383330056       0.44513654109865930       0.36185694598298140       0.41235603486754469       0.42101590437667269       0.50195772838251362       0.45176559359327534     
   2.0824219523007208E-002   6.3889662346025139E-002  0.25599479103902661        5.1079342720464445E-002  0.35992876140184232       0.90433812094787314       0.46660012682973634       0.35134976401802953       0.27418413250966484       0.28264810227736470     
  0.45773700837218928       0.41456932385231543       0.45518319438469695       0.42215702888350110       0.40789717203415604       0.43137073912622664       0.42464864093019911       0.46026081741786401       0.40953441616770542       0.47414235812037109     
   2.2834531386236867E-002   6.9482163181573742E-002  0.27420565369053618        5.5581049050082744E-002  0.36668118059231131       0.91034467528112639       0.47727413760737775       0.36210647555344877       0.28847264835262482       0.30222699049462948     
  0.41107603293102568       0.56107226292348811       0.43885930594699979       0.35499451582646901       0.33622012580676963       0.40158156085854302       0.43767593088313794       0.40478277078331415       0.34626535982675660       0.44191427351817625     
   2.5067710366927700E-002   7.5682399495287406E-002  0.29284919874474891        6.0180058088783038E-002  0.37085266515676013       0.91574145662844297       0.48811934471953006       0.37206456991369874       0.29796124689048575       0.32266114375188160     
  0.39509174591081653       0.42484612340075056       0.50355581973186025       0.44498854419067296       0.32156476782932486       0.41701322352180487       0.38620960305765589       0.37424340315092014       0.30388369633919227       0.43147288633766484     
   2.7514582518500499E-002   8.2261596177662072E-002  0.31177747823525803        6.4375005996497300E-002  0.37523102915218837       0.92061160171811096       0.49922309257238862       0.38142514818506912       0.30840309630573548       0.34251200201376791     
  0.44154152637203792       0.48993022776587708       0.39188691213119886       0.36955405891171456       0.31874819392020420       0.39818048306754167       0.37895230169514854       0.46902635976234974       0.29738513594110455       0.44418603186692834     
   3.0199890193001060E-002   8.8394809260573054E-002  0.32982212363946239        6.8928177738444757E-002  0.37950524372622030       0.92522016149006370       0.51068908885280284       0.39050283420875770       0.31875991689589428       0.36133704474895723     
  0.37661469825961585       0.34150258258057886       0.44198157758926598       0.36931653913575274       0.29151594340699510       0.33398104358442476       0.47886512163182926       0.37071135416827544       0.34894637986040328       0.45835898086521909     
   3.2977136272350480E-002   9.3811162834763678E-002  0.34621424524710481        7.3646718288080115E-002  0.38411536352450287       0.92955458875260721       0.52269306382866410       0.39962497002682645       0.33145309098632086       0.37868194581722037     
  0.37466457505148554       0.38599023655579529       0.40873336874521082       0.45020252999643018       0.32662090848979347       0.39946991960548034       0.36983559854601600       0.35391756109408085       0.36579948416975744       0.44343320565970723     
   3.5858386922223262E-002   9.9150777418047981E-002  0.36189288584373280        7.8668242303136945E-002  0.39429256227942810       0.93371423712564405       0.53464199085876052       0.40901294650972853       0.34397655680410139       0.39551165638515740     
  0.45965476198503735       0.36937155369505337       0.41418578076932749       0.35536328052951449       0.37458497493616877       0.39384775494654167       0.52430857293240185       0.33265518357858415       0.35895214429249667       0.44480406438191677     
   3.8954506548388446E-002  0.10454134058634017       0.37714483154907424        8.4075472451619032E-002  0.40604562114486253       0.93780030206417841       0.54463657795662956       0.41937222422449288       0.35795725256175481       0.41252418855583584     
  0.42036242015939690       0.35190993299343531       0.40580380081482958       0.33673824606307995       0.38821774590917452       0.44768319075797003       0.42075286231202436       0.41012374839113358       0.31744655775107827       0.46052528972952977     
   4.2318263891334314E-002  0.11049979614020942       0.39213320859125400        9.0028754921422691E-002  0.41990929772542201       0.94172032990051502       0.55074230002060764       0.43013475973372922       0.37425985830923997       0.42661155943647344     
  0.37309579933871190       0.41354884756314264       0.42206368137686273       0.44526772929991909       0.38953661394964073       0.39893009620633807       0.38013394369786663       0.51864994066705961       0.49827420378103426       0.42937139167731386     
   4.5873273742351867E-002  0.11806905999971802       0.40597005838997019        9.6215874628258549E-002  0.43241195919026393       0.94521400771113506       0.55691465906340198       0.44111094276874763       0.39306511335440375       0.43650982220776591     
  0.34190030484188888       0.36006462684891916       0.46021669684135419       0.39954052996961226       0.38876918211163730       0.33023836787427280       0.36060166643191127       0.43102994270109979       0.46456043976813166       0.33332840348785420     
   4.9727537000095259E-002  0.12629033546115240       0.42026867031933546       0.10321517872804273       0.44444251321263689       0.94854526856476951       0.56282602343879151       0.45184400791392298       0.41161673020893402       0.44608889321777889     
  0.39610395102003221       0.37843589304150593       0.39629528725426122       0.43098889667196616       0.38527871851361811       0.43600092296378323       0.35312046862738578       0.43451485957318831       0.40148211849763632       0.39705864828866044     
   5.4069707264496593E-002  0.13575426855303013       0.43409820530077708       0.11068977642269981       0.45615997614655829       0.95159134275360069       0.56859421482319294       0.46275168785263354       0.43044963018691118       0.45563365810721129     
  0.37389482556226922       0.39198449528859591       0.38584386692077582       0.38876960408787187       0.39098318122900799       0.40622682490461226       0.34175563752381138       0.52846615712610390       0.54015349659875445       0.36823579829655728     
   5.8759671173862695E-002  0.14664541533094264       0.44936687158217353       0.11843553424707870       0.46828158898116817       0.95431614608235038       0.57440884583630414       0.47260637675794032       0.44827467747492422       0.46547646630058920     
  0.38170196518120320       0.38362653663608581       0.40293535610509362       0.38202656739788238       0.38121931368814060       0.44117612538382933       0.36221625260681656       0.41717006393649142       0.47851573837356787       0.33399215433006318     
   6.3649363112272067E-002  0.15830131606686187       0.46724440321501226       0.12659021323692149       0.48091636153558381       0.95712646587617078       0.58488701936491116       0.48304514650661012       0.46510705670848479       0.47501326605046701     
  0.42796635981736197       0.46193650285052840       0.36432055910534589       0.39258571337938675       0.43454255442072576       0.40440753230645926       0.49777754942941888       0.46464614131464393       0.41641030140837249       0.45134785449673809     
   6.8869184636793007E-002  0.17088710092878467       0.48579663045340948       0.13479191945721417       0.49383828050199069       0.95994745951833382       0.59643996781169129       0.49734724408851244       0.48216729150354781       0.48868629415256898     
  0.39613085828231742       0.35707492202504437       0.44704290324315149       0.37983042771376840       0.50326300654878131       0.39289739809927698       0.50382599201647671       0.49249079971485449       0.37902095066481156       0.43287436727981798     
   7.4540298277835412E-002  0.18471083585222553       0.50417810823695575       0.14285506480228047       0.50623801595772500       0.96258000820394918       0.60689620695061031       0.51119746023551071       0.49895042920062205       0.50520085428053274     
  0.47744772326018547       0.43896460119416852       0.45421654837377601       0.41806427886020753       0.59877074581216660       0.36947786516246434       0.52429973826267384       0.42636344172311802       0.41971169644755468       0.49679236517520647     
   8.0504149390923554E-002  0.19892206100647877       0.52279810953181838       0.15154699332184390       0.51857197095134122       0.96500713323552956       0.61648356257787607       0.52319000827982320       0.51479761213414998       0.52191305400693122     
  0.42280505675902791       0.43993223425440942       0.42909077147958591       0.39542560671943161       0.39873871845454634       0.40491752318853624       0.49028050501955217       0.42147487013237073       0.40791827050022245       0.44737055599589104     
   8.6913187460506663E-002  0.21375182868888634       0.54158448604610565       0.16110385008644623       0.53194434990948536       0.96729217624599151       0.62653204117809291       0.53574394954670601       0.53177916032887751       0.53755419817136818     
  0.41270566955306054       0.44523821241247796       0.42800465165972246       0.38088057722498903       0.48887865021225119       0.31649267901040595       0.50096710399269606       0.40290474274222654       0.40763455243801044       0.43815407880457535     
   9.3662983762461474E-002  0.22825906719132313       0.55899241011721312       0.17112379538512296       0.54472293419135509       0.96947906988117416       0.63580876424635524       0.54903869523857185       0.54951906406329720       0.55237485471122549     
  0.38100632543525970       0.48177353386806637       0.47782907526378537       0.40969334540285240       0.46326494719911870       0.38006194037394453       0.40460421152040582       0.40332895291084669       0.41324299229284933       0.36014558030189070     
  0.10074315471324370       0.24320963599345227       0.57476817969709304       0.18154616258475456       0.55767456265636250       0.97153622069871137       0.64602487148517296       0.56271820564051245       0.56526754298142801       0.56761808778770761     
  0.36790503102226008       0.43174397271671533       0.48887331476725399       0.44800960365829340       0.42813600850973699       0.37087175536085121       0.55340524769126032       0.39703724973440047       0.33717796841556269       0.40410788878469883     
  0.10847698885738094       0.25934261195547836       0.59231791093369990       0.19223517742343560       0.57082684539324813       0.97337621254243167       0.65629674643145397       0.57742333182418304       0.58030966903156689       0.58377993563611552     
  0.41052671687032150       0.35509495412622344       0.41887606198953226       0.44066690891415705       0.39700460131109794       0.35199043515426159       0.49380325836185401       0.53360204893126717       0.36893171807476527       0.35071192918344329     
  0.11657623662781039       0.27729592969489214       0.61057758904961035       0.20298500120569019       0.58438181707152281       0.97507920427198580       0.66481386739622961       0.59279552627244181       0.59748466538958045       0.60088239500415963     
  0.35902801611614643       0.41353903846560797       0.45673706266307601       0.42944317294596968       0.54148578695703009       0.37692838294277825       0.58624233488157007       0.50034244476070056       0.34838136847507595       0.54061254408115023     
  0.12533993784733455       0.29831134574410223       0.62877359379481168       0.21407531618617570       0.59837148962775544       0.97675095521844335       0.67190634434973673       0.60870665406265534       0.61526288159585585       0.61862657407405075     
  0.40417174086137553       0.42407982742149841       0.47773770493399531       0.41293087404431561       0.40848353245463848       0.33269672476170259       0.32649912332916997       0.52190703334292543       0.46403037542505265       0.45772347841784450     
  0.13440860725021017       0.31739366598316920       0.64609629784332367       0.22574526067194650       0.61221343004179551       0.97845590840362828       0.67888549196780357       0.62463971327749512       0.63240954706375208       0.63625426893002046     
  0.38555934934400959       0.40923287536987707       0.44352375606757438       0.44643444348558931       0.56938059976899202       0.51784343039975744       0.42878576526262313       0.47398611207331875       0.34987315424727039       0.42373681044810280     
  0.14395405277066425       0.33324769136415394       0.66360215449120197       0.23729578357574266       0.62559877780214324       0.98014254831190384       0.68607979222351612       0.64082240193611206       0.64965381793874999       0.65425892613778980     
  0.47117885751866156       0.47386888571584473       0.41460374936341193       0.37031957510849606       0.35255272170333896       0.50651562206690004       0.45552644345896537       0.45422470812138988       0.49102002951821755       0.41313119952980260     
  0.15367833084281957       0.34961835497326227       0.68099393242171169       0.24987817802997897       0.63864211653640457       0.98173039569392906       0.69324820874375714       0.65698709043419712       0.66717372885500992       0.67113673394181950     
  0.42019984074903843       0.45622331081036932       0.48808631623519388       0.36332281591217008       0.44961000212933716       0.50731916224739970       0.37899966551322140       0.46069155876778461       0.37979144028863115       0.40496167955633111     
  0.16419412613276893       0.36702589505702699       0.69846564750555673       0.26385997667872907       0.65164921496132855       0.98324062187851935       0.70091775839501957       0.67273650405124685       0.68511347400659584       0.68641423195529550     
  0.39297337553862222       0.34478101829099356       0.46081229733973772       0.36593298379732653       0.51894733070257981       0.42650576257645723       0.39772236956103879       0.41875245008421796       0.53485334476834034       0.45343734517989093     
  0.17528031459909565       0.38951177092049660       0.71619635596132492       0.27878073866876985       0.66434713703136317       0.98472075602827958       0.71049939558445407       0.68832429432028008       0.70364990946271611       0.69957569722669966     
  0.37489029119182554       0.39173530894938574       0.52056277943246121       0.45756888242021515       0.50611082146611819       0.39427371636201741       0.44041387154771744       0.47508572138736460       0.48194727217130123       0.31347409525247705     
  0.18729824994116381       0.41739492691032432       0.73310620661981529       0.29412057801925517       0.67616979604362315       0.98617066152676858       0.72108458505501005       0.70420811213135903       0.72310802219205772       0.71296351219518106     
  0.41659340597697936       0.46804777292150973       0.43924971563980064       0.46278388446037882       0.40857058476876468       0.54033161426691989       0.48250370771203116       0.46501748848273411       0.41079183281599707       0.38852096747162518     
  0.20058670109408239       0.44565608483421731       0.74949091638829590       0.30929460234467748       0.68816023175374286       0.98752361690585921       0.73110215077804852       0.72100021008444903       0.74311944161973165       0.72790003570744766     
  0.36641932534987331       0.41342221995755291       0.39938708948177565       0.37937518584148389       0.51191469696020064       0.47563654655352067       0.49370393831819892       0.39101710287168534       0.40917106802400516       0.36684650955143200     
  0.21557423403372547       0.47292194980789687       0.76565410138681667       0.32548167517676158       0.70137327908690039       0.98876997071970929       0.74105241951848089       0.73577170775734624       0.76198534096292525       0.74321910258096968     
  0.34461395273147655       0.50956739203764467       0.50894610631649417       0.37290637412713185       0.38249231434389980       0.42066147936789072       0.50009317529882225       0.36258414457399452       0.45527554710988133       0.37378758818509977     
  0.23188856328888888       0.50083802393781918       0.78279540921192114       0.34192944554242444       0.71440628248638260       0.98987224429604037       0.74998720680751518       0.74973389142788238       0.78064657430595052       0.75988584338549781     
  0.31537564418565056       0.36638701609929519       0.44727255604326116       0.36846531285071832       0.38739050941707415       0.40359620324495676       0.44498961035386442       0.41194184590287530       0.38363095722730306       0.47267549188289848     
  0.25082630998240207       0.53036669009860138       0.80121774169641713       0.35879103095704945       0.72824016382487300       0.99104912515420140       0.75961649365273565       0.76449754849682683       0.79878734321330669       0.77676794064112886     
  0.42871659773725707       0.38565398312262777       0.39193236704214135       0.43075899091397968       0.33744030282337106       0.42736496856267608       0.42301903012278891       0.43757247217772044       0.43138242544659217       0.54650003544501935     
  0.27149888563882085       0.55977180743547239       0.82020106733075038       0.37790115027807347       0.74219066489316243       0.99199844642811552       0.76887511437319001       0.78103147410963469       0.81671046885356746       0.79359875479227526     
  0.44303209054391518       0.58046328172066941       0.45851400958718186       0.34036184174615403       0.43430626717155690       0.46655559465739954       0.46826672774714145       0.42531558555024263       0.37291006670498744       0.36560423300616102     
  0.29409965223453882       0.59078023712080785       0.83926532351720196       0.39934761071597280       0.75549866217689488       0.99275837770933362       0.77768890190455664       0.79978597525283635       0.83447048880856189       0.81146602954359726     
  0.31674300754831641       0.45451276430892362       0.48110335574347785       0.42653035732179373       0.38094889066157545       0.45178012315357208       0.39344203594622534       0.41320555605791520       0.41697321012013361       0.48442392526329253     
  0.31828728466090933       0.62602730681330798       0.85664707061824763       0.42369360978129400       0.77089909467593665       0.99351783141180361       0.78624768437113068       0.81872507319516941       0.85238375505653230       0.82947010025891277     
  0.40557139749670418       0.43761721272688509       0.48987098092123266       0.43964157256372843       0.59616092386595831       0.43055721767373778       0.40245493952333444       0.52427551084054425       0.46492948217378133       0.46860235701238562     
  0.34774888020856448       0.66589627267964724       0.87073374817585003       0.45057237257738358       0.78872366056324927       0.99426806573527438       0.79451758912372705       0.83697262809794448       0.86607932713175173       0.84713061839567683     
  0.36805450711555487       0.43303575116134346       0.40360888742996648       0.63511557597577961       0.45298023490598882       0.38400289431440326       0.48637640346980826       0.41005882877326283       0.40562890142806013       0.42907645637659997     
  0.38353203774882821       0.71070443943512229       0.88347130813618691       0.47871009637249995       0.80532399879546834       0.99494124510779092       0.80260671001930284       0.85468177024521752       0.87966630072818630       0.86471196335983191     
  0.45295546014569493       0.52264416152791981       0.41370389189635259       0.39484086811962682       0.36120971030130161       0.52705027828078954       0.35523210918483900       0.40226286513363801       0.37217254395569965       0.42646465540653472     
  0.42027682798713384       0.75714830831453384       0.89561207985882318       0.50761776666947189       0.82258025185091710       0.99563487415525342       0.81187142808457924       0.87196867486276641       0.89345311887760492       0.88271709689653155     
  0.42930009530883945       0.39145412209212260       0.43343047003211255       0.43656560685001389       0.38248581337406606       0.44110782567019247       0.30949156103485687       0.38102734151101153       0.41468179300033681       0.48870395293428726     
  0.46096061504446306       0.80445386725024326       0.90958906473776369       0.53822958445204283       0.84107071686768220       0.99648255947085174       0.82218939775918320       0.88954471217269515       0.90890498109969153       0.90107278846398309     
  0.42974003110869435       0.45867628852045444       0.43085800786211165       0.36937543315495214       0.49172049921794764       0.45913919748510112       0.39982159358298269       0.46476296839612269       0.34601192402918957       0.44683515565595178     
  0.50857074325287621       0.83825192446554442       0.92382308391685841       0.57109751685773780       0.86328920331616976       0.99736982188753709       0.83468965298221298       0.90830447586497520       0.92618442448160876       0.91924790153711844     
  0.43848901541639113       0.41416018176431474       0.41744912353956853       0.34270158041628962       0.46696158059427750       0.59790535053660865       0.36784644207079614       0.38701110381441867       0.44771151801722225       0.45411275883787422     
  0.56312783399309940       0.86267111491865878       0.93866287456017083       0.60771878978999616       0.88651343519957437       0.99788978360043346       0.84727347619624782       0.92743557210442551       0.94388595691806509       0.93664719793537909     
  0.42254247625283664       0.34179851010147699       0.48418967421664705       0.42323895109317056       0.39982097393847355       0.45213377902053564       0.44021259709975258       0.55954326082496120       0.43390063985677846       0.50587059365518450     
  0.62809195304620258       0.88923416066734828       0.95450545871115988       0.65485922067900515       0.90994072336854304       0.99843555885807000       0.86021735257385001       0.94675006938993156       0.96034992204584535       0.95408074390581477     
  0.43972316588838251       0.37891318166830640       0.50413709507119608       0.39273073419989679       0.48985022901130976       0.59030576756682607       0.36420109977325893       0.46263219236984232       0.36025690737131066       0.46399573840948211     
  0.71263319617169785       0.91634719457361313       0.97060600242979356       0.71463688621981380       0.93550612055641613       0.99898713372435399       0.88134067164117502       0.96556120230713882       0.97615212648863503       0.97099562082372959     
  0.49654197838441477       0.39366925691622773       0.46901691021778824       0.42009658404500888       0.37179151745721573       0.49629841980498685       0.49503740775076527       0.42842934088190765       0.43375464617007026       0.40436475069461930     
  0.82940664215452575       0.94264497938745573       0.98582500514079552       0.82064765391599492       0.96468712344505347       0.99950746249411582       0.91836112829911831       0.98280588895977516       0.98860882184589316       0.98608948102292970     
  0.43133970209559286       0.28682294684503101       0.36241380585029953       0.46649346102632705       0.51004904325287426       0.39518530441184901       0.52541942273223030       0.44248929750145549       0.34736771904467029       0.44628784620473883     
   1.0000000000000000        1.0000000000000000        1.0000000000000000        1.0000000000000000        1.0000000000000000        1.0000000000000000        1.0000000000000000        1.0000000000000000        1.0000000000000000        1.0000000000000000     
  0.45547008786897758       0.44495111226799222       0.39519409198490446       0.38599382656085918       0.49196478526729315       0.32997553187537609       0.40265212209632750       0.46260611638888283       0.46148874642711052       0.39546680723520611     
  -18.961201278439834       -11.507735958819927       -9.8532183964778230       -11.873530319982528       -11.627141934593240        1.6950297815521562       -12.295398323494911       -10.229904114132937       -8.0792440224257440       -9.5123853683592401     
  -11.021118520343936       -9.9506686214071323       -6.7696154206355228       -13.974229289645791       -13.414575391104107       -1.0527928029116429       -8.7772115903739447       -8.9745912979129816       -11.334907471291682       -9.3655376641018364     
  -8.8188190837986120       -9.5677885149557902       -9.9294327703007657       -9.1795162639716974       -10.643308347080135       -5.4400776205386849       -9.8864525395377054       -7.8030529976991634       -8.1779471640989172       -10.853598814121780     
  -6.0326578910885047       -12.389474302799339       -10.068930574287661       -7.4617121980131742       -7.4312687730162246       -7.2593427572786124       -9.5438046057488730       -11.320480878770489       -10.188199055312657       -11.500378093569847     
  -5.1200325639808106       -12.239309461880953       -10.051065243138021       -9.4712882109731229       -8.5346412879682951       -4.2453112705561944       -10.346209492224935       -7.3716839638459994       -11.498431242929588       -11.847029750509662     
  0.57627870345038901       -10.122191221753228       -10.209580500684931       -9.0528484805351557       -10.884477491634012       -6.8926524845976775       -13.577352120017668       -9.0849226941181076       -8.7024629074997204       -11.399687931298395     
  0.49084791220119656       -10.294732979809314       -13.437780775826061       -13.709120169058977       -10.184161701513130       -11.232713938476294       -8.8001393767197129       -12.593012951427774       -10.251572554738384       -8.4056574585548791     
   6.2011018080536591       -11.148713396915824       -10.711410032467420       -7.5574053397397796       -12.012320957131273       -11.395038240994822       -7.1469711903010973       -9.6729252212019325       -11.589740786882299       -10.390749771754848     
   1.2064500102930489E-005
           1           1           1           1           1           1           1           1           1           1
   3.7898591810453120E-006   1.9122092721128547E-006  -9.0853365655312744E-009  -13.261373780563261        8.2063031873252209E-008   1.5273351860177459E-010
   3.9799618612382033E-008   3.8996171222205871E-008   8.9038249961321700E-009  0.31373486503287407        8.8990286932747586E-009   1.4866489711740329E-011
   5.0000000000000001E-003  -10.581168280341661     
