   0.0000000000000000        0.0000000000000000        0.0000000000000000        0.0000000000000000        0.0000000000000000        0.0000000000000000        0.0000000000000000        0.0000000000000000        0.0000000000000000        0.0000000000000000     
   1.9493825450879618E-002   9.3771276297212975E-004   1.5400621065665978E-002   1.8546874414014598E-002   1.5220233544479824E-002  0.28423078321755990        9.4714842481898695E-002   8.0749629761437042E-002   1.7447818841222752E-002   1.7663827945265331E-002
  0.53390703390564820        2.2696185026312761       0.58044564446545122       0.65817804108697464       0.56951180392499157       0.44111866209384260       0.41755775701138265       0.47525701207385335       0.82589288459023569       0.56929429236506102     
   3.7277110910040850E-002   1.9159122786680772E-003   3.1077249710105025E-002   3.7311303398272627E-002   3.0575074399415009E-002  0.47056446254377277       0.15256320187517852       0.14346631809829244        3.4966736281130430E-002   3.4881691207662005E-002
  0.50916175446298195        1.4755144657938257       0.69404952502527073       0.56408556878392901       0.56678525889184461        1.1837162230408360       0.58350313850745417       0.57558595827919035        1.2163942779132351       0.60635453638038928     
   5.2550810077635818E-002   2.9529669627883148E-003   4.6456613787038858E-002   5.4758818370375766E-002   4.5990110478931485E-002  0.51908816198640162       0.18396182632085151       0.18493831042917888        4.6303944828297007E-002   5.2747262249361632E-002
  0.52724193021871191        1.0944812172313503       0.68430402980697269       0.59930677876533589       0.71403320258241942       0.77842241848412064       0.65884931581294404       0.56722347595808231       0.67868467729588067       0.53675179211381352     
   6.7699769740133531E-002   4.0207332565913231E-003   6.1620763776153040E-002   7.2069261011840219E-002   6.1140369039021793E-002  0.55855154859255385       0.20333770371607110       0.21390934100981343        5.8102043091311020E-002   6.9506600521335740E-002
  0.50323759661683920       0.80843760578096791       0.50179231352349807       0.56893272549182505       0.50671973349246224       0.67017420544248396       0.53923879831455901       0.59804174442623581       0.61427005337759188       0.49620375580392473     
   8.3006082513317828E-002   5.1935580769128199E-003   7.9005853240087423E-002   9.0100728239457320E-002   7.6238142430598149E-002  0.59079481636087683       0.21883844792514234       0.23396674954552085        7.0675218587496508E-002   8.7078736059883380E-002
  0.51229495560501503       0.81190873045779033       0.61449429630240515       0.53100919349858478       0.55853637326690475       0.61129720297426426       0.50158631074996129       0.61287339339368430       0.73680734211078713       0.58017404641631565     
   9.8670654147268763E-002   6.7885600846592144E-003   9.6797353057124308E-002  0.10840404007276527        9.1189277524569165E-002  0.61601260593546370       0.23705368222813972       0.25083114736211559        8.4180329003386886E-002  0.10456744551554931     
  0.53638988850238378       0.95069548253075153       0.59406492225381191       0.60169696087197866       0.61733702558416237       0.54552140082525113       0.58381098839948864       0.72564766755784538       0.71143832644126781       0.49622377261651318     
  0.11439088902136416        8.3828330284670596E-003  0.11467742000618183       0.12549172944550474       0.10683734851309955       0.63934346799527986       0.25461687137969491       0.26493795585361635        9.9287982995474963E-002  0.12218364959944805     
  0.64794867250761401       0.68512332543881638       0.61116561275872816       0.70869982660046460       0.56181052225216244       0.69307136368116407       0.50539045135432903       0.59092488881915295       0.69081851858869547       0.67459771223895237     
  0.12994329573734192        1.0100717388718934E-002  0.13280111604514797       0.14187802134864327       0.12329746159352525       0.65970385555900124       0.27058126811484223       0.27823981420583194       0.11420684948526494       0.14033162349879894     
  0.57828985912286246       0.76468238782130316       0.63427266830551254       0.59062000323629860       0.51791898235698364       0.62525927864698183       0.54229505585181748       0.75603920277552739       0.70465872518135797       0.63362510501240688     
  0.14592080787065498        1.1859110325983397E-002  0.15089606901591421       0.15837702884573993       0.13987256450344376       0.67995023208082228       0.28687945405904774       0.28930717474200562       0.12936950965111305       0.15821094357020934     
  0.56851187001186465       0.72920175958363120       0.56051471837206324       0.63650172243098024       0.69953781213329558       0.52892740832437746       0.66911087537077085       0.65693178467852809       0.64405688768589442       0.57250739270027051     
  0.16028269964183595        1.3658453510584515E-002  0.16906131252162909       0.17489831674857298       0.15591573090438782       0.69722097396741123       0.30117037436628147       0.30050820013959428       0.14436223192244885       0.17509389937217698     
  0.57951321224871266       0.53445830973462050       0.66772857414405384       0.65594807023190460       0.62895331987347880       0.60642204414281597       0.56756436964301682       0.56928514946258757       0.62946069584892350       0.51594351290932405     
  0.17205703242895182        1.5491538835833756E-002  0.18722810280005245       0.19141995792416736       0.17174142106215864       0.71431725550223046       0.31523196502457235       0.31136624296402959       0.15895055048864462       0.19209291001692608     
  0.57310513493814075       0.65044678977306014       0.62370919937528346       0.52941201317626041       0.61893514473396671       0.67884297258748572       0.59337485290244019       0.61426244997475477       0.51727599835908677       0.54901996547540988     
  0.18385403063818728        1.7362970576704613E-002  0.20515954960388816       0.20792083537132761       0.18740525076442899       0.72829580202551458       0.32883150176836667       0.32186987944025547       0.17452452914161026       0.20954615856766104     
  0.56847099751490360       0.59430360412773497       0.59341635162895090       0.57373057768329472       0.57159097749379961       0.55492703673224153       0.71133606539430450       0.57725888932372227       0.73239282704321840       0.54775385180807645     
  0.19552671029861937        1.9407223745750882E-002  0.22321852622786861       0.22397892484207602       0.20309548815122577       0.74187602377140871       0.34216526259527608       0.33157552711429611       0.19206440877082945       0.22681658046843581     
  0.50774189117311463       0.53196029387744848       0.67342049131226989       0.55951755655907931       0.54435138587337084       0.49047165566186218       0.56641306115674173       0.61082163456860450       0.66204182922722488       0.57803276921302083     
  0.20976124913067337        2.1467170683767738E-002  0.24110354120610247       0.23974090835109582       0.21897306737693562       0.75446778570578421       0.35398295277457398       0.34151946453336757       0.20963069616549510       0.24454627413186361     
  0.60925540731150885       0.54940794834671958       0.55467033637436958       0.62477147172547987       0.69060604257324165       0.47081596373806411       0.59632017855387542       0.64877824182899202       0.66142408224381077       0.50037080832293668     
  0.22449526726713825        2.3782874517092316E-002  0.25896378453604324       0.25599006536892621       0.23541684377174493       0.76655655104253895       0.36596568134961355       0.35253500386006603       0.22659217485754343       0.26190982416055347     
  0.53568952421150917       0.46980443250569703       0.65486944307958572       0.60151200650110392       0.63734960807568986       0.50739042675946422       0.53867492162159925       0.59992287717253689       0.56893148837055973       0.55178412030714052     
  0.23755785019097903        2.6077120908803521E-002  0.27463292554547358       0.27263266898936139       0.25190048969997336       0.77761560095489946       0.37707654641659660       0.36348190764077265       0.24398862538130725       0.27917638067218181     
  0.57099360384637676       0.47303725747572783       0.50418691457762355       0.54449129782909400       0.58218322056032312       0.55324062544051089       0.68901484249440548       0.62812424857176152       0.64036190755669098       0.63919133204448553     
  0.25072990263246631        2.8571825048226727E-002  0.28997295271370988       0.28921452638407835       0.26894221120594836       0.78864484506590937       0.38798936790242072       0.37556616157608197       0.26153229914978571       0.29676565638221469     
  0.52904676322594002       0.48355126111255736       0.58072271235722872       0.52846620173053094       0.55577928113062713       0.49343172231850152       0.55977769487193252       0.60828591743689653       0.56171063820183376       0.59255608005042637     
  0.26532807200764297        3.1141792251338240E-002  0.30600984038823337       0.30487915614398048       0.28581874290313580       0.79943815996012391       0.39824096055619018       0.38762871611603411       0.27992539178375520       0.31376093295757373     
  0.49698871195993566       0.53899648645629006       0.53615733178262615       0.68958056887076402       0.62618155294593414       0.58601673075549388       0.61847469680102651       0.69677993352901213       0.59390818832661341       0.53583755156505597     
  0.27996088617832970        3.4004266213425977E-002  0.32228787941939968       0.32027018130944240       0.30247450122553543       0.80947508604562479       0.40854603502992032       0.39667527559172283       0.29852982023187724       0.33106346809322151     
  0.55082063135855563       0.49011720978779832       0.50021208024590003       0.49649783801536823       0.57833476134122708       0.59301981345791999       0.63670432307928060       0.49407943917557856       0.70403357284424639       0.57659008210430784     
  0.29554490290914343        3.7017770444998960E-002  0.34022920035280402       0.33511402611508878       0.31913252508730772       0.81858491270625344       0.41790505679421180       0.40608071136768775       0.31578675241188742       0.34807568468872269     
  0.50927309684522482       0.49708956272418409       0.76684658003460082       0.50951008466798597       0.52556348456424351       0.48097256479321149       0.53702455632562029       0.51264711096790083       0.49143680126492700       0.56220243973267792     
  0.31131263895109090        4.0278469501171713E-002  0.35849136651545849       0.35007886519414905       0.33316052410919783       0.82739661223126482       0.42713305522056844       0.41595333196940076       0.33237393421732442       0.36519106653040817     
  0.50950414983572478       0.57915664863516148       0.61338078366964466       0.52382698503975866       0.55472495279522738       0.55325464158560134       0.58152181042940909       0.56018789964393667       0.62031386287525814       0.60114521282363964     
  0.32797961071167864        4.3720905163167248E-002  0.37335646690332036       0.36543595379514332       0.34754646254273036       0.83587972456460491       0.43579262423329024       0.42653565175513852       0.34952880888455051       0.38115581475476518     
  0.52064767160480518       0.60560708544252839       0.45083423923490235       0.59446641878063644       0.49772143538489538       0.44722611303081228       0.67576430432038614       0.55593057104701149       0.50988949960441898       0.55468836171209490     
  0.34468614917190754        4.7395214908105616E-002  0.38818854452170071       0.38116345446981825       0.35894492316937837       0.84391181241518831       0.44435354135336796       0.43859856914629725       0.36687461434044005       0.39666977642997586     
  0.58166244061410810       0.47914392250797727       0.56485375416499295       0.54295226563900245       0.48778877697724216       0.53338828971006269       0.50191662074594601       0.58840030828009793       0.52608415308695378       0.55834885145494706     
  0.36171779465734138        5.1250097981948420E-002  0.40144108853253818       0.39785395270010876       0.37024491182653441       0.85139292116379373       0.45363301658806721       0.45033392081444629       0.38393059247681383       0.41154943503262603     
  0.60977472379845865       0.49574799307710565       0.51347931466226637       0.62579266773139586       0.52034373334089057       0.44770131235022087       0.58022250098598960       0.53631306763480346       0.58043165355497550       0.59061905667921522     
  0.37833770816965701        5.5239542415520544E-002  0.41648520883563328       0.41407575698139371       0.38323275380485394       0.85863272759253573       0.46278406920206439       0.46155979537051961       0.40087963829602274       0.42648773635230580     
  0.59130902348530412       0.49252064337089635       0.61862240017735448       0.53129442132246263       0.59316043354325954       0.50868660846659741       0.57419671935320904       0.51057367551177413       0.54433767083691897       0.53101878754114396     
  0.39446455425620808        5.9444052328670879E-002  0.43384427156193589       0.42928556064104867       0.39601750667725982       0.86565505259776732       0.47251308397926106       0.47220923333044651       0.41791220544484470       0.44084280873278475     
  0.58694524063277542       0.50902227456805160       0.66656657042719492       0.52900641944454574       0.58943468296744039       0.44852076293619653       0.56914084257917630       0.54964627562776058       0.56758809039829805       0.52209288520786024     
  0.41093408262596981        6.3902685552532035E-002  0.45076883479234359       0.44423796832881751       0.40896167694647617       0.87213815035182574       0.48192006338846566       0.48187048987092607       0.43499532459013474       0.45518062891593675     
  0.59357856365070705       0.55097076358110531       0.56896129821398089       0.57689144254653257       0.55181486762714793       0.46478369653637941       0.55757015291803391       0.52099739207306572       0.48381338005539481       0.61098620241564894     
  0.42826027110283865        6.8806327938773296E-002  0.46745810463548809       0.45919833417718170       0.42189134957832625       0.87820233809013104       0.49071856019097088       0.49189837660324609       0.45245595328961341       0.46843793105659925     
  0.65409714778773664       0.48272529046133156       0.58484452745887028       0.57385690312415616       0.51938831791805340       0.46527131422326817       0.57459989184679516       0.45301384613181356       0.52504683013321318       0.56953857073782499     
  0.44540839944424820        7.3789103122108207E-002  0.48471433102354877       0.47410854098967370       0.43387709157357457       0.88421574916226842       0.49950071745898805       0.50293551453362439       0.47023121692612829       0.48078030020852874     
  0.74856094313409849       0.49860087761345123       0.61769190495869875       0.59437694218798776       0.49501605652527331       0.49590345383703632       0.52092231229173680       0.50813557053025871       0.49300221630426971       0.79734756469957846     
  0.46300056156220692        7.8993945020042769E-002  0.50407030456992763       0.48892037167727398       0.44656771381515797       0.89009183077411080       0.50906706294572024       0.51456241739395925       0.48794029926928090       0.49360116421436945     
  0.58236638434613708       0.51108716184498926       0.60668240974799215       0.55806950856947257       0.50360727645483561       0.53210131841571728       0.66163044286913508       0.66735629032282007       0.52687291317801566        1.0401318309618000     
  0.48071838862967292        8.4331886244394541E-002  0.52310888633956765       0.50384491822280686       0.46014590450045362       0.89576424760186857       0.51848873981457222       0.52710846040521875       0.50589024031125573       0.50666217713041639     
  0.58579167737031990       0.43495582394177235       0.59825057364088985       0.56282311931071782       0.59541839358280901       0.50079728073207797       0.59214046186161484       0.49186976216700234       0.54021962970293225        1.3070935059404420     
  0.49732567908418274        9.0068434153563193E-002  0.53988179123108149       0.51957605929014694       0.47545227225556680       0.90121362151062212       0.52875339341748584       0.53963768929400024       0.52346555236456682       0.52036364161580262     
  0.61189639230048676       0.48362130808312026       0.55013782779872056       0.65512140803314589       0.54918398785991318       0.51954563505724649       0.60925189639266253       0.57469474063327708       0.55202989410274583       0.83992700591298863     
  0.51469971135708004        9.6095526407414353E-002  0.55690832559099734       0.53542744389925756       0.49237952355958386       0.90659774444405128       0.53882018895702044       0.55381135622164079       0.54001994237364970       0.53443841994536445     
  0.56250875970391334       0.56678281750412984       0.61353432317973478       0.49389116449191978       0.69298868406434944       0.43988621984289589       0.68959067319466805       0.55358552840342612       0.47214280399330871       0.80835704370060391     
  0.53164582019055062       0.10278710778739110       0.57352381314859158       0.55095576299177829       0.50911499437704011       0.91186469844597040       0.54864063004883212       0.56789400322543504       0.55634037747484788       0.54926918345728737     
  0.60594849176082954       0.54184009268770150       0.58241313722769517       0.63390303435381257       0.63435700004328510       0.47623860063841233       0.50030255127254153       0.60353208857922869       0.51065139627750222       0.66774368872705137     
  0.54848582019603054       0.10972534013725592       0.59016157551521031       0.56613673816425525       0.52616729286169983       0.91674110925572871       0.55889461369496862       0.58369079285416003       0.57214435912403205       0.56451881705866469     
  0.54301784205244186       0.49472262701657160       0.87591619079623639       0.53547600410987173       0.72185097478365701       0.45882530958219397       0.73271812408434311       0.54222734256915006       0.45590683679660260       0.58203646367765360     
  0.56562160605243239       0.11750199127236616       0.60614887394815820       0.58095162720734650       0.54339696146082517       0.92136390171634741       0.56842022929957048       0.59920757971402827       0.58771733911849455       0.58008128240986268     
  0.61350094627373220       0.51448143443192773       0.54892083787389834       0.57639237431117096       0.56691443414040588       0.53162462164320645       0.66611274863451608       0.61256265696244461       0.51655931444188408       0.57932463350031493     
  0.58286029946516293       0.12558439776235525       0.62239061737229895       0.59566332032148084       0.56167123743354730       0.92586318977716953       0.57787680807302277       0.61383725228159092       0.60297647179211133       0.59569362998333886     
  0.67960251805745986       0.44357584411586792       0.63534092412133891       0.64606138294983262       0.63094584809810861       0.46708262647236726       0.58749856719468907       0.51283220642474747       0.47292648099728779       0.59337421051483308     
  0.59927457859317967       0.13432648308594577       0.63781835723708213       0.61030527650140998       0.58031020803191846       0.93017698184145237       0.58708252687401996       0.62873807510415936       0.61831628006803419       0.61204247923937938     
  0.54514614150359564       0.48956541988602015       0.55402803489605346       0.59089936558484091       0.66720826508634834       0.52531263032751430       0.59279878271083342       0.58114438329278806       0.45882998400727104       0.59613197268097806     
  0.61544934216247127       0.14333586079892688       0.65457342341971303       0.62570840211856193       0.59934935919292631       0.93430096204490665       0.59628427616760882       0.64232257177168772       0.63344371992976745       0.62958767980943486     
  0.57389155862677210       0.44752732304097770       0.66346912143570713       0.56275449639710418       0.65246453550442873       0.48619534761020972       0.56380403068985618       0.52627648371137870       0.59892957723102469       0.68091845765128345     
  0.63046082249203639       0.15307529200386941       0.66766807042948140       0.64210535916797229       0.61868538632470882       0.93825276695599480       0.60553758483184794       0.65572674374117923       0.64863585883543196       0.64612295778221496     
  0.60859984237650677       0.43639660269200070       0.55422158171925440       0.67968995551976730       0.72268651075777068       0.47602762435336282       0.65835238171161603       0.70637092256068279       0.52500038887097877       0.57272867944068750     
  0.64499638315794350       0.16336713164833672       0.68087500769776621       0.65767873826814005       0.63468984753031499       0.94206561431615210       0.61480904459190500       0.66943264050467721       0.66355919196316404       0.66190287676917481     
  0.63926706424882662       0.44214185756835722       0.54264204329975652       0.59276966684421983       0.61413138598342198       0.48315635438547194       0.59376169040580962       0.49413959216905856       0.54838015658250516       0.54075293481162889     
  0.66036213424375878       0.17500640586099428       0.69353822546382871       0.67251662896303177       0.65088672411807180       0.94565639295041071       0.62440756036230727       0.68287659679160817       0.67842802970309901       0.67862985621779903     
  0.57548042902400309       0.54021179086858473       0.51733132374087720       0.61849081411275542       0.67377623671176212       0.51975305781502046       0.61977925556455371       0.51709333033357208       0.51288349406796718       0.50253582490732951     
  0.67532428063852912       0.18712854313908120       0.70638646269809802       0.68691101529397780       0.66335339865787513       0.94920494245205611       0.63430015261294737       0.69562296991194039       0.69346302728635700       0.69509461210225065     
  0.56790067328560867       0.56348822459795023       0.51036079877630114       0.49546897735572465       0.48788998454865778       0.50943337466505201       0.63987953077459903       0.52244772139164641       0.51027480918819512       0.59374535661341399     
  0.68960812467849419       0.20045530896378760       0.71968781526511316       0.70053747144973699       0.67587463732805686       0.95279785046596599       0.64426072812213442       0.70824216946928842       0.70874780946876714       0.71136364589433920     
  0.61997884769570599       0.54613290841370787       0.51264882518631083       0.55470536125825587       0.55047192345813567       0.60060934847851877       0.55928275870342603       0.49851040712076067       0.59608220760178954       0.59444609661308989     
  0.70378214899247493       0.21467820783415190       0.73312463266377526       0.71315951013792178       0.69247684199810822       0.95638804574806735       0.65419450136431800       0.72158990138867352       0.72432601421102494       0.72797184970258588     
  0.57904868923357711       0.48714164537143489       0.55940284393646644       0.60044085808999736       0.61069399444148742       0.59352492678492452       0.63122365363097988       0.51358473034461127       0.56315941151739080       0.56375578638140234     
  0.71764407860106993       0.23033177822084913       0.74653229667008136       0.72515266701956782       0.70975705833409064       0.95988148684091801       0.66402070541950720       0.73558803887750224       0.73997751142635881       0.73977491905860682     
  0.53592705136852836       0.60999442482509569       0.69227100453964585       0.56418153424160911       0.51235489869422024       0.59237093579350752       0.55328910774985585       0.49346381884155816       0.50732497011324895       0.44597282468076904     
  0.73105075570959532       0.24734592061377389       0.75999853601958856       0.74011263483842860       0.72689508656275115       0.96335391103330692       0.67373840538337693       0.75014472745013050       0.75648089324904100       0.75190955702944273     
  0.53896473517760535       0.48585783929771986       0.49754143578057652       0.52227890369440677       0.66800901240568711       0.51408914333067912       0.54544347192042697       0.50626873646876258       0.53632357753202375       0.51925618777641025     
  0.74615269068436985       0.26576773831398232       0.77367915191829928       0.75505099086113225       0.74435445650702925       0.96639740097988946       0.68347637384349380       0.76517544583272212       0.77313757792616211       0.76352564102525466     
  0.57225083230559415       0.52653531474658000       0.55656490113183144       0.66064071804359292       0.52306576497317514       0.59356518259069302       0.65764654162624636       0.55543574861264600       0.48294933235548598       0.46023270450089315     
  0.76247145829719087       0.28578388167770929       0.78693213961300812       0.77080552691015347       0.75987031721402110       0.96939629999302923       0.69333080539957892       0.78003038385716505       0.78882840514689967       0.77749801113211037     
  0.71337686289474600       0.51151057563834990       0.56121681410471569       0.75639038672252967       0.49939389897888392       0.57402346373773949       0.54015580453564538       0.53636189905112763       0.61842593299969317       0.54271045764601189     
  0.77926604361879914       0.30676709697105137       0.79990251187010386       0.78641246387981534       0.77551813476834952       0.97213675887786710       0.70321726558307907       0.79446266642781793       0.80399837412582520       0.79352893530837221     
  0.55427868956868775       0.45086805557519222       0.54385105528673194       0.51833307176870969       0.50855191129081545       0.67096744246744078       0.65483671627824258       0.54663704694775872       0.53625914262614949       0.58477900105197977     
  0.79597544674234766       0.32980628178328997       0.81279117142629986       0.80344742048767459       0.79043856900164666       0.97483863671447979       0.71300223005311658       0.80758249868539866       0.81837537471503807       0.80756123816475445     
  0.64558267386221491       0.48416347712078417       0.51281726941076966       0.64296085207685738       0.59046250950029233       0.62488233485722666       0.56315156457582116       0.56747065309083422       0.49867684554030983       0.52778727094660238     
  0.81259940549006826       0.35430486871475153       0.82572696341246321       0.81997436132800416       0.80544189693648360       0.97724641378484089       0.72290684269533656       0.82084820211141785       0.83234616459960931       0.82098247760563825     
  0.68642820421636797       0.49948553688069469       0.54498090832251889       0.54498859422999046       0.54462910988195157       0.53412200071748106       0.60960121617345331       0.58300506132442931       0.65303928004789658       0.51901668711830273     
  0.82920111011274733       0.38372916985993943       0.83838274561409332       0.83498239478901626       0.81998431772556524       0.97938816798018191       0.73308341902223551       0.83466803611414209       0.84632216630832802       0.83394156876119796     
  0.53023167727616272       0.64202274132981463       0.56869623825963211       0.50487680684500502       0.54764859411440647       0.50151955368915124       0.48174655418734041       0.45247249148790719       0.61774318761857305       0.47172622796641545     
  0.84618735686197188       0.41473112432996545       0.85102098558553685       0.84984123674224044       0.83476930134291905       0.98148997722455111       0.74331332774636438       0.84925909206868189       0.86056975885989007       0.84684707500914647     
  0.65435586560013637       0.48124862438687899       0.65540714504244402       0.48094297819173243       0.54910707416009152       0.52715486144904744       0.55030416900393486       0.62358273326800207       0.56938237091198018       0.51921726260849899     
  0.86366283228912488       0.44990670469202992       0.86478740717869051       0.86382383348094605       0.84832726621537680       0.98346720464759640       0.75425685539954213       0.86330054023364899       0.87530143115299941       0.85944090992463928     
  0.59412602286800020       0.52224821746466776       0.59204732570274055       0.49675400733567876       0.49569575186234577       0.61606226644724971       0.56140134531154906       0.55799135110997367       0.49912048922598756       0.50235574466517130     
  0.88046315923024066       0.48737044699876164       0.87846922480623058       0.87878558979727073       0.86221614299046045       0.98546776646389900       0.76580601100725842       0.87785556863550140       0.89037733897596116       0.87204220875459315     
  0.54312243287836337       0.58280719060159036       0.51355967977989214       0.53027210011160608       0.54796651429004861       0.63948762428504202       0.55575572979031351       0.66025324882379888       0.58789282263604659       0.49457944645667917     
  0.89604430135027435       0.53061942489970748       0.89273191165428190       0.89121038404122466       0.87930925365002388       0.98740078193076630       0.77871020733197527       0.89407225248839239       0.90486276345896521       0.88789159258905470     
  0.54457007149141501       0.53343394156580259       0.53451419033343761       0.52588303007865733       0.61420501625079171       0.71586228749328551       0.51133594709470420       0.78550170190014768       0.54341195130192643       0.59273094289330142     
  0.91158784600857068       0.58100993221247388       0.90682901968752294       0.90400917693551308       0.89616849911758978       0.98937908117352413       0.79141846195743404       0.90981862661931634       0.91892499649885184       0.90300799568146073     
  0.53321557564301503       0.60615434464493356       0.49094452313751152       0.73928900104851325       0.59419573986009511       0.79947539365488818       0.60547661567111377       0.72946106784071374       0.55785879380295689       0.59287989631379978     
  0.92753310094679786       0.63660514853740857       0.92181838876078359       0.91720375648985708       0.91189652124967346       0.99131270699065421       0.80692686389006962       0.92591500357654888       0.93294018214894880       0.91960871382277076     
  0.66929242572816128       0.60704757994232361       0.61146045387998138       0.59640275813912991       0.58301157237741341       0.77902732643028572       0.66052615540294890       0.75088941275795462       0.58476245541189376       0.57165022637300988     
  0.94383665479893730       0.70297688314257001       0.93615731734131036       0.93075472789155356       0.92757571687880525       0.99324179221530107       0.82128008608247516       0.94183869108491192       0.94694796444782081       0.93650011463261917     
  0.59953107501838121       0.66235047751923792       0.49851512300205958       0.54465515005844045       0.57895038845448932       0.84891420251854577       0.51277375840802619       0.63337967871819478       0.55363473660783191       0.54357472746548363     
  0.95873771851057066       0.77449277931902838       0.95317369663696949       0.94852769583101282       0.94639859055508291       0.99489537961113395       0.84692461365891392       0.95663619566465297       0.96019081620337754       0.95168331242686666     
  0.54661918320024938       0.58619587411099405       0.59570623545962553       0.74469205984628795       0.61540600571033943       0.98365028471403848       0.59306095889762134       0.61130414143243383       0.53896685728280724       0.64260921907419100     
  0.97375752144390304       0.85129151648842882       0.96999095254697998       0.96564592925462289       0.96559102929226026       0.99650773032060402       0.87199126051682563       0.97135915002727624       0.97337551807764455       0.96732002032876763     
  0.49528348068401878       0.62273434767731950       0.56565302682003182       0.54632207975574343       0.63843531591006963        1.0319500426860813       0.51584684283690740       0.61557704095902865       0.55452189020331577       0.55177530096412497     
  0.98696952696751605       0.92649768707615454       0.98509955860942444       0.98289812075734684       0.98247324121182911       0.99820804059428969       0.93039201536420668       0.98583269079705571       0.98672088392479396       0.98333028743108597     
  0.65828571927679114       0.80443453570074497       0.60821970547721727       0.57410626959691202       0.58718420665495163        1.1807418588894323       0.64159592258920517       0.74841322709194524       0.55086671268898624       0.52289303111316010     
   1.0000000000000000        1.0000000000000000        1.0000000000000000        1.0000000000000000        1.0000000000000000        1.0000000000000000        1.0000000000000000        1.0000000000000000        1.0000000000000000        1.0000000000000000     
   1.0002733570674844       0.99479518326583471       0.54361463707206126       0.69610356474939705       0.64557829587793547        1.1063090713010866       0.44752732304097770       0.74128250760854286        1.0435674448890344       0.51791903241886750     
  -13.088090339030357       -19.761155978877991       -13.132218142361502       -10.311468210142692       -13.761456677703867       -4.4561744618158166       -7.6389253349357498       -11.998347134738545       -6.4825874987371099       -9.4085344251704051     
  -8.7674675773100326       -6.5471782028951013       -13.674359847854934       -12.020096167518890       -11.752323470557386       -4.3337444438305468       -9.0044600262310333       -12.730650547792552       -10.539246845810654       -7.6022045553821620     
  -8.6603661161376664       -4.4423636585652329       -10.695772760495096       -10.464294390605783       -10.116569471966788       -7.0985969626136587       -13.807724961485016       -13.687604901326020       -9.8443872378427919       -11.480918046717646     
  -10.921424623696815       -1.1611223587236847       -8.8712008316688475       -11.606208324582031       -7.0843329162838664       -3.8470189939554142       -9.0330830515166625       -7.3106647727871756       -11.011423784732084       -11.693150089832699     
  -10.085413131198653       0.32979380109353479       -12.995921734234580       -10.034270039650124       -11.368129230981353       -4.2037172097068636       -8.5733486433179369       -10.617227466092615       -8.1322248418372638       -10.177677353188823     
  -12.491703150281003        3.7337429334875210       -7.6462064175781386       -11.644580980997288       -10.575365144019349       -6.1014231745979171       -14.118773188062848       -10.843309430189178       -13.010047050776137       -13.254616157258907     
  -7.1094416611699964        8.0385457950806849       -11.991070842948281       -10.757767387082426       -8.0907280241009794       -10.550155922503389       -11.563671700993874       -12.199699034623015       -11.187104876903781       -9.3987931778664695     
  -9.7376644520658111        16.336884969252516       -5.7433762524244516       -10.323857655412397       -10.276459781442025       -15.343926977214219       -10.651472730699949       -7.1962260914772358       -12.849891163950476       -13.172249601629712     
   4.5538895167621552E-004
           1           1           1           1           1           1           1           1           1           1
   1.6027116665182469E-004   8.9563429467440258E-005   5.8415757023000469E-007  -10.758412726887128        6.4225196396676158E-006   2.4572734210976550E-008
   4.4179625084814479E-007   3.2949858411951569E-007   1.3675153204048016E-007   6.9997081314811138E-002   1.3656457740393753E-007   3.8476483707895231E-010
   1.5290186434511240E-002  -10.252852128518512     
