   0.0000000000000000        0.0000000000000000        0.0000000000000000        0.0000000000000000        0.0000000000000000        0.0000000000000000        0.0000000000000000        0.0000000000000000        0.0000000000000000        0.0000000000000000     
   3.2118407489430470E-002   2.0261888316732449E-004  0.14387636346573815        1.8991827252939839E-002   1.0889772954121083E-002  0.11757517052040531        7.5920231170448438E-002  0.12023525698201787        2.3199066582707248E-002   2.2145571104140359E-002
  0.66769622117887673        1.3992446587733198       0.79134574083573939       0.86556965725108859       0.64532087409325689       0.40467364307946957       0.47509671529536268       0.65584094336435605       0.62341023895952119       0.60313850831403226     
   5.5647852162336531E-002   4.2003243442535000E-004  0.22215213290513292        3.5713333381412742E-002   2.0110348380775599E-002  0.20767846142658461       0.12941802977080802       0.18831583780632019        4.2220499033279242E-002   4.2402955150610315E-002
   1.0694023958345020        2.1904797667761691       0.92514513505727802       0.81764972167403505       0.69392334838993353       0.66181569007367469       0.71704365860143859       0.70199950512632270        1.1446045024330505       0.87253892796931209     
   6.9658684828682815E-002   6.5595357017246211E-004  0.27052692328252820        5.1759717432918149E-002   3.1104631080349304E-002  0.26112683341896609       0.16358260249320536       0.22938876583125858        5.7537537580664780E-002   6.1584434353030432E-002
  0.69155900853811059        2.2024131495687085       0.96316515716236129       0.80108822058325557       0.77182303897665516        2.0428653914259125       0.79642412746157654        1.0235302764786698        1.0986937395709677       0.91325219401969271     
   8.4562324716348461E-002   9.2766257624042766E-004  0.30819178826216226        6.6641570069143632E-002   4.4213661851279840E-002  0.27785093602655742       0.18765510928207674       0.26148583386626795        6.8403394599001660E-002   8.1203444755846302E-002
  0.87103749989210566        1.9687280041638286       0.82826710781911395       0.92171483632142426       0.72927158892980415       0.91417311156223502        1.2660418592921017       0.75933030329023377       0.80180259052940417       0.57998035496919098     
   9.8999722317720237E-002   1.1661714773887823E-003  0.33975247755403204        8.3034923581620360E-002   6.1537828665312891E-002  0.29922584298682842       0.21079860299287020       0.28640582234372697        8.1731159314554352E-002  0.10283029284142395     
  0.86972350658075115        1.6918378635691693       0.95544924167037260       0.68821949059274301       0.83553400369425113       0.96669116271748901       0.89044758093585152       0.79438420054318493       0.90531349243227177       0.84539795933736683     
  0.11465217793195935        1.3980880544796561E-003  0.36784923998134400       0.10014453514734711        7.8483144054648235E-002  0.31664658823016173       0.23059513297445761       0.30879257309840580        9.5160531286803643E-002  0.12461939499072079     
   1.1959002508545606        1.4363887397393442       0.75993424208398164       0.71310738650574590       0.67686606736017940       0.79408257226375778       0.97710563854386978       0.98989832788073118        1.0816023211029480       0.77152703879171103     
  0.13085083828665933        1.6211912629022242E-003  0.39405472258127905       0.11753837440830717        9.5251502475633507E-002  0.33300556890373845       0.24738665452132114       0.33004425598997772       0.10765691607289377       0.14669337153097672     
  0.56811536949513974        1.4652164767553126       0.89520578682513485       0.87786163305196563        1.0411504378270149       0.95351179794063001       0.92534365831900944       0.73724766843784617        1.1390784363184927       0.72220150210924439     
  0.14603900398984532        1.8175800924227516E-003  0.41859450492869354       0.13508443280434063       0.11063300393371149       0.34864073690604880       0.26218575289402918       0.35039693033916236       0.12073928042333767       0.16714958686715647     
  0.84286508133977844        1.1716889107560038       0.83127186162374289       0.67781307199642393       0.81360123870829015        1.1507680899819726       0.93472199275133594       0.84163583707420875        1.0093023564436030       0.67516525348854162     
  0.16099913899596624        2.0860045391723537E-003  0.44276498286412114       0.15122154439874211       0.12613937078120652       0.36362205108452889       0.27481551148765415       0.36755265974536550       0.13376327475786542       0.18502078448609446     
  0.59704487750609203        1.1928404148969016       0.68032436604193425       0.74752260492974221       0.77463202015062915       0.98073697272316152       0.88264975611209162       0.99317777430318110       0.99831476870132807       0.62476661145593315     
  0.17551109540448651        2.3991248093095541E-003  0.46419394904594657       0.16768010272848163       0.14111385963402098       0.37827256018493338       0.28593184904964958       0.38306397102902923       0.14615396129613975       0.20380213420702509     
  0.69919036023827552        1.0878087646783205       0.93655740486792238        1.0317204055110332       0.75909403637664630       0.95403311752198205       0.79433388340242073       0.98977644759339478       0.83873901130502460       0.68149557584707798     
  0.19114549340095657        2.7511380641915785E-003  0.48264913723241798       0.18290186138666364       0.15662058022534314       0.39084754798393889       0.29670706551416337       0.39800202166609799       0.15844857177228094       0.22312871189371530     
  0.71660259946548732       0.95981133155452614       0.74443314569349894       0.94462794472873024       0.82229253481803233       0.82766112501553202       0.88684245612414792       0.82459422332700016       0.90603024398650156       0.67572619867729411     
  0.20692973489686897        3.3057895898424487E-003  0.49873426354826106       0.19634847430849248       0.17270446582886900       0.40281915492154985       0.30733077115484791       0.41259781624298220       0.17082069678402567       0.24635214310086373     
  0.84521374942399896        1.5935153092102718       0.74576886221409355       0.74077067314869649       0.76227721298761142       0.94666598595277152       0.96397501837720534       0.83000086253764416       0.90808697522558934       0.71632284113336830     
  0.22367686430455716        4.0108435812102380E-003  0.51300146468686725       0.20937277207902874       0.18875577321495712       0.41462224713566065       0.31686873927438386       0.42847724538471355       0.18524939909577906       0.26881793156228589     
   1.0773000212943613        1.3750126496380337       0.88338962693843825       0.70721213924404525       0.91098018878659015       0.82086187482907169        1.0162618238425360       0.83929897952711363       0.99521247701152415       0.91852730742355571     
  0.23878537426290802        4.7839301787407128E-003  0.52403959768758690       0.22257239713309943       0.20611993656822372       0.42680308324997634       0.32703043562918421       0.44319485039394263       0.20179539002061411       0.29083670032166536     
  0.68682427365800625        1.4774788523207112       0.70308596335277662       0.90759165397532637       0.72742839193726772       0.76024424992669892       0.71826240245687401       0.92567546043044480        1.4117099158418938       0.76421272888633585     
  0.25409997117257366        5.6206114626967257E-003  0.53497922136770049       0.23854333562736496       0.22427385864989183       0.43890062716688444       0.33565644260670274       0.45530748375023555       0.22002213003041143       0.31149258672534796     
  0.61815691341181778        1.2570141737880176       0.72099723114703684       0.82855182652254822       0.96558131235411104       0.86364436568662140       0.77517122177267261       0.70944112721710018        1.2527986693000035       0.76387500705654277     
  0.26663339907108047        6.4335512833094263E-003  0.54615682173168179       0.25548772143819881       0.24262673811762825       0.44946163347734580       0.34434812794013003       0.46760253183739064       0.23878126555791468       0.33090067534062845     
  0.80746693949148440       0.89144684383420836       0.75796056458723560       0.67676673235856355        1.1783751517854701       0.77171121980446633       0.84274329345311771       0.79327402342304598        1.0707487353414336       0.59642545923330892     
  0.27909946516934947        7.1862483712713870E-003  0.55987456018822490       0.26967385361028706       0.26141205900971454       0.46037374813430521       0.35294915589333337       0.47898726561474364       0.25706308851980020       0.34999719447603672     
  0.65734569387103059       0.67947734511534974       0.74627801322206200       0.72187338266481715        1.1793414110056553       0.87897468241480581       0.89831313649614108       0.66185944173955324        1.2523431126371223       0.63583240483735703     
  0.29336071474914610        7.9425879061173748E-003  0.57556261517837970       0.28264793040482961       0.28013908432465823       0.47110928717279427       0.36118083095680892       0.49070513885252376       0.27185660869124001       0.36943528256950287     
  0.78913490113860130       0.90024931877178749       0.77546241231611546       0.75028884564685439       0.86421397073236328        1.2411752792613917       0.76411424848198672       0.87723996399219129       0.83290012224505139       0.74043464678894577     
  0.30792329357310388        8.8764531647038455E-003  0.58987968117078282       0.29474741293913853       0.29882755322462218       0.48210163388544480       0.37204105924424824       0.50059940985503759       0.28557127107379032       0.38716229040242545     
  0.71526063706070764       0.90374274048198555       0.91976684666629649       0.91115885996510559       0.98995656963291201        1.0434456171900350       0.76249877198851745       0.76838486984451060       0.67099968899840889       0.59943179857825302     
  0.32332609784856448        1.0093281119633622E-002  0.60458823461077749       0.30718367836898569       0.31605848927785551       0.49283920627984246       0.38220817920571437       0.50973554538061217       0.29861315299477337       0.40404627747983535     
  0.67074659677403836       0.71685283215395379        1.0162105913311470       0.74921576842534787       0.79225937671348545       0.79074892700635380       0.97993126328995916       0.67040254727480819       0.77770669464090425       0.63670364388064615     
  0.33737817317869839        1.1394088592822869E-002  0.61973627286912225       0.32150503311903350       0.33169837404329161       0.50333990806053486       0.39077874981928790       0.51914132837042626       0.31108088415265928       0.42035695818170316     
  0.65732544420972361       0.91551909051847036        1.0714966079718056       0.83143228218933019        1.1245736096963608       0.93549136798001820       0.77990506182849273       0.76850993478825025       0.73254675030856387       0.89686793070632254     
  0.35116790479796051        1.3045028412045816E-002  0.63432483937106154       0.33702781722426300       0.34560925191663228       0.51458875281787941       0.39812866705299982       0.52872557087549699       0.32678821803719232       0.43618948294363308     
  0.88065832919388598       0.93460963875295489        1.1177761645225872       0.69015095963062467       0.69783494971825066       0.97156697709129214       0.76404167390723654       0.59247672992218492        1.1173418300425286       0.93955949372081937     
  0.36571220527851594        1.5506100428468393E-002  0.64835714618163864       0.35454362558173230       0.35779730733215187       0.52657321620094555       0.40559691846541240       0.54104192883990521       0.34350738615199727       0.45065202756157940     
  0.83725166366475390       0.97318540156054834       0.80545399156791142       0.93645456988930742       0.71355398626060906        1.2335116170011413       0.94169117415009895        1.0458259227650795       0.77821579376940808       0.61372238261534717     
  0.38073991432451504        1.8271927528906703E-002  0.66200947485630213       0.37142359517645046       0.37027121924966933       0.53833564314207194       0.41300360063774777       0.55197927891616572       0.36069571235943465       0.46339444210020092     
  0.88206559785015159        1.0617344152210835        1.0579146623035014       0.76897039665307199       0.83605477132107331       0.59550226433762610       0.71821337968304999       0.82307536553222149        1.0321558915551681       0.82587603324955572     
  0.39753812768565583        2.1351760430359992E-002  0.67510824624217380       0.38726548236998481       0.38272689392019754       0.54986278636949737       0.42233301338421186       0.56213456700244657       0.37914556057969384       0.47521570488849563     
  0.97406415119438150       0.86482348444881219       0.72658953934948289       0.92786893652951030       0.75879272121812991        1.0017048261632531       0.73507767606605967       0.82637543965737092       0.94325120905145088       0.83959065674108813     
  0.41485994429652667        2.4840246889981699E-002  0.68772200809386475       0.40346744293295000       0.39748590446976967       0.56099461514031601       0.43224256011976053       0.57351538003809743       0.39733422000324303       0.48339185616120534     
  0.91452544837404270       0.84050283772218970       0.98109040383600599       0.74859245364506155       0.78339775134206424       0.77550781639721988       0.81974719646934369       0.89998330092825407       0.70785577177917958       0.76587360493150047     
  0.43261363261843033        2.8748950989917456E-002  0.69863456150048675       0.41881132211373501       0.41502729137641653       0.57253242754031364       0.44084815857207527       0.58449479736993504       0.41500755115039284       0.48954830306889435     
   1.0426023462919680        1.1843003750190959       0.82024980048841534       0.88497434208953463       0.83752927028891055        1.1028979363140408       0.89522022914346711       0.82755356500951360        1.1715415816571968       0.94027823549505252     
  0.45033894332373209        3.2959816497707142E-002  0.70800255273164658       0.43602141998590654       0.43296431806792479       0.58515953534806819       0.44916803705466485       0.59584458567090592       0.43314891465172467       0.49430178214416365     
  0.94699328876465871       0.72971244502293220       0.68189720653114161        1.0818073625031257       0.66173357810349387       0.99222838553033987       0.65764891470828823       0.63305007987029926        1.2260812479592187       0.87345020482916469     
  0.46879102097236780        3.8286920616914299E-002  0.71659321617137273       0.45387734730039936       0.44855573355942130       0.59665792652768135       0.45819917572139290       0.60771330157861048       0.45218888979623023       0.49705532255795748     
  0.77191077525278540       0.80582023660138735       0.67004940913012911       0.92532043257986085       0.84096726649508380       0.85728938760066387       0.92062491768810395       0.76007964397523287        1.2796325105802933        1.3025302941393135     
  0.48650301069410473        4.4022300133419519E-002  0.72498774051040149       0.47100736910471580       0.46218227173050874       0.60700777988276722       0.46851889524038548       0.61968281815891213       0.47178668296809850       0.49881210325148717     
  0.65118629656388394       0.79201382693441791       0.70373662046350149       0.85534334713073734       0.70401297121543427       0.88573328722333156        1.0629693602318289       0.93219783152527380       0.75512075159667402        1.7642137488518801     
  0.50243997701765097        4.9836092813681995E-002  0.73450554959167436       0.48725813089466963       0.47628373000228730       0.61709332582227672       0.47934718541905608       0.63259146431285829       0.48924583963508750       0.50030335815112481     
  0.94936883963294227       0.87268923126316855       0.70149514540219005       0.87014618661928134       0.77277467273044242       0.67471828963343206        1.3086834463037773       0.84234259070197948       0.76361000855751082        6.7782305946523262     
  0.51710089802127768        5.6772088104369033E-002  0.74544448247926320       0.50238677396890774       0.49178852834398162       0.62761300376929263       0.48956708266107990       0.64679656719574974       0.50431762142971104       0.50170902168687570     
  0.67178888408387205       0.60965713973269253       0.90233230647895979       0.79661984511156159       0.75936895813829575       0.80254798880109279       0.87467695755944752        1.2239512839483684       0.79949809441845077        3.3479599968876625     
  0.53250036514378396        6.5192402013541040E-002  0.75529052304066691       0.51813204992328510       0.50954122090934961       0.63838305388861538       0.49858805669537420       0.66105200256397967       0.51675593498089545       0.50332135749217555     
  0.71115497192602994       0.78636235937706578        1.1262346082386885       0.71858509130677872       0.96816028972092805       0.99025316265627028       0.75997705691538342       0.78370411360663539       0.79242506591748352        1.5218336736156104     
  0.54868260722334583        7.4965743383201056E-002  0.76496634583863110       0.53514664419026292       0.52653877503027680       0.65002681253085648       0.50711074700245784       0.67434240649524690       0.52828995966958048       0.50558804016200865     
  0.79760589314296793       0.84578877707805500       0.94949498625420714       0.77067266091461684       0.77359068891582428       0.87462502335263537       0.67382743840100834       0.91720468554044465       0.63125273155261874        1.1366575009932984     
  0.56444709724292308        8.5222785887718297E-002  0.77480581653121139       0.55210004270064017       0.54183972891195109       0.66215655900915638       0.51546201993318597       0.68718544121061409       0.54054395375791364       0.50871709527419084     
  0.73837792902501731       0.66991991415086927       0.84728480086995661       0.65731422869400191       0.84467548247803492       0.67653123237540458       0.64543340348260836       0.83031350030459850       0.72457039900529352       0.90192982113674269     
  0.58069874305604230        9.5781552175923254E-002  0.78460533659302811       0.56910947060102224       0.55652451863828245       0.67379852586126299       0.52432636573114422       0.69987984100295708       0.55461984697867572       0.51296700805476336     
   1.3780255703419764       0.62301462624892789       0.86642469961005963       0.87105730741844378       0.85852168041931842       0.76738758342602553       0.71259092405366398       0.86807148709556958       0.57697567409093009       0.80646526147933151     
  0.59747077404864968       0.10808505345888049       0.79454006929423449       0.58472271313093593       0.57052745807297012       0.68568743572449553       0.53427825230260961       0.71169497225160661       0.57150874807261254       0.51888274765275566     
  0.82316492473397773       0.60928502634149484       0.74581615577110993       0.94601000900514942       0.83565208315028827       0.96584136318648728       0.80039005280477060       0.65878922391523487       0.55915600677301114       0.84384074435291401     
  0.61408139134282680       0.12305305478041907       0.80400259045587619       0.59860883328069747       0.58331216978991607       0.69698021168739144       0.54404753371412717       0.72322449165265124       0.58768824885514204       0.52836806040628281     
  0.81406106179989268       0.73605946457012406       0.94074965791316978       0.93160059792236927       0.54777886026019629       0.75601153238566210       0.76194107196565397       0.96080798958695324       0.73418070218082554       0.76526076389744691     
  0.63010041836017849       0.14040251646985005       0.81350346052082434       0.61068111861247487       0.59719299334698250       0.70695308533570322       0.55333806427347432       0.73468081573588895       0.60448371594300665       0.54005719052738810     
  0.89206238807626281       0.79056332942720742        1.1022348795790029       0.72905555058011551       0.67535392634351477       0.69237201805345916       0.80780055328230693       0.75370954233041887       0.89476017853014600       0.88283254740333217     
  0.64563134906727659       0.15843741285257251       0.82298871929268980       0.62129187890027238       0.61139115703179059       0.71678668003657098       0.56317857984616937       0.74559242025890760       0.62131828179614135       0.55322130856679630     
   1.0254135230175589       0.54967369744741745       0.91300152743693852       0.58094339229460279        1.1382280694566811       0.68760469807852787       0.85228824148229076       0.96444582172226556       0.63750868379921621       0.57048690971830451     
  0.66169909296979035       0.17806661038484267       0.83242934941581981       0.63187867229828176       0.62679423509561560       0.72594144217121426       0.57293280049444362       0.75596252906160166       0.63774414783514555       0.56691661408209004     
  0.89805079066361626       0.59691672520229189       0.93392751378390759       0.83947837161774164       0.68084787007311742       0.62261513770216637       0.71112117884673642       0.69896502132076144       0.78835929309928154       0.62503516006571036     
  0.67808910330254091       0.20070940102395662       0.84174426323842644       0.64654381688468399       0.64534278869169936       0.73520469774617592       0.58574010588395953       0.76670868512637802       0.65395495545370053       0.58228479101324171     
   1.0328955665689028       0.53861830028576385        1.0770843368802883       0.72855849061624645       0.97215547376885136       0.70356782863771372        1.1225179034275232       0.83926688216784007       0.65194390585634077       0.67129642168876280     
  0.69468937580969981       0.22627440458035616       0.85081506440921628       0.65887402891824853       0.66258967426167681       0.74541685853581741       0.59561304868592613       0.77736330961201139       0.66955689276593755       0.59909101720033897     
   1.1350935192101179       0.82253735343774037       0.74630172149419838       0.59655663770038692       0.83843845627664970       0.67542318457596906       0.64961068060493532       0.85223884542177841       0.74456088388608854       0.65435150401487618     
  0.71178607167675434       0.25239896621969254       0.85987944062871491       0.67159298914452870       0.67813623925930355       0.75610426210606707       0.60595189314502484       0.78876712644456504       0.68470218952231754       0.61559685349400839     
  0.77037997509154077       0.78899103178318908       0.71929031875963090       0.86029309614780092       0.72078565929969407       0.73079496285997514       0.84349598010786164       0.70557211855129032       0.78117606421534902       0.75464206963579261     
  0.72860417545117484       0.27755385964584650       0.86825224873146711       0.68449027922736883       0.69267090060538017       0.76746439014728729       0.61634808612649261       0.80011138559474604       0.69947489506354255       0.63125203712208355     
  0.78647011479760565       0.64720892082885939       0.81807260121351721       0.86375401544692454       0.96250147107012740       0.58349495228281967       0.79907835494380286       0.96879580408341825       0.73578888863039926       0.60679281732259560     
  0.74470765750709389       0.30298416125559624       0.87544294071819584       0.69868072970164075       0.70780296563933476       0.77892971642958653       0.62650914182729722       0.81017900013261523       0.71466392978734361       0.64826511023571787     
  0.81916953541415449       0.51348116565239466       0.75212189907417770       0.90316264876900199       0.86019305811677815       0.80837770124805652       0.86203675126731127        1.1264060210298130       0.74453361911750715       0.64898920731649257     
  0.75778763752657241       0.33046464652956475       0.88182968671624751       0.71578417522848214       0.72444519089625026       0.79033322935458117       0.63754974707131939       0.82009106534432752       0.72915942336956374       0.66524557298788400     
  0.70091355112035758       0.60521941648411315       0.88137180581630148       0.76334801525758877        1.0567548972468370       0.78207984297676791       0.70981753863261010       0.85841688807760763       0.71651880796011524       0.68348046295271914     
  0.76970778601777601       0.36262616959002081       0.88780068435012249       0.73301953679922882       0.74188745842104065       0.80186169440407673       0.64831800317605304       0.83111890446852299       0.74423303550831588       0.68517624718253678     
  0.75960944524035512       0.56221873094144514       0.72294688179341138       0.79225387348713194       0.80674957089837218       0.83260320575853719       0.77720632206286600       0.83744900652409771       0.86837031752864369       0.69997192453058743     
  0.78135219126995403       0.39699469613507765       0.89432063403728501       0.75028495395120898       0.75964513355821961       0.81243447008569480       0.66049265506651134       0.84399119103353304       0.75953440388037674       0.70582686916175130     
  0.79397781210571605       0.68748399440106345       0.94107164118729125       0.92531082538161447       0.72078673324013864       0.65684552642907246       0.87584218917292112       0.99561873001072676       0.89377512909203138       0.74805038467170826     
  0.79349028463685700       0.43186798815667349       0.90226942500592455       0.76761519732248240       0.77653281530162266       0.82140457063359162       0.67327064746363230       0.85635114459409956       0.77647366722809186       0.72700753732189571     
  0.58093697277352396       0.66840012768960866       0.76202000314267182       0.92357233563258012       0.91246811208400802       0.81282984325173080       0.84554267861730659       0.71183955243574704       0.81591693220344497       0.72688199333905534     
  0.80779169530941797       0.46837040397804108       0.91047688254027637       0.78511164640096953       0.79208671259163987       0.83054655468077332       0.68634470446044726       0.86666679832517068       0.79327642892933115       0.74865743477618751     
  0.83882861491433525       0.53683677852951095       0.90769768716091104       0.77664624917353553        1.0477687499879975       0.69160129287128769       0.69852747146188143       0.98714387990120622       0.67043310683392632       0.77809390507938070     
  0.82299492748723013       0.50655196432254757       0.91832361250643868       0.80201600825146002       0.80667360159625567       0.83990212159384536       0.69901078897580837       0.87638853978708764       0.81033059403979224       0.77128314681390797     
  0.86852944489534190       0.57027248157747024       0.74390811923016131       0.82426440783150046       0.84327289005171291       0.76599196761985044       0.88430892838186792       0.89886771068442961       0.77971632479895359       0.93739607335302022     
  0.83946960773552703       0.54290702003424596       0.92576007130717630       0.81826042182863834       0.82191300780160859       0.85154957570313705       0.71125365625791725       0.88666546480394859       0.82668107924122480       0.79479265048858527     
   1.0850580211523329       0.63598966851456618       0.74975141457752403       0.90631995258671760       0.88026599500900482       0.76570004415301296       0.99435000332605161       0.81697439110883185       0.74801618561191852       0.82759590589901455     
  0.85533069105749704       0.57848576451535916       0.93268007781760154       0.83436897848322922       0.83879265137182513       0.86481153509968478       0.72519789613966490       0.89753801715929638       0.84174562176474010       0.81663180603870122     
  0.74921013763599442       0.55674304573407196       0.78329184906646243       0.96070440758635678       0.99061948964061641       0.93233849351351372       0.77653064366312219        1.0912783800584238       0.70615332535811914       0.79434495802287797     
  0.87006636737562437       0.61522931282822579       0.93974952668751077       0.85121187716887436       0.85590185568504806       0.87539209193773737       0.73947934674510463       0.90855105110870271       0.85761395094449577       0.83711066296499792     
  0.92476643058038632       0.54207012430353896       0.83074931070155167       0.86180875049564287       0.79685338563096142       0.84779777515227817       0.71949898824817538       0.78006339252081136       0.68009952065926849       0.90002528263139825     
  0.88445092778927370       0.65424568213439216       0.94697132688782504       0.86895424516952779       0.87159009325822723       0.88386383540086577       0.75487498827016897       0.91938908943916609       0.87387888798132951       0.85251309451204582     
  0.64182986026324507       0.57140736393952418       0.92689904014547975       0.97026138081593827       0.81862147076824110       0.72758649553691301       0.89563688463734814       0.80384756463820450       0.67427265518495050       0.86316278174640726     
  0.89985081088668395       0.69464201097952794       0.95468063079273968       0.88643772521634512       0.88756698576649795       0.89188600097584980       0.77016593433336566       0.93002816589721682       0.89025373556797882       0.86647687930366646     
  0.84547794202837034       0.53778665021047534       0.80248972312296740       0.76258608192011101       0.71458442153670521       0.68280418030316037       0.85361775929724082       0.84565884199125718       0.72160221424774940       0.57261892431751504     
  0.91587975281702605       0.73500807609594043       0.96239845694484838       0.90273596865159578       0.90541364201303398       0.89989699124131362       0.78618846462518654       0.94045410557915576       0.90691275043669184       0.88043506061754773     
  0.97053880431214057       0.51763596009443846       0.73190893461351725        1.1830854760570046        1.0349633458303857       0.67462166624876385        1.0240893033974237        1.0108882651942879       0.63141279915859339       0.58653705060710581     
  0.93269211043167510       0.77424777115766374       0.96961065666800916       0.91882308254482592       0.92346600721193162       0.91134191368537076       0.80129391732545796       0.94936228026482694       0.92323580464716870       0.89501990304217638     
  0.93171703684283436       0.54230074505509840       0.89528111881872363       0.93401541662011767       0.98291733090707367       0.73260800914159652       0.89322462767890376       0.61821811728088383       0.70316117587187188       0.64308232778991570     
  0.94780324306652231       0.81447785244666648       0.97534492944630846       0.93523986063048059       0.93962841305388378       0.92423081855387135       0.81626303982709392       0.95767673068297665       0.93952186714692676       0.91413805190406106     
  0.95004128375615970       0.59392344161008503       0.65258210942708572       0.97791601192685484       0.71317565141837846       0.80424454074784801       0.63561132870780535       0.56237826672999436       0.75052347033107758       0.74045912511421885     
  0.96210710463237281       0.85546710986814689       0.98069044396789185       0.95220471090283243       0.95437124156820918       0.93746358347416658       0.83386483610525097       0.96667794078269231       0.95443667631389617       0.93565705500459539     
  0.79293516984167800       0.63061746740561153       0.67163941747057521       0.85726784434191960       0.69410178412168910       0.70217042128812501       0.79943545447640696       0.94800849399568765       0.80862042864548989       0.88672172105897706     
  0.97534167225453117       0.89733747914076567       0.98628376663312656       0.96809615202239674       0.96842453488652780       0.95194164874960940       0.85593875516732054       0.97555000045412565       0.96974957263326289       0.95524065241701128     
  0.89302294668774396       0.63389294696495568       0.69785739581155715       0.85310207270831140       0.82771120506171281       0.73098979722590407       0.72343852649953810       0.78579902870521579       0.56018156273086861       0.97369558569653236     
  0.98788919264698971       0.94410820876026291       0.99303988949989086       0.98462415163436112       0.98434636107314410       0.97207087053207619       0.90080478869838998       0.98736529149151286       0.98452872511407385       0.97732622225360311     
   1.0080759837849451       0.59324108453844981       0.95820243657493143       0.75536737177616420       0.87316936702799530        1.1073521540267108        1.1798377427596476       0.74363121981450042       0.52062047443746151       0.95049214705161889     
   1.0000000000000000        1.0000000000000000        1.0000000000000000        1.0000000000000000        1.0000000000000000        1.0000000000000000        1.0000000000000000        1.0000000000000000        1.0000000000000000        1.0000000000000000     
  0.98980253402350771       0.62700503032653354       0.49862813678536017       0.93612065898295826       0.73713081554898030       0.91325519779761688       0.63918959926841445       0.75119174823664125        1.0112740354538097       0.93730422598780305     
 -0.82173947707025419        26.011369381248951       -6.5132495172152858      -0.58342092676648438        2.2682003997323359       -9.0993848833368105        1.3368149724737328        1.3420534367259294        2.7140712965775564        2.8105820770976333     
   1.5888009597060293        3.6057871546654465       -3.2918436976981109        5.2104493430456884       -1.5423883388160069       -6.0051171684931663        2.7388111303925080        5.2810391667097054        4.2588926750015830        1.7246401179306154     
   2.4942773977848391       -2.3541335298235913        1.0209152714918364        4.5742680346297764        2.4068504315434778       -7.9112223319217829        5.0194884748707986       -4.5045766602355923E-002 -0.36661317779525593        2.6301076813850481     
   3.4094212059553355       -6.6181672146260144        2.2630487041320508      -0.81600402973584885       -2.0188719097512116       -1.4654640248010427        5.3888359874667957       -1.2920140969870115      -0.96329789170409086        3.9704829185855361     
   5.7188097774305655       -8.1043874498027950        5.9855360843431358       0.79350660947165907        7.5547805148598091        3.1591653441970653        2.8248248070071145        4.8099099106025403        6.4697866658189458        5.6094321781488423     
   4.7268316423323444       -10.329723780453900        5.7219828382152187        5.6786558783868690        4.9632947115807333        5.9353948311551656       0.93920189035897306        3.8825580605923400        3.9666548790047638      -0.79887590257000385     
  0.39185833767647166       -16.681124718272216      -0.15448448233868700        4.1543269401511855        5.9331729252656391        10.649767243290890       0.10046923207285080        3.4241192783940839       -1.0955694333509893        4.4387447402784570     
   1.8854265418862888       -26.412090566742812        3.8271712767908346        4.7589293889577258        1.3589686456729817        10.145445609448574        3.1549506598195660        4.1902413922256496        4.0702916505259070        2.8829691076796391     
   8.3692369840831994E-004
           1           1           1           1           1           1           1           1           1           1
   1.2364685698107005E-004   1.0240151287465367E-004   3.8758154480655168E-007   4.0178940092986402        5.0110378193338445E-006   4.3418933982643973E-009
   1.7047017328449496E-006   1.7517204981247840E-006   8.1683767117344325E-008   6.4595455835982474E-002   8.1659066613906244E-008   4.6668331844359349E-011
   5.0000000000000001E-003   4.3746919272096827     
