   0.0000000000000000        0.0000000000000000        0.0000000000000000        0.0000000000000000        0.0000000000000000        0.0000000000000000        0.0000000000000000        0.0000000000000000        0.0000000000000000        0.0000000000000000     
   2.3011587596447978E-002   2.0711967692155147E-002   1.5878256248475761E-002   1.3729241436715445E-002   1.5875866812246772E-002  0.20598543468150141        7.7963531933062283E-002   7.7182374665247272E-002   4.1806085512275326E-002   1.5390868176619128E-002
  0.33713752856516144       0.37514519227321524       0.38737990214445112       0.39994991908190175       0.32559355147414692       0.25435528075611713       0.25435528075611713       0.27261123997037462       0.32260895182604460       0.30711307032420132     
   4.4676668683397883E-002   4.0772403582684205E-002   3.1591215020419505E-002   2.7758687277125348E-002   3.1613036472841069E-002  0.34605259522989834       0.13606846540505430       0.12901545322385180        7.9768908139443526E-002   3.0334343102401840E-002
  0.32504285640349956       0.42645021096702351       0.30468239789763291       0.56024382181959720       0.35091822351320051       0.78462770914580393       0.35305220915950830       0.29165684261657110       0.41493438858206477       0.32881552687805360     
   6.4127728547077933E-002   5.7977318734531297E-002   4.8298229607988005E-002   4.1339111913575921E-002   4.7858936529408425E-002  0.37765043139316923       0.16225252387544550       0.15914499501837290       0.10980121528404714        4.5873189574463853E-002
  0.28490404564446326       0.29532222884777110       0.28627155486281386       0.37084810915663374       0.30207074931077305       0.32614407846593169       0.30945897920165949       0.27268326262042714       0.38781177587837884       0.32341898145934822     
   8.1912906122894036E-002   7.5051323113394311E-002   6.5116429856896529E-002   5.5864356216663046E-002   6.4176215838074091E-002  0.40674710947890785       0.18406170681943257       0.18829717169226007       0.13944895802630250        6.1204131937347958E-002
  0.34470547008167496       0.47781798266396536       0.29521595644213700       0.36078836385096619       0.37463490324404042       0.42768161824127993       0.31689383106922436       0.25439764351616667       0.39468302662386379       0.33994772999610667     
   9.8113633591639438E-002   9.0848052405214305E-002   8.1601945238392704E-002   6.9985975878707543E-002   8.1216579623157883E-002  0.43050648141954739       0.19929678831972994       0.21561623239069810       0.16733812084576177        7.7904209202762628E-002
  0.30647287679328949       0.43976027110578503       0.37108508239851712       0.38803228135562634       0.33425924543498786       0.37121626564201010       0.28395005900749132       0.28683702223954471       0.37456951348256529       0.34587102221967952     
  0.11437670961921423       0.10680503730615944        9.8393585882938686E-002   8.4373028004320491E-002   9.8300355719796909E-002  0.45163434885175402       0.21317984763797765       0.24154832469244208       0.19340349822350200        9.5062148198137755E-002
  0.39524479658782591       0.33104377529078677       0.33011779647347023       0.34741387480303842       0.32865805296823764       0.34069590586785164       0.28859267679435857       0.44404599909955700       0.44445391292625891       0.37802088673028889     
  0.13124516889209270       0.12320355059978874       0.11560107749781982        9.6047763937414127E-002  0.11493640710211021       0.46822695621865534       0.22473687970954564       0.26386067093596660       0.21575613867113713       0.11321592072722481     
  0.30211174475017577       0.30139676349947098       0.33339098985859555       0.28123690899009801       0.38501181829614839       0.34751337505318669       0.31913451704117790       0.34341260400972673       0.35033855193256203       0.34164128566209362     
  0.14864028426100168       0.13932645947451242       0.13301530352758795       0.10775026780542681       0.13149986773009689       0.48495078773793282       0.23565634867809260       0.28337613017343882       0.23806945710531704       0.13220796446329819     
  0.36008491133661313       0.34271696812105240       0.36988202652852703       0.37087167777006885       0.35695025398629426       0.31303567037078434       0.32335581091875715       0.39126885786121518       0.37709277224071752       0.32852259612430923     
  0.16533031766898662       0.15447016786637735       0.14847190881320291       0.11358829838532036       0.14697540951780050       0.50263187496127326       0.24627166573744666       0.30153162188449861       0.25881620652620241       0.14272730221562291     
  0.30959802551345883       0.35880983951130307       0.40111623967924936       0.26763836993411694       0.32529813307950223       0.32565285462022714       0.33513246014767978       0.31144066920374602       0.32699013445008429       0.28191771233400120     
  0.18192237006260481       0.16917558397391202       0.16410617738755540       0.12126715737623388       0.16267454515479496       0.52016460872521708       0.25340603735887796       0.31642737928634651       0.27994696135649771       0.15290316722681369     
  0.35242796575283619       0.38430838279638380       0.36843626566721444       0.26093792960385331       0.27604221747348351       0.29908613072725321       0.29372766874173517       0.33241097184851776       0.29916965748428159       0.26491354625364505     
  0.19845420513077541       0.17959307634560748       0.17977678390620055       0.12948522338388285       0.17868713972015510       0.53248928316955668       0.25983302407288600       0.33156103277029769       0.30097816116063886       0.16270933456952325     
  0.28458778759504233       0.30256251221309455       0.38043179965311064       0.27261123997037462       0.30716073276904504       0.29319078242684649       0.27248098907353308       0.32731202543328725       0.36030532950724137       0.26528336676938064     
  0.21476016760942046       0.18765307333872799       0.19612848756494997       0.14215048084457085       0.19490554715471128       0.54532680913699860       0.26595800371661432       0.34612578989242981       0.32198068614078057       0.17573981738799982     
  0.27867030570871681       0.28284863894480700       0.30377033907650225       0.29732240057231285       0.30116277911313849       0.34825672463122670       0.29370770058616791       0.33125096636766949       0.35884448563608085       0.27879288737773200     
  0.23044331383761163       0.19585366092699460       0.20839088638428183       0.15411705503619283       0.21026795005408713       0.55849263698832707       0.27381727065497408       0.36076682688554684       0.34163356496121472       0.19222885938187645     
  0.30948167640615010       0.35501104389854782       0.28986139969317021       0.33912696087328326       0.34931651159938482       0.28293433723222861       0.28105520549387003       0.35799863612242144       0.39577513374595857       0.31052241336492747     
  0.24572899913217733       0.20501284336104525       0.22076136781577188       0.16740999534596429       0.22568354690529263       0.57114776185123950       0.28322667090527565       0.37380812287900339       0.36094523310653037       0.20832665566968295     
  0.31949671423035558       0.27458404061139280       0.28359070515158569       0.35890040141328527       0.32667111215114214       0.28665946636529238       0.38067184298526979       0.32090085331318596       0.30983521955305499       0.32522029013856452     
  0.26141404373991639       0.21918316554274608       0.23555594857490222       0.18246813068434628       0.24164838075964573       0.58245569420222743       0.29273432274974015       0.38599510265969084       0.37920186807920930       0.22511251230642751     
  0.32029446380117377       0.33429877914296813       0.33230107938733799       0.28205869525022820       0.31308280586284026       0.34107568157889939       0.31936855599907243       0.29208239278974008       0.34764714992467605       0.28776970965299015     
  0.27723847077717201       0.23223834357808876       0.25058552409203372       0.19774632538220202       0.25785879213107410       0.59227686994140150       0.30264697822700609       0.39806089076344486       0.39772579483476284       0.24277849996654641     
  0.36841099440663655       0.26993843981420401       0.32818065574864852       0.28934439287873426       0.32067453847267990       0.28943773256210137       0.32947934597784412       0.30078317305958263       0.32371077517850300       0.28001928456317210     
  0.29440016143408959       0.24441988591436994       0.26565917691481383       0.21264437548786744       0.27373472625174811       0.59885701636693023       0.31226328378177920       0.41017180708800061       0.41610434066359059       0.26047831401912863     
  0.38023170203296530       0.28410977780713897       0.33958992749099165       0.30129511361854960       0.30822923001010322       0.26037008340353235       0.32538481200982255       0.30632661137108613       0.33003152955391146       0.29798814309249100     
  0.31142443323776925       0.25649552632396205       0.27873280592435362       0.22931038769469997       0.28976250731815195       0.60467928325973619       0.32140715274518200       0.42314173726439347       0.43429336714944777       0.27825246994032998     
  0.35770176189565900       0.35014185108632029       0.31987166500246211       0.35189781808725057       0.38170167432369934       0.30743575527740802       0.31879279154538692       0.37187004119631734       0.36588113649837450       0.31892827142715102     
  0.32738755116038987       0.26884595680045292       0.28760744374431613       0.24606098795603723       0.30586322165509666       0.61116908783660429       0.33043255724532189       0.43669167863082686       0.45235299349921287       0.29611563885701897     
  0.32162625267171324       0.31172408078578961       0.27774580111248293       0.36455876501837498       0.35200279123347139       0.27261123997037462       0.33318583564545806       0.29765569039454359       0.32522707473651524       0.29297116297098874     
  0.34336506352938212       0.28236399546740504       0.29681381243905353       0.26338499827324496       0.32262934061830445       0.62122095480675243       0.33945802272174613       0.45062845979410820       0.46980190006874067       0.31363327065276120     
  0.29532105865919989       0.33120021859357035       0.29218006596055252       0.26944735945822307       0.33633136479760906       0.28719393326354020       0.36000819526551614       0.30124989832207827       0.31966929561993290       0.30579865445724480     
  0.35849284259200914       0.29564485456243661       0.30604073166870233       0.28056213677388225       0.33970654292560720       0.63145689745018130       0.34854427881175659       0.46467404259397943       0.48668654276543799       0.32961238791170222     
  0.32030394686833791       0.32059954933548185       0.25435528075611713       0.31663295273993353       0.38656156799752656       0.36284488603557669       0.34630780032946279       0.33268980848054908       0.38977275794660271       0.29927128835686118     
  0.37360269949488256       0.30910942069167219       0.31812885140668312       0.29831751545809249       0.35589808746365537       0.64208616697624343       0.35735594809092897       0.47871940435773841       0.50335603463907874       0.34574727182800408     
  0.27622454868137714       0.31495609795984331       0.32415614094946316       0.30988922817358272       0.34811289918674643       0.36664775147357087       0.34925888213551826       0.37863627299627217       0.30001553958534322       0.32184857050942667     
  0.38731602710581303       0.32093914276055735       0.33267693275492061       0.31554541797744184       0.37238144904757992       0.65254097718522652       0.36619456850448678       0.49272134089511632       0.51979401445542772       0.36233192984831902     
  0.30219787840442369       0.27441705769581737       0.30165580725225533       0.30585709923799659       0.33631516464995309       0.32642051820501988       0.35356861266535389       0.31022520537227555       0.32161132234408041       0.32359106896308032     
  0.40066666424044928       0.33254938047673949       0.34830409017884373       0.33268559011174464       0.38868620613194366       0.66312917041125752       0.37471736758818946       0.50621515551789587       0.53509791673985629       0.37895525247625134     
  0.26366739263380312       0.32259231364995655       0.33122245902163910       0.28987434212436369       0.35855497933666264       0.32009895768252178       0.42464320939231642       0.27296599801197913       0.31142171197963225       0.29793314117065989     
  0.41405466698324700       0.34621545567454365       0.36489566678203028       0.34984402474853649       0.40589450571911206       0.67375541022661789       0.38335200585522422       0.51935730838723593       0.54933430635613612       0.39500678892019758     
  0.37377766357616771       0.31772538269193012       0.31290576609248361       0.28758774656142377       0.31949078045311896       0.33563713271813495       0.30744907533372029       0.32005510839044909       0.27943156515212236       0.29079493211475410     
  0.42721615335571578       0.36019722402996174       0.38137358134429949       0.36711169025586032       0.42351314604329637       0.68414630972740498       0.39185065212647363       0.53249897937559487       0.56348206166796355       0.41099029968826151     
  0.30361238491074477       0.34314368042335402       0.32604351103471124       0.34570864232323140       0.33995637206911355       0.39671305453580158       0.37858132689499463       0.28338207232830293       0.32487509633003325       0.27453301355934046     
  0.44361482077754516       0.37208072876249848       0.39812479505695081       0.38426536494512098       0.43956786207220799       0.69441924304138603       0.40037967144102382       0.54585376071037406       0.57766174468596065       0.42572441941901112     
  0.28232304964123761       0.33236931069046938       0.34564982113265541       0.30532318003254377       0.33918765724386807       0.31494952052140984       0.40139175996014193       0.38985745791401183       0.33962116663685560       0.29490163661660301     
  0.45917635243733068       0.38395097397956796       0.41530531186240704       0.40074529843504769       0.45515244009005995       0.70465515797961642       0.40853984004482441       0.55945431734563611       0.59199874517954520       0.44054036764631077     
  0.32224006083750156       0.31875847837560034       0.30105231487225692       0.28459412855737054       0.33432166004052666       0.33504225953262490       0.34018883824688878       0.30840958024649850       0.29771944308868431       0.36030685650457345     
  0.47434205692677972       0.39493493583336492       0.43273528410085743       0.41696802639202696       0.47054943642655306       0.71472405791011107       0.41672088238368954       0.57295881952324812       0.60636962031373665       0.45464464177436642     
  0.32013671980676067       0.30024097787829712       0.32853174494276383       0.30895533740996195       0.31357585794845916       0.29545441360499863       0.34221674788708534       0.31226279077488611       0.30529641552547010       0.32214446072393593     
  0.48932739464057268       0.40630854482393325       0.44951575111964376       0.43275556568778850       0.48610903398518157       0.72467299405889818       0.42525385671657234       0.58644313080335475       0.62042974827994157       0.46846641627978008     
  0.35247072260898810       0.35381379088069748       0.33304983273094335       0.27519217221858722       0.32736441805735617       0.41016990520969004       0.33711401381591288       0.28570133146831661       0.32985125160307549       0.29902097289858121     
  0.50517169485146840       0.41872874656695230       0.46546108594203250       0.44976466602507720       0.50228310173201751       0.73417784381882523       0.43406824819233764       0.60018630057159272       0.63423133547923283       0.48074291349002030     
  0.30521452745727867       0.31212001233965425       0.31769646925852368       0.33058235035267847       0.33973146521603653       0.26843767864308093       0.30712063481476509       0.33024932584539179       0.43956146100195465       0.32550961136729895     
  0.52155044540420337       0.43113475222255060       0.48111412650890356       0.46676162758451917       0.51714832383515874       0.74269083692522053       0.44227111679810555       0.61432099805568785       0.64811127559141524       0.49237266515711448     
  0.36128559992762943       0.34467952732202789       0.32488050446358019       0.29791452924735129       0.29521514076113836       0.31823008840611483       0.32196421771179312       0.38176949173647778       0.32185454501460453       0.58461431128283770     
  0.53744484753474053       0.44368146275973974       0.49674792032798731       0.48382446431960391       0.53249937585968932       0.75056416297146289       0.45031531001448677       0.62858191677584918       0.66218715249702231       0.50260538755903084     
  0.40633550842928723       0.34404563262941690       0.29400206300825554       0.30217131325896379       0.29126707504009230       0.27284231745094306       0.31210219801772354       0.35029416507591321       0.32402323074958639       0.49096077113103648     
  0.55312454115418741       0.45654371539384986       0.51154105327146226       0.50014602664831243       0.54849607952611268       0.75890013686363023       0.45806431231005779       0.64280097346708442       0.67520784630944997       0.51301041527447444     
  0.34453869381377678       0.27481460011274106       0.28110569521494805       0.29248284231687832       0.28638741594011702       0.28404800028467997       0.31655788126433493       0.35084680429719112       0.29672286002998538       0.45427206418836813     
  0.56934904988360702       0.47017407252505822       0.52566618119676101       0.51642938781958214       0.56500487065587479       0.76741056291324838       0.46582112348340271       0.65722314612216537       0.68698575134655893       0.52440345181669690     
  0.31203037815747692       0.27391455463664938       0.35603378272693648       0.33501103621085221       0.31958052096000006       0.30398541551529912       0.36928551357596173       0.39820341847911622       0.29767359712006181       0.36171959530858661     
  0.58625553570480282       0.48369124011691017       0.53954582578743226       0.53243130786042003       0.58205917458812462       0.77643807352575889       0.47438087279341890       0.67131384897269253       0.69854452221060248       0.53562677228934819     
  0.31767112453250734       0.31820640273575285       0.28864553933935616       0.36907246592669790       0.35540174055894108       0.28513036824416782       0.34071156784188128       0.34485809659367289       0.29857984394944759       0.34783591846299361     
  0.60287222667196627       0.49762548768658932       0.55347685737241370       0.54851584222226035       0.59879683396759420       0.78554880540374117       0.48302952320623360       0.68465197034230407       0.70975612024696644       0.54856884918318283     
  0.33754753858089637       0.33940256140399722       0.27168546168873631       0.31627609311509020       0.37331216498512509       0.33270389979969917       0.32494912245182905       0.33326968040136490       0.28997987924922514       0.33198797076779069     
  0.61937520109368471       0.51155702583032392       0.56895986157620515       0.56443228936433254       0.61561140281229998       0.79405315887042749       0.49156126651361437       0.69693117832151330       0.72108965511205636       0.56162006551859478     
  0.38883403709284009       0.29358293041595679       0.35889488594718916       0.27884329115323619       0.31124528558243042       0.35208106062848699       0.31699038767027643       0.28183597177730463       0.27811261702142526       0.30409581283335052     
  0.63588417766994154       0.52612206505471304       0.58521221375029031       0.58060249421627430       0.63258944601778644       0.80244463724288662       0.50030382417030050       0.70861751609057599       0.73207474982544885       0.57506220273158748     
  0.32374792991831514       0.38643167877894741       0.34424915170286824       0.32327853537645584       0.30223463048366739       0.37341985822393947       0.37750624517151149       0.28558850542602460       0.32455558103017795       0.31478360294172869     
  0.65160276706079023       0.54047943344249194       0.60143587840669110       0.59631871783833046       0.64928546414294364       0.81081937389212866       0.50935318510908811       0.71960955339889565       0.74337203698790688       0.58886295103193553     
  0.31745461685473236       0.28685686627550161       0.32329807675253508       0.29590939642770070       0.35974182294532975       0.30696582603585115       0.31754516148444883       0.26774313028598434       0.32500074346167634       0.30717955896533944     
  0.66698391795058465       0.55459111028727937       0.61927429786297039       0.61200495442890746       0.66475002092381430       0.81924029853661695       0.51856605004263978       0.72938721535536977       0.75476980324387621       0.60494268687082797     
  0.35544668309946009       0.28011932224080377       0.32095203747659445       0.33191825542992498       0.29252914281859210       0.34949572256713612       0.35809831766795314       0.34372428345534106       0.28075474994549060       0.35486039824293986     
  0.68123291817462550       0.56888055050543762       0.63715040419301416       0.62777501444217843       0.67936789821727828       0.82727280254098601       0.52764250756909625       0.74041248135744731       0.76719679739619007       0.62112745400878688     
  0.28008811462800604       0.34404487904886749       0.38752151135804230       0.30126031585435609       0.29869563049062198       0.30969302683493172       0.37180147234073246       0.26966643263668744       0.36064285394294776       0.28700909701584015     
  0.69591466415512926       0.58246518733026220       0.65423028789117998       0.64346193712474220       0.69433538553606255       0.83494059021397815       0.53618297890853750       0.75173878239803127       0.78022783363233494       0.63892221315112718     
  0.31003691527443034       0.29963048865399694       0.34644967431326529       0.29311898371557832       0.28280561339399751       0.29725625136392775       0.33524967726008603       0.35490900063712938       0.30692325657351061       0.36630004669766680     
  0.71132067111586494       0.59634034461331564       0.67175340147808005       0.65881304764986481       0.71060709106615927       0.84258012603632193       0.54439121695273740       0.76385732716626376       0.79291808437325018       0.65694217538978894     
  0.30250720153274574       0.32337379899466950       0.31953180748367899       0.26975583457067032       0.31618831698129918       0.29035375793569740       0.29663116957700580       0.30175697182113215       0.31077315678859790       0.31643986700319049     
  0.72696722049143536       0.61058153948495408       0.68823287551693557       0.67412949601343553       0.72785434224162437       0.85016133105354419       0.55249027428555975       0.77674744334305901       0.80563558875295693       0.67459779200547909     
  0.37916613838994612       0.34882548847156120       0.35453556763401994       0.34638110596673566       0.37195634709933445       0.31232304424767232       0.30140395001464226       0.30246291384536389       0.29602845659236271       0.29120976881435517     
  0.74307054056465704       0.62500689128149745       0.70507415451166999       0.68966859356087806       0.74140364313868878       0.85784656870608755       0.56099922265997237       0.78928168573336799       0.81856936296578187       0.69237645304114526     
  0.37525323525486315       0.33423785397148381       0.30681787754841805       0.31701474234084598       0.31341313614904032       0.37182346960458640       0.29005408621033785       0.38390973942201784       0.29991872780580542       0.29068705789185734     
  0.75912514462208980       0.64042350870553033       0.72247130778625157       0.70539751708201426       0.75523588805177966       0.86559582233005261       0.57103260830710356       0.80167022574869518       0.83141594617866843       0.70982501764062977     
  0.33325979689152641       0.25856373094427437       0.37894327770031910       0.31471271364007514       0.27177795166651969       0.33772589140040327       0.32354647902614370       0.30597532113038461       0.32018150054777300       0.35796477451772329     
  0.77511797585993347       0.65612642684131184       0.73997763464787880       0.72091997319963963       0.76440752294501513       0.87309829437524267       0.58125706555179135       0.81426409819078460       0.84410521795591897       0.72749769463958092     
  0.32840626967675601       0.33174382242353745       0.30333940480703669       0.30397846258422812       0.33231662541632412       0.35235806550701176       0.28968306423249918       0.34080235999886554       0.30521628897355196       0.31566050496848813     
  0.79115996723575344       0.67199915059785287       0.75701553502107388       0.73613790627616305       0.77471177082612996       0.88028529069972727       0.59186009354976798       0.82725870312105354       0.85673453123520960       0.74567217426870636     
  0.34008705997570082       0.35043906905994582       0.32805259556265681       0.28821431026317762       0.25673194383096754       0.32114352062927176       0.35762952552502053       0.33295820990873426       0.38444558764412534       0.38448807255590683     
  0.80702423885581931       0.68775766730617904       0.77407958050553716       0.75142876298132777       0.78529546160007235       0.88768248008508621       0.60166455008801067       0.84024321460682383       0.86881054868875229       0.76312441568357625     
  0.41843107630963872       0.29245053381267838       0.32441413872361130       0.35767619005428253       0.26664175326778528       0.31758639694557667       0.25435528075611713       0.30330723914080621       0.25980576844013931       0.33853483745595514     
  0.82277900259578707       0.70404811436183401       0.79075436001034083       0.76682764816558113       0.79971384125974276       0.89549918377819582       0.61158533775222446       0.85277058365196989       0.87958367074639454       0.77912558652519803     
  0.33408595612492492       0.30107820081390396       0.34592763136928556       0.34663548052257592       0.31738908782825842       0.32854017438004057       0.29072336388989456       0.35394223329747149       0.29954029739881449       0.29719971378293275     
  0.83809186104745881       0.71997551486975497       0.80730003332846367       0.78226709549660778       0.81489367749516983       0.90307599097959235       0.62155360296816442       0.86476691410423967       0.89021540609832250       0.79511713741607881     
  0.30142133611057903       0.29586337046203193       0.33206485061914981       0.33387276682403966       0.30651597057062546       0.35881288241928022       0.28655731968379072       0.34993647094484764       0.27105259001516757       0.30268521325345082     
  0.85353031220472453       0.73812569087778634       0.82162492400448328       0.79752262438675381       0.82912126459198809       0.91029841902256503       0.63342747336199701       0.87482199097243685       0.90058008982313831       0.81224075766362724     
  0.30103516421103704       0.36767277568660844       0.36015123140867322       0.36681702959746953       0.39761454629893922       0.29371714810342681       0.36930368357455806       0.31954635819586019       0.30013628860597197       0.34577454564514470     
  0.86919257841728237       0.75606082181456380       0.83565225081202865       0.81296957497882416       0.84342459009341220       0.91752888750927208       0.64535804753279902       0.88546398209879751       0.91175297698295521       0.82946262076713984     
  0.34399936499576172       0.29217749258936071       0.30808061003243714       0.37100839887435350       0.35867045496897332       0.30843926389191723       0.30978809360465365       0.29551129675468413       0.25709957291150748       0.30031163578211201     
  0.88480461740379590       0.77462375708952835       0.85148009629936727       0.82854464512343817       0.85616598672887045       0.92460979243800789       0.65860752129836175       0.89754057719749480       0.92340670704369754       0.84752374923882801     
  0.30180581847005628       0.34940860517129990       0.32720686927443371       0.31035795404049471       0.29565260050727149       0.27913961997611592       0.36916969451219567       0.31195303536600788       0.30793464402100779       0.32945447548776940     
  0.90135587639565939       0.79315809760483247       0.86719173263776084       0.84441186995978801       0.86915480163784131       0.93177482073122564       0.67157385699370786       0.90920252668612589       0.93503739150352516       0.86541700265984267     
  0.35321005802376909       0.29972703540130380       0.30602047750861400       0.28508895314550137       0.32477931077131295       0.31723790661637957       0.33831597901898952       0.34888096447872785       0.38365749874196364       0.34087326427387993     
  0.91763387920984307       0.81296996998081583       0.88370563937737179       0.86125483557352578       0.88595817794138365       0.93921638178010924       0.68526990546695632       0.92033481228467706       0.94666209841905025       0.88249058917449363     
  0.30471052229864198       0.30650194372352080       0.31130140469143169       0.30946464097708687       0.33538809011267023       0.27526292207156977       0.33422231936573232       0.31229858521458226       0.30821163095264581       0.32951648181298954     
  0.93255122533853518       0.83382630507780675       0.90039893391605830       0.87802928095430099       0.90266044844379467       0.94662461843344492       0.69941058166180614       0.93135118635715108       0.95853623055665693       0.89954062191236694     
  0.35998280932336524       0.30630831386093166       0.30366296848834762       0.38705318432241370       0.34528329357515636       0.36979531198656523       0.33866303954711408       0.38466129136406607       0.32431569984558445       0.28463043670862903     
  0.94515939534019500       0.85731741667329397       0.91658875874485601       0.89492866660412707       0.91870491623926676       0.95372321850118513       0.71716599622380217       0.94252151787299809       0.96898437815905725       0.91621619593572823     
  0.31904640071289853       0.37461918671471378       0.32627976953791171       0.32744849893174260       0.31625979133324322       0.31552478447117344       0.31434708048836801       0.30483081429449982       0.29450030811226807       0.37270843993289010     
  0.95351076496483589       0.88174417000971173       0.93269368006414322       0.91154895816847215       0.93496745018452909       0.96080176202357837       0.73576943546089546       0.95385492414054429       0.97863490995500335       0.93300078954543797     
  0.26646349756616949       0.30594591066077315       0.33493688285591683       0.33175892260799350       0.33519385539999863       0.38341051657705705       0.30855093472709499       0.31577044489787270       0.34027661076972593       0.32891191614205428     
  0.96168045126125279       0.90920145526352314       0.95027434111452536       0.92950473447461213       0.95169924833002639       0.96885786742503566       0.76458080348902369       0.96516787372958757       0.98533895115001457       0.95015694985855215     
  0.25435528075611713       0.31826550312600493       0.30112542774503681       0.39957419703193375       0.30884013904654328       0.29872777320080518       0.34161204629710062       0.33492405488510374       0.27626914489015597       0.35578096889806743     
  0.96911735444704761       0.93739935328410706       0.96754160043374859       0.94748412681394967       0.96778857573383736       0.97707889396598635       0.79677523581496679       0.97630559856594346       0.99106716014595908       0.96684069047433718     
  0.25435528075611713       0.32208234934069274       0.35682066907422105       0.34058689334311565       0.31582889311882850       0.30845229653348383       0.30837666953360959       0.35016335898763468       0.25593402459014275       0.30140244871653271     
  0.98479111466743841       0.96800679822785729       0.98377052445634405       0.97344765453320092       0.98389641007314910       0.98805842102739272       0.88632693610071211       0.98812146590756122       0.99570306925092833       0.98347336504086369     
  0.29207940049604736       0.37092197356405654       0.31535224890817898       0.36885583706570385       0.28693200960079090       0.32682206306447048       0.35746033491173929       0.42873066155580247       0.25435528075611713       0.32596445757617154     
   1.0000000000000000        1.0000000000000000        1.0000000000000000        1.0000000000000000        1.0000000000000000        1.0000000000000000        1.0000000000000000        1.0000000000000000        1.0000000000000000        1.0000000000000000     
  0.40366562699213143       0.33630546342077006       0.33856500680326918       0.45963424636835637       0.31231976726441674       0.31875371641084138       0.25435528075611713       0.32964903097105563       0.41814604124578164       0.33567603392818168     
  -6.2239183365328756       -13.001668815067806       -4.3039708222237749        17.007782197768346       -4.6634387158410675        0.0000000000000000       -4.4275523452894596       -6.0088859248367177       -6.3410699258813468       -4.2900491866930759     
  -3.8170203756156256       -10.013583449266283       -2.4656155253137828        2.5935257287470264       -1.1321191903100190       -2.2204931917270101       -2.6831193920082854       -2.4328783060785013       -3.4667304100696321       -7.4765921108772506     
  -2.8836808388042328       -6.9869665868630113       -5.7622836881000277       -1.8927684623362500       -4.7146448215612029       -3.8600323380727031       -4.0518201411579851       -5.0636895385408716       -4.3113310945677794       -5.2605489185606702     
  -5.2518706089112017       -3.0143539972728091       0.19407307562976434       -5.7190667922870544       -1.9664884351007221       -7.1442240350304074       -5.5845640972580739       -5.2110550901123514       -1.2391856459659898       -2.4916326608629475     
  -3.4338358039548802        1.6060437931515450       -3.4693222868089775       -8.4851823070761849       -2.2266467879464962       -3.1866029104653797       -3.4550775913642817       -2.9484609000561126       -3.1853984569968374        2.0934952185740783     
 -0.57828586669114179        1.3781887005489253       -3.2468808566156016       -12.044643518400543       -7.0544888732017537       -5.6377471050311065       0.39665859998339459       -4.1682410429995045       -2.3008682186602250       -5.7850616070089727     
  -5.5751566990817407       0.22227842092691116       -3.2881855204571706       -15.200597500000436       -4.2931767332291679       -3.6237981592594464       -2.9473844023192659       -2.4523670868509955       -4.2764340621597592       -2.1542779614183458     
 -0.81072619875307739      -0.89460030736720830       -5.6894644631610154       -21.141266279531056       -1.6629983516822555      -0.66900198340221140       -5.5902857873868008       -3.6619805888062142       -4.8589275882412588       -1.1829461330796012     
   1.1213406534287767E-006
           1           1           1           1           1           1           1           1           1           1
   1.0858677198087462E-006   7.5249377250757090E-007  -1.0980706152355081E-008  -4.2911309512290794        6.9907841173313726E-008   1.1078654705971692E-010
   1.1430023919967121E-008   1.3335053539956032E-008   6.2081152556620277E-009  0.39707805067634566        6.2011266381944992E-009   8.0310756736689081E-012
   8.0869619896598490E-003  -3.8695657060694773     
