   0.0000000000000000        0.0000000000000000        0.0000000000000000        0.0000000000000000        0.0000000000000000        0.0000000000000000        0.0000000000000000        0.0000000000000000        0.0000000000000000        0.0000000000000000     
   3.0013338158036324E-002   1.2088399497327952E-003   1.5293011556314415E-002   1.5082504434993722E-002   1.5147153190933947E-002  0.27087564890207227        9.2593862223183818E-002   8.8394582189265394E-002   1.3727068882637186E-002   1.5642724672060199E-002
  0.44669255903441057        1.3529650308080603       0.70043230347309060       0.48482328087765320       0.54208512567862488       0.68675524764426643       0.39880976664279233       0.42214900304879227       0.57763647375369442       0.48003684941429325     
   5.3629784175074573E-002   2.4002788653975536E-003   3.0072229543861219E-002   3.1057155811997857E-002   3.1521523211710076E-002  0.40315174626593514       0.14701829095604774       0.14898511744411999        2.7765503586441923E-002   3.1499085673711610E-002
  0.55037096793481965        1.0037661522349874       0.55423327073768269       0.49576807510710091       0.50571567704201514        1.0409491837706795       0.64457552854033018       0.57536417138413998       0.72652340125645887       0.58884374897438418     
   7.0859823943768621E-002   3.5712256330988302E-003   4.3584796121970408E-002   4.4100919736232931E-002   4.4034723268257393E-002  0.46393382790131321       0.17091687870637870       0.18415510292583748        4.3887124603238625E-002   4.6365885903837174E-002
  0.45729835583356776       0.69964473963555385       0.52781726606857027       0.42697634716105265       0.44673555329679410       0.79537968454782459       0.46594732540249539       0.53900963486188669       0.69423187015474885       0.48078572251700175     
   8.7922427996063118E-002   4.6768844837361294E-003   5.6749832277172625E-002   5.7155133751138808E-002   5.7136503953316306E-002  0.50108420368076545       0.19126778288687599       0.20581742784477799        6.0187788176408720E-002   6.1235445107534647E-002
  0.55713337831790710       0.70842652955456620       0.56793360090034262       0.41040388175472403       0.41507254011063222       0.50608120294686820       0.51651336499258049       0.59549070234935153       0.86675084855585438       0.50250793705572572     
  0.10530516592984349        5.9397317513840133E-003   6.8000854441480713E-002   7.2242107305164394E-002   7.3839843201612423E-002  0.53478999087716583       0.20585258956600369       0.22262572082016355        7.7278691498525204E-002   7.7433898059316136E-002
  0.53790849993080514       0.76892196413075975       0.45140947193818765       0.45333254095112197       0.61878234334266768       0.49739117155437373       0.46140728214083843       0.48274534941925967       0.80511388530942396       0.51112973957736341     
  0.12320385470516369        7.2578945687984927E-003   7.9970132671598138E-002   8.6720384501898562E-002   8.9953454261121973E-002  0.56228593194991661       0.22111625529789108       0.23825222378563055        9.4130769570600070E-002   9.4039187054007531E-002
  0.59105528603687862       0.54618714043389782       0.50006873116852069       0.51067889738603989       0.46746556880944928       0.53169927365774583       0.55724279712582447       0.53057312858916239       0.76995663979877049       0.64302546022760543     
  0.14137163891929161        8.6291500614622107E-003   9.0806322421328578E-002  0.10054268419660313       0.10511131776797734       0.58942814265992116       0.23432221667393982       0.25278076029927621       0.10948933956231929       0.10723327947628536     
  0.64860064628543312       0.65766751726161510       0.40464024226612144       0.41452435693099765       0.53143796137194887       0.55950525709455468       0.58637631397306611       0.52368056829489240       0.70232583764507850       0.51389238295788198     
  0.15928942647758534        1.0121589706665818E-002  0.10271769962779209       0.11400886199250507       0.12094608440977164       0.61379475601164790       0.24752133125782885       0.26520905370576092       0.12474043213288623       0.12128965350830637     
  0.55143088419684860       0.52135480567509418       0.58265839335969216       0.54921549946123516       0.54612042259279192       0.57038118970449569       0.60876485396906466       0.61149496552017435       0.63150775839226592       0.45946955786875848     
  0.17598248864671651        1.1724079271686125E-002  0.11660602398525660       0.12778507948748297       0.13704872600362439       0.63575890585325512       0.25754434788072667       0.27662418565076574       0.14170467124936115       0.13437197092399275     
  0.41681771381182703       0.54474877987512160       0.50572102215698722       0.43795269278514420       0.61598496372135869       0.47906329181270596       0.50014804077038510       0.55542477937785073       0.63832574301350309       0.41633467060143831     
  0.19146988263312584        1.3435317955122757E-002  0.13028080183586416       0.14157268128172340       0.15342078233733961       0.65500345818286931       0.26797372226883720       0.28815918732098939       0.15944800495567329       0.14733191920054459     
  0.50155109077532267       0.48486740942077111       0.43250135363938957       0.44751982186265682       0.61321796318927579       0.56080630787279062       0.56919766861158982       0.59885222336286370       0.73414489222848489       0.54031820952067067     
  0.20613682212742179        1.5388575540397444E-002  0.14363338953808560       0.15640098490992377       0.17085564285255686       0.67282395387460536       0.27753333403131869       0.29886849915173697       0.17457736981004118       0.16154468233084310     
  0.46985375699045084       0.51728887269987400       0.46663777979962207       0.47751804922533364       0.47805428013286178       0.56437015589764761       0.47303968406594343       0.52438857553670926       0.64498327892236551       0.45014628421420327     
  0.22009205474678881        1.7331227013603841E-002  0.15712079420395889       0.17112556078114488       0.18751498914316311       0.68957638533749055       0.28722329003781971       0.30927864943627292       0.18894024771524268       0.17558527026390627     
  0.53889030328938559       0.47189872816744000       0.46720759419777241       0.46494413542506718       0.52043615249473296       0.49857461702125522       0.51583582414138607       0.58381850105020561       0.55736034510822507       0.46472887119851258     
  0.23498003830136441        1.9442599651375549E-002  0.17059976238297769       0.18666606036324571       0.20042180216480635       0.70546685961138467       0.29638595355358022       0.31903868758983173       0.20142317107274105       0.19062301539388843     
  0.53218206533710666       0.55486024867523964       0.52328854084758547       0.53394097830554743       0.46208261844284870       0.46873592164976419       0.58856957646910257       0.56773832732893481       0.49565435907189681       0.47385978950611080     
  0.24975755977728520        2.1536716767514667E-002  0.18383895893256111       0.20281837719775159       0.21513735638368997       0.72067755034833458       0.30527634454731506       0.32820179776299424       0.21337280375497084       0.20517930885397478     
  0.56745864052635553       0.51810027882291620       0.44160024198639103       0.48493141656660177       0.48117310144333081       0.52973182917854789       0.48060857971001081       0.46264192357584938       0.48632211625162458       0.47437107132835521     
  0.26397233298083378        2.3948347779942640E-002  0.19730253070264986       0.21888777548739125       0.23117751158926983       0.73402268567572737       0.31414868172860066       0.33673134912927427       0.22779305107976999       0.21956986409285878     
  0.50337980695175222       0.49231344058697812       0.47738096840672967       0.51424881772985531       0.48108528829679298       0.54028021959190808       0.49237520185554723       0.48768789216689601       0.44617113584889956       0.46738654221647341     
  0.27736676643755914        2.6513857620212380E-002  0.21104034534800992       0.23508815380327616       0.24785614335835301       0.74622890200663028       0.32288118546047584       0.34542350811663253       0.24319267104880105       0.23512969569418379     
  0.46065719683622863       0.54599532115323002       0.49129432884514507       0.51937012098105295       0.59878521987973721       0.47689483610085814       0.61763561754178664       0.41355217788134430       0.55770411726378299       0.44467307313078180     
  0.28880231952447927        2.9131871763072022E-002  0.22536208260118562       0.25230882122579384       0.26405985729032927       0.75783532626933781       0.33146502948528123       0.35481179564538168       0.25918460774652685       0.25134618036435180     
  0.47320211790764222       0.51456604777953452       0.51453793454687380       0.56658970915144158       0.49643257516001893       0.47725719138771949       0.55264530780494603       0.51739470985320812       0.51270520308832368       0.44195645765329589     
  0.30212827833921196        3.1857786487813365E-002  0.23922447541071770       0.27001214751981073       0.28035809230221620       0.76871964743496968       0.34007154731841116       0.36461905005993867       0.27605038304529284       0.26796120574561699     
  0.42941835960472591       0.50091839941329430       0.60592289565837365       0.57127352452021363       0.54093686232323768       0.43924070993121028       0.56584757070622305       0.46936900101913093       0.55730480751686906       0.53131751860140064     
  0.31673804455052762        3.4670130852037864E-002  0.25298533403761819       0.28729029321118471       0.29669120617653033       0.77916588143901977       0.34866009272094961       0.37494986141016556       0.29347607168882262       0.28481459372134033     
  0.47045539333521752       0.50971613457032738       0.45448584505051176       0.61081155004069876       0.58542192298129314       0.41107989540572698       0.54846108293849594       0.54664278217272599       0.56273932738015131       0.59731903539791809     
  0.33127178364172644        3.7568529838193622E-002  0.26622789981650019       0.30457024550507988       0.31306906022738079       0.78932683265352288       0.35752195204863563       0.38536543744597834       0.31059555240698300       0.30208804413132889     
  0.54281644018506414       0.49606772025951384       0.65561756723858511       0.49030115626639853       0.56004541916796047       0.46925876042508141       0.51203534443760668       0.51550113305414336       0.51831839088302312       0.59873798864277250     
  0.34552422040809883        4.0617404418999151E-002  0.28005303178661706       0.32153723503463472       0.32979382858442174       0.79885849585617452       0.36550567914144638       0.39628283124759672       0.32669054990571339       0.31975988732311322     
  0.51322453346237606       0.53079746972363062       0.47259833433034959       0.54952730870739908       0.52795923907534215       0.48332851637265617       0.56201274158014169       0.52355170445379240       0.54368378911645854       0.53018514409924244     
  0.35976890073789414        4.3826903682240043E-002  0.29433280606726986       0.33821064022141523       0.34633902829698526       0.80820187932217036       0.37315385980395438       0.40732453622884790       0.34306657534512186       0.33665611732940126     
  0.47364639903369599       0.44756241746896513       0.55043338132634467       0.60845930848344953       0.51799557923368778       0.45758337112247938       0.62284511788778951       0.53026959334209722       0.43971124043185000       0.51905424931408806     
  0.37458093581045915        4.7218194408561093E-002  0.30864552475635926       0.35477388051374081       0.36293999685996825       0.81726819270694007       0.38127104209025203       0.41870380456024320       0.36026851331188553       0.35267024031092137     
  0.52287863420965164       0.47582166758039263       0.50233878155806477       0.54547540855893406       0.56651286769249198       0.39330522445160115       0.54895519693308059       0.53279758965374013       0.47999044519177014       0.52931755477520781     
  0.39012053958155218        5.0715521852204994E-002  0.32278542981496844       0.37000102547658903       0.37759840306365794       0.82591351875675834       0.38955127634213060       0.43036937491665839       0.37776212175142887       0.36870848294710762     
  0.58185505831229067       0.49278371586385028       0.49891451413869919       0.57748825535758008       0.52675492839592630       0.42631258580917414       0.55866181056421249       0.68029254602228884       0.44413544025438806       0.51891970901902840     
  0.40585696259750642        5.4326240362273681E-002  0.33647555877512664       0.38501050085549043       0.39095896077371389       0.83418600303481794       0.39671372697188478       0.44206993869078492       0.39566518801020650       0.38453053647527086     
  0.49220896341519205       0.46283457689003082       0.46490547093954809       0.56547444207441744       0.45867442005823988       0.41891778070718022       0.53287088319058318       0.64209555117215578       0.51550111242465280       0.49022948223011970     
  0.42121071579360164        5.7995243879534100E-002  0.35023099574135419       0.40030298755218929       0.40555139899535886       0.84211771893830589       0.40349811333925434       0.45393391063231409       0.41353573381345127       0.40012382883608982     
  0.53050248639084130       0.43511018413763342       0.54611638975256838       0.57309470726484379       0.49595522146492121       0.41944445074057418       0.54159231277340492       0.62933866268169580       0.44412817912464830       0.49930225804679557     
  0.43644674815875478        6.1731112325173636E-002  0.36458236172342484       0.41620346346041354       0.42013927727259298       0.84976898083847541       0.41014362418326217       0.46571471209773396       0.43161490981523076       0.41498470377262503     
  0.53061096439156852       0.45079124318315311       0.47474970884850781       0.52933080764059226       0.49347657756961022       0.43998033482708770       0.58276473169287779       0.52791592799196996       0.46728702642311848       0.42828811548251378     
  0.45230132513397009        6.5554734064940542E-002  0.37892088845442490       0.43284668199517684       0.43629686177698729       0.85722266318644780       0.41659745580601570       0.47907551643334428       0.44952860141919321       0.42997824200535911     
  0.50377326492007557       0.44153902506887804       0.58083541690842033       0.49282488046375866       0.47841930377958819       0.43932936859173832       0.47830098862095050       0.66876021360617177       0.44896375084546725       0.46266541897048974     
  0.46843511916437330        6.9753451250327281E-002  0.39419321504955118       0.44967413054977268       0.45188780606951046       0.86415426753985158       0.42327472425702783       0.49257247048867031       0.46668362616671999       0.44523150023671659     
  0.56124901127906401       0.44804888642900836       0.53973418821766450       0.66460820108611018       0.59845053972165285       0.42986846250212746       0.47325223747895462       0.53609508806098716       0.48630359821870583       0.46894422671167779     
  0.48437274560757138        7.4074908451025975E-002  0.40968981466236659       0.46631014552629746       0.46784824118075596       0.87068734757330857       0.43043442779759011       0.50646411570603445       0.48476841934939563       0.46088602485437746     
  0.44909954509674255       0.52807819088372909       0.47074424406110421       0.60887470806901201       0.47864108454048532       0.47187548570009624       0.57152130954915881       0.51366870069685611       0.51597069151848662       0.51124095234500588     
  0.50028349822527540        7.8858950754042881E-002  0.42483907333796167       0.48300385034138299       0.48489768261010402       0.87702758628900024       0.43761704376533961       0.51999543461566800       0.50273131468173593       0.47607566318016320     
  0.48379515646078702       0.50703890409573649       0.51268715671553056       0.54851484314990451       0.55156035384954816       0.46382134627255422       0.48156457760967636       0.47953732102062657       0.49647777382330349       0.50223965109892155     
  0.51606199596101887        8.3822122220924722E-002  0.43951544552925886       0.49976001238222650       0.50200636024849876       0.88324005930913152       0.44501759840888505       0.53360409818865795       0.52110449261246972       0.49091916220553916     
  0.48775949202713470       0.44741709098531418       0.67004294439589329       0.53976681257701542       0.52535681852054150       0.46462810743025001       0.55297047156450863       0.45207271652120834       0.56999582700977325       0.70934874921168456     
  0.53186389537672385        8.9139267170302752E-002  0.45337415733464975       0.51612987815652178       0.51841214249714274       0.88924791843057560       0.45293324147168129       0.54803746918264340       0.53869653489847447       0.50485828447162961     
  0.46349851063508180       0.42449206938416900       0.53011683388211550       0.54681803427709574       0.51458044620816956       0.43814880595485639       0.55453348467563890       0.47513125320744626       0.46193309275207450       0.65211797998228893     
  0.54821334359697371        9.4688533269274136E-002  0.46700255253345763       0.53198413620627549       0.53468630687420293       0.89473190032652528       0.46009141494879335       0.56100767966999232       0.55597719065303597       0.51916219691529075     
  0.57962990555376803       0.51793305140820378       0.39155932467431975       0.56196368202841906       0.55993978994320304       0.48263652641374527       0.50876699095628652       0.50961862607242314       0.48558087874365907       0.53098354762877886     
  0.56477074249067893       0.10071945809503768       0.48111363376109911       0.54759724302967872       0.55003854840061417       0.89988575706528595       0.46678439670981042       0.57325792811539977       0.57204479125128016       0.53469279958069160     
  0.51060005194171310       0.47826518677710922       0.48299854314430213       0.53933320495798431       0.50785376557525608       0.45512532081523061       0.45638099581281383       0.56405028592363937       0.53683695002588094       0.66317971326946479     
  0.58014592055066816       0.10713764577745005       0.49590735533126790       0.56367613682234996       0.56478615321455050       0.90503459577408907       0.47487712567667367       0.58646163084224900       0.58810046793960424       0.55041588170242073     
  0.49955498286922723       0.46186864784306336       0.60698421428349347       0.47052228184455858       0.49520843076286530       0.42183616790173339       0.58382562455841502       0.47467394224271386       0.41685060387787670       0.53378328949001541     
  0.59433103980039848       0.11406768338233798       0.51083626737843013       0.57961718726063960       0.57994743236037061       0.91006350183779050       0.48290798682478459       0.59960716270488523       0.60399623167723904       0.56639692009188292     
  0.44277943540225867       0.48187248490570678       0.46890263286840550       0.62741099704802938       0.53789537383347663       0.46366657659785343       0.53271794776029990       0.54885862372679806       0.43193125991060416       0.44767127805798845     
  0.60816606556130459       0.12128412958884416       0.52566972351437757       0.59425189775730458       0.59513064425107443       0.91497598935573621       0.49139760126793258       0.61285294002367241       0.61979850459122099       0.58281348108092257     
  0.49610104585642528       0.38473837946565936       0.41056039607089784       0.46788083954116527       0.51257348589160290       0.42275951597189487       0.56076066980013994       0.45304108899921020       0.41861194708351823       0.67751667230879808     
  0.62224879376020947       0.12880922744027731       0.54096432264875738       0.60843603000973123       0.61188500960174663       0.91978481290070246       0.49984794055119613       0.62614218363845275       0.63556047712652342       0.59991403635727281     
  0.57558195328976791       0.43078789999235406       0.59812430586815135       0.41617784240312589       0.57081988837591835       0.46825199398176665       0.56228848804098852       0.54898321927503735       0.44817305854075667       0.54582710669523438     
  0.63806117758334802       0.13663154743867784       0.55615669733506923       0.62095638443406842       0.62979202171714210       0.92445004930841812       0.50772883627980525       0.64019292652645132       0.65170951014314715       0.61735084986784883     
  0.47401579892204804       0.46942837833996665       0.47789115424295547       0.42449787688835633       0.49051518843466846       0.47313759799186728       0.49174358719567046       0.50435767394350928       0.44957777164335805       0.49122368720279336     
  0.65445907118751823       0.14481802858941314       0.57132033353575606       0.63564787175613813       0.64736860790454265       0.92886293099995165       0.51539134922179397       0.65438726994485308       0.66730039648983064       0.63396174669063732     
  0.44761782802244426       0.41383685144833920       0.53997344245258272       0.47954709404379831       0.51042314298627955       0.52363069144314056       0.54048749530723561       0.54637008307972179       0.44489727261929313       0.50003044267784502     
  0.67086049676562998       0.15362514355156207       0.58652593852799029       0.65255741203056516       0.66481521355388673       0.93333771363101048       0.52329408130744692       0.66769195225148636       0.68268432677165825       0.65083666287536890     
  0.43478613635421021       0.43632467362783672       0.57379011314788275       0.48689788167118703       0.60008995017757549       0.49293109822660575       0.60084419281969381       0.45443797339500591       0.45666775579077873       0.49676547542621902     
  0.68776767516348447       0.16355989811708235       0.60243298600199369       0.66952976273336451       0.68114976469875665       0.93749862162790021       0.53177910248780624       0.68073269905132816       0.69784014655194682       0.66954423222962489     
  0.58704425724641995       0.43181041702798378       0.44568571147395997       0.57714443520087855       0.60855692558971952       0.53057231036652386       0.50403865957786642       0.53107375485470232       0.46990109036827510       0.54977257454945849     
  0.70416561825865132       0.17408051014394735       0.61938997842387722       0.68643386951736052       0.69715313265385759       0.94166404774594736       0.54044979271955929       0.69330078444236032       0.71373674975066193       0.68871157728310528     
  0.52053628452270573       0.43869644633625143       0.47923011858747078       0.53499515662703734       0.53307703717604904       0.44219896091318150       0.50703417947446172       0.43466658979004891       0.38584307857301842       0.56169153129549843     
  0.72011276326099682       0.18517093850708147       0.63591482615796191       0.70293909367189256       0.71384447008169361       0.94549683126445572       0.54848991403938407       0.70639560027473480       0.73013841156895276       0.70516955599314302     
  0.53900572328044616       0.46417904377453162       0.59580597678844349       0.53726552777800252       0.49698235640582950       0.49223777519021239       0.47273495545869909       0.44229578665107516       0.47435994988722552       0.44202284208282927     
  0.73639412127517700       0.19685085615099895       0.65192451646315297       0.71882978251937546       0.73072537944423854       0.94923275366433157       0.55667031368107500       0.72038067686697049       0.74661698442206437       0.72179721205224945     
  0.47504887782029376       0.48122972309373896       0.59027118761519948       0.48807212069317690       0.49211998526682782       0.49550188752878732       0.44754955075421959       0.49924751224666808       0.47316023864072393       0.66105410499534734     
  0.75330243824038978       0.20930196773849419       0.66766203620978648       0.73489400097132285       0.74688572074690607       0.95274348903413064       0.56537870747849717       0.73603498284626734       0.76309134934797196       0.73846373792945008     
  0.60374167021157799       0.49056371660563375       0.49078239751431840       0.44970848675024572       0.50687446929269986       0.46878778463605791       0.47148703247345303       0.49448440855878617       0.42372912687540049       0.48145544398246815     
  0.76980814456620017       0.22315855574466886       0.68346538833138482       0.75110353245677774       0.76210783623666079       0.95619720789819229       0.57447242238910257       0.75230285661953145       0.77965846557185359       0.75565187791777533     
  0.53974852236355397       0.40677636121862210       0.50549462696307235       0.49577358390445697       0.45896091820048068       0.42640403543773892       0.56021996853618661       0.46809362604583160       0.40784151705548521       0.58466314578020240     
  0.78518502878538254       0.23810943447816341       0.69936944987830052       0.76754669156961797       0.77662381404187131       0.95949706600350448       0.58416959183531847       0.76829407764228774       0.79652952003080735       0.77246202611984782     
  0.52322629669324983       0.46122493624694666       0.44929666781207900       0.57167606171325036       0.50181277846201566       0.53903941513026865       0.52061083927276897       0.45022331391098697       0.48889699559278932       0.56799883324748257     
  0.80041356582283063       0.25457439166972828       0.71457614442348005       0.78398758678747826       0.79124728190532012       0.96261793476711199       0.59380479978825962       0.78400624904730642       0.81339378924403283       0.78928007150941537     
  0.61115151969523052       0.42601791439635078       0.45138372769908069       0.57560194298088430       0.43209363303551845       0.55498297993742052       0.42194885070147142       0.44016216578043282       0.51745576886678568       0.48328218722108779     
  0.81483435660242776       0.27283434193952522       0.73058347820161396       0.79991965425496381       0.80635786480058147       0.96567346159500045       0.60288610748294025       0.79947202375157200       0.82912767988456748       0.80473546013458552     
  0.49765562031079813       0.44771286647105279       0.50116721870607772       0.54223312893907294       0.50427826482165083       0.54260552568391296       0.44858779658575448       0.50492521790241018       0.40821512731386844       0.44948092818947705     
  0.82955680105627416       0.29342943321216708       0.74720436421532277       0.81507792075749186       0.82148644484967170       0.96867429003088756       0.61221010340148962       0.81525566732319854       0.84460128541281221       0.81709309248328932     
  0.52110275118091831       0.48152441193531459       0.47366608832317980       0.55112336809833939       0.50275247961355762       0.46374865920415514       0.44449568434483316       0.52249002247829324       0.47896332613377457       0.48029349876364574     
  0.84468183849103207       0.31690923938082050       0.76415711334366587       0.82978397128946391       0.83684936581676761       0.97158768290114861       0.62162027046028789       0.83134490447877174       0.85949429744980266       0.83063990080323635     
  0.49678602519379861       0.46521161964482788       0.49874779888013737       0.53904802247739902       0.42234445635311246       0.52171749680039070       0.48981885008114029       0.51397540672173814       0.42743082013607231       0.41281108289110241     
  0.86050748967158941       0.34278109429369252       0.78202506448980791       0.84413050910606036       0.85237658947396189       0.97442765564115130       0.63307103956886002       0.84754290728735515       0.87462649732643216       0.84368952905648842     
  0.48289108533668018       0.55564582471130641       0.53927084860363439       0.47448639566126993       0.53121203057449162       0.58077406244580199       0.51075746704964720       0.43323677073474931       0.41543778497438666       0.50251597561447969     
  0.87511293442711102       0.37075444047058426       0.80072785988442818       0.85827715728329246       0.86802157478649200       0.97720153587354697       0.64545013295881737       0.86389169983418179       0.88939788727271230       0.85940371392518544     
  0.56581272524596748       0.50129824581080862       0.59079077099531940       0.44868596632466506       0.55242123233053864       0.54696036982998564       0.46474185804517604       0.53323564182011929       0.44634485851420264       0.50056434690353957     
  0.89001287946389585       0.40097153705553529       0.81987006218987457       0.87224713053003755       0.88355873293099829       0.97990970316191761       0.65842835171814218       0.88012974536422517       0.90379655980445783       0.87681686844388917     
  0.49984462960474213       0.43197022199065976       0.58146018260865184       0.52876608170023609       0.57530229382676068       0.57599995830004302       0.57641695377094027       0.47115855334933754       0.47327848320924304       0.51764828463730217     
  0.90579738258009068       0.43421563269684416       0.83812715532891846       0.88656498107577386       0.89790777634674390       0.98248978307733481       0.67193027927064808       0.89552972952668575       0.91812911490173366       0.89273200909919159     
  0.58773332161774983       0.43259136542312909       0.53595550713452600       0.45353232864919762       0.51646258463342731       0.55906793038458580       0.46549352100075581       0.44354417177611538       0.41924968872545193       0.46974516946350287     
  0.92105759967303913       0.47673896348535227       0.85567964232097504       0.90076184639941093       0.91136460686757248       0.98487428983873027       0.68624771533576923       0.91026898507700282       0.93223690709737983       0.90843979167697353     
  0.50073898981365972       0.54784801507995418       0.54145962558160832       0.48642003769613928       0.54478163345061947       0.54979752619484812       0.46828780346601284       0.60962940538400601       0.43197257352531054       0.48341420903101828     
  0.93583870535653213       0.53072031197976899       0.87292334146092265       0.91689049899428976       0.92412147888976492       0.98691936788314127       0.70199717363012915       0.92482555823147350       0.94652125193872894       0.92226349231037819     
  0.51369750573585715       0.54057628357364951       0.52797882229376714       0.54659486022723713       0.49240439505452993       0.62090060661739310       0.44481161255104157       0.55988250652420402       0.52646321110553773       0.57700728631998444     
  0.95031344753675662       0.59640166876408318       0.89149497146313195       0.93251860555131361       0.93794606658881041       0.98901666704670466       0.72016677863153411       0.93957014963440633       0.96047913202849500       0.93369709915476895     
  0.51791900189550644       0.64224944397012007       0.56971056431188061       0.42610741248064044       0.48094345455312210       0.54548606039315628       0.49390515633415405       0.48141921228196344       0.46575116358147323       0.46559331686865835     
  0.96318977782924253       0.67518041662199901       0.91555845202576414       0.94980312922523946       0.95254428061391549       0.99142827283354784       0.74401862421659748       0.95432972079301825       0.97388257570849823       0.94910672825020914     
  0.49859130860975925       0.59674532808391767       0.54808959428072557       0.65999470970932683       0.44040155467026465       0.77544069868005128       0.52102273948977895       0.53104349353191127       0.48340764198905317       0.57286237216865465     
  0.97596133309261068       0.77168388465110527       0.94257574499692642       0.96774721726581392       0.96791148213198286       0.99380358492023280       0.77705160245879801       0.96869612336957922       0.98514586909202484       0.96420534936293756     
  0.45759700970238665       0.62532196927282202       0.61481052744110565       0.58628427105502345       0.49450408714127508       0.76407884530092363       0.50192649585515225       0.47913228402165270       0.52525567504927029       0.44101765222832101     
  0.98813277378317166       0.88406911705365343       0.97118204754977122       0.98348982615608582       0.98361122544074187       0.99683558681749862       0.85401894300905978       0.98443841302119672       0.99302714366346712       0.98188984725530826     
  0.50211173746365889       0.61487333766593055       0.45928223463483114       0.52110638941130449       0.48043905839986267       0.87216875500313218       0.51137153884209552       0.50542546406293587       0.46405141729779553       0.59894145762072382     
   1.0000000000000000        1.0000000000000000        1.0000000000000000        1.0000000000000000        1.0000000000000000        1.0000000000000000        1.0000000000000000        1.0000000000000000        1.0000000000000000        1.0000000000000000     
  0.86709367114805413       0.80022206968392851       0.54504706031726857       0.51529905889265804       0.52756733501263497       0.71279413559848825       0.37383039484359176       0.51732053569828162        1.4551327124384426       0.66201164274981428     
  -9.5694037356302459       -18.423555230921348       -6.5219319164692253       -13.682843734019240       -11.492807698803118        0.0000000000000000       -17.517161557815864       -11.097405285075517       -10.779834195003316       -11.610219949368966     
  -9.7802318281118783       -9.0473700676999886       -10.694879510980936       -13.040936861142205       -12.268359317830646       -19.975934884147868       -8.0971901949856591       -10.183409420911820       -9.3562646632626869       -12.565569459911961     
  -13.274746803367028       -5.2299697594501815       -12.154461681771814       -12.351617423905958       -11.147068755764678       -5.8194845599649128       -12.187649785431999       -9.9049740282630285       -12.252888432580441       -10.462433393373450     
  -9.0196324662564979       -1.9575717704362297       -8.4374583794854505       -11.157778134896294       -8.8807480578743885       -5.3933289773379522       -11.613088725795974       -7.9813017728163329       -13.614245415573091       -12.117275008632340     
  -11.905619421748163      -0.70448333716730160       -11.116008456148633       -9.5969310714742182       -9.7873712628618019       -6.5912468480748361       -12.103247093940080       -9.3988440159633537       -11.268970164332345       -9.7982596182812109     
  -9.1346618028745290        2.3156286138639399       -14.327795984004506       -9.6453611505465329       -11.885507791903285       -11.650111385844395       -12.754801324078853       -12.913806047628421       -12.094732268111455       -12.382647549530098     
  -12.371481484085150        5.5892500383189363       -18.394503604497014       -11.835253050180858       -12.176399056280403       -14.307906937704709       -11.218322126531570       -12.188919470843601       -11.917709141035409       -12.552451143054579     
  -12.320525049267598        19.912517617739638       -11.535324042011592       -11.046558638586388       -13.470387896446631       -12.365613302600311       -11.233308709045589       -12.269253373665560       -11.371836577274960       -12.460266532997480     
   9.5734737867526779E-005
           1           1           1           1           1           1           1           1           1           1
   5.1530161118781284E-005   2.7092939725860455E-005   3.0045661009469773E-008  -11.342707812272083        1.5756400616868782E-006   3.3172437561839753E-009
   2.0517284116011875E-007   1.8086437331430706E-007   8.1198092076780188E-008  0.12846448386456197        8.1152674510956155E-008   1.2005034549120839E-010
   6.8026206827590885E-003  -9.3496186096908236     
