   0.0000000000000000        0.0000000000000000        0.0000000000000000        0.0000000000000000        0.0000000000000000        0.0000000000000000        0.0000000000000000        0.0000000000000000        0.0000000000000000        0.0000000000000000     
   2.2347012618704004E-002   2.1307713608343441E-002   1.4517974831989874E-002   1.1287588591666129E-002   1.7384574301927174E-002  0.12047899159614889        9.6038997275316826E-002   7.0899600889785322E-002   3.4260246558745350E-002   1.6427183278238423E-002
  0.35452097040479097       0.44788485234252440       0.39995559527003893       0.92004163235356407       0.39407791858713359       0.30026113008711158       0.30111397553315022       0.32710205738240700       0.45680805688334714       0.41806926038587799     
   4.4215848277555085E-002   4.2619507638211963E-002   2.8655758472311981E-002   2.2945742850486284E-002   3.4366813713315590E-002  0.24813009385761817       0.15832135015914678       0.12866898647092617        6.7195353482107131E-002   3.2852933901102055E-002
  0.48039067461073620       0.39622849754455830       0.42076517372318911       0.43581008442567082       0.36634473287062230       0.50683303622304998       0.44883500983478503       0.37177702393083339       0.45851156859617892       0.37602080314996122     
   6.1272233331661832E-002   6.3095216852683114E-002   4.3868792328461290E-002   3.6158054953375048E-002   5.1358036681465741E-002  0.31767793415055806       0.19346664963462046       0.16826244699266601        9.8512281257280884E-002   4.8752836075026000E-002
  0.34673244461298935       0.49772669604403064       0.37526137328656217       0.46537225229764151       0.59391502884168490       0.53672429644353381       0.45288644044513060       0.41079664680080069       0.62516652020233576       0.41552411826390617     
   7.8805805955038111E-002   8.3302563852291622E-002   5.8860661574604491E-002   4.9816159047147229E-002   6.8113490391142659E-002  0.35602354354158944       0.21958382501187718       0.19905921330077025       0.12623840561175034        6.4791826979660849E-002
  0.41383840863278315       0.37699289653748286       0.33662985403458240       0.45160074674983264       0.40618027785594590       0.42826465573022543       0.38409556001429651       0.38022538071510836       0.49383285855973519       0.36288570828688749     
   9.4542947799769753E-002  0.10209696988976717        7.4852630142045073E-002   6.7108984507226618E-002   8.4622196941516764E-002  0.39257056996379192       0.23779944437819675       0.22374005818485670       0.15088517818675476        8.0174136303222149E-002
  0.40898349973549486       0.36337047119719412       0.41872251155377205       0.44540050462767972       0.36773061524861606       0.40704873020505800       0.39166972875423123       0.51214646139780251       0.52831829008499975       0.38566987914437134     
  0.11049866207376176       0.12157737439035217        9.0827156539970658E-002   8.0564695640063411E-002  0.10147736350949735       0.41490975098552363       0.25335176134050802       0.24314743985685139       0.17453851191835537        9.5988377022796709E-002
  0.40017555309994174       0.43577890343731346       0.39291482412972201       0.42090905773629939       0.43537236015359582       0.39361778621130805       0.37299575497913839       0.38038412728977589       0.51180507955544863       0.41364095156021236     
  0.12640454960881894       0.14051129550415253       0.10623482114318175        9.4573162427428456E-002  0.11762294896519376       0.43701016361236900       0.26683993204931272       0.25993180441397346       0.19707213093959175       0.11222719339022602     
  0.37305216096632110       0.37370555439586700       0.48257491723902124       0.34001818474726536       0.38955356489045823       0.42933207233410536       0.36072717686037925       0.39517163051918563       0.42440546723473682       0.31637280569505138     
  0.14232244717410961       0.15964556999929186       0.12147306045288769       0.10860787365511297       0.13376572520047303       0.45709847331597042       0.28020098762188506       0.27580862542379553       0.21889898453557732       0.12852978064909729     
  0.43470833986878343       0.42126266849029725       0.35216887791153867       0.44113519452544525       0.34032355821521654       0.41059258594511228       0.31320546920179571       0.39950105258453278       0.44753399758702012       0.40110673557794368     
  0.15675127601133898       0.17785761754665658       0.13649578729288309       0.12382979286028886       0.14947137199742139       0.47546602381119624       0.29486075035581721       0.29139295089457923       0.24004629059720134       0.14485723447703000     
  0.31004235052794143       0.35456443460143572       0.40413414013153637       0.36560799572881397       0.41429390018314932       0.39390747920567448       0.45216876200363676       0.39479709209813080       0.42368680338762937       0.41667077039791572     
  0.17163285528287289       0.19580331507064819       0.15179548606370652       0.14185653002331960       0.16534562851555340       0.49304748677829580       0.31016381385095299       0.30618798971429734       0.26109006936389512       0.16108484011118121     
  0.33054620652571082       0.45734282364256817       0.40442052488391889       0.41999740026601357       0.45045180331216650       0.44344801579380577       0.40547316690843710       0.41120625742368527       0.41941651544800168       0.36160834142282566     
  0.18699032897632295       0.21247476857187478       0.16738087029957438       0.16044771504370994       0.18204168290900666       0.51048782804467685       0.32397957192056215       0.32003571054141949       0.28165697067306450       0.17672401700393200     
  0.43328579957024121       0.43350223153101058       0.44130110868114042       0.45061001733489336       0.48168104491044617       0.37273091154733806       0.48030943968386758       0.46626650655329382       0.39539348108138084       0.41400930929341462     
  0.20227178155304323       0.22925080877442364       0.18288913954222605       0.17914823306862976       0.19864174146618835       0.52808982138969407       0.33725094463709854       0.33353287971411338       0.30194271765831077       0.19276958148431947     
  0.42896748675479879       0.39332864955211705       0.34618220268599176       0.39973454769131378       0.37877631587880772       0.41044478107298954       0.41980597229082678       0.39483530018145607       0.50616420146292063       0.35818946592599299     
  0.21748825377696271       0.24460162726161952       0.19859287330003314       0.19759745102541132       0.21532927693244330       0.54472029479142003       0.34970122721386271       0.34643748569275090       0.32213145431572970       0.20948986276408399     
  0.41532625649069665       0.31146220039535510       0.41620086613917745       0.48826736665180231       0.37267095278511381       0.44683569176394827       0.39259142818827841       0.44177728706696745       0.37843786035914079       0.35203223039141557     
  0.23246799353109077       0.26015992328583204       0.21466186823152583       0.21639282528857168       0.23202754790347310       0.56128827574906737       0.36207864945806817       0.35949178327481096       0.33909580881569584       0.22659899952443344     
  0.38326754111713718       0.37033306906264679       0.38550485581510230       0.42240897905212005       0.45794574170143620       0.48978731915789875       0.47246111767980997       0.39577943176634195       0.37123239613005282       0.40955265638282567     
  0.24768442702104887       0.27624563212722919       0.23090981177726388       0.23521952430999984       0.24868804808981868       0.57606163641608432       0.37476268785777195       0.37271706207226729       0.35408019927692669       0.24417214351326375     
  0.39938544907522255       0.31391866957936998       0.36143129638611038       0.42225418487717764       0.43376775511035925       0.35878285686357519       0.31052817974293395       0.36785354954454780       0.33426610685429464       0.45927553101057567     
  0.26308107039919304       0.29247987677797266       0.24665679556219963       0.25356662975165772       0.26540261495127548       0.59097459965020860       0.38743323965913112       0.38574935569518382       0.36901275239746989       0.26055324617446107     
  0.41378608229183750       0.34357292019774510       0.36337332498525821       0.33170696865868871       0.44499632261635941       0.39035441562529510       0.37441788720085906       0.38818130275473911       0.34197621474567197       0.37423018498387717     
  0.27871200015727282       0.30904995200444446       0.26209349899108686       0.27366480259763393       0.28136229347313296       0.60397876420668517       0.40002315086410067       0.39810290557497241       0.38302815266319068       0.27610435661526944     
  0.38103574250600125       0.45034931438670706       0.40990688602977787       0.37617241213741093       0.32475721621479325       0.30936518811273872       0.43559472192533094       0.37126477824934084       0.38855999005263087       0.35568426723375318     
  0.29427108489282450       0.32539720695239810       0.27760394057856652       0.29398377749061277       0.29709163170892061       0.61742023330816587       0.41208907094610170       0.41024916586911875       0.40026019701396476       0.29206206345376179     
  0.42707904782974881       0.35569797150123400       0.42241670449015889       0.43163864683641157       0.34154468322855808       0.38501824404909268       0.41839785759652187       0.34291539650605674       0.37536563829299768       0.37947937756283945     
  0.31014250549391414       0.34136638882796166       0.29362368938091066       0.31478099932419645       0.31283859560468924       0.62957648050320925       0.42338778382058284       0.42223325968486125       0.41764061563495469       0.30833018704965964     
  0.38737000679995220       0.45136244632894551       0.39257173701449682       0.33785273901326657       0.34551123306847153       0.40428931022801645       0.40123307700875599       0.34144927871491865       0.47665925021388711       0.33841575903910237     
  0.32614073029425261       0.35700186023086750       0.30979602430818032       0.33539253298612259       0.32877251210829833       0.64171096431632457       0.43489027537295005       0.43475440122230019       0.43495315361703563       0.32400321065330889     
  0.42570284880931208       0.40936904009423258       0.37131242178827878       0.38789438354597044       0.41306185495260211       0.37154389461315906       0.41191836084485683       0.34241833379125974       0.39203145283160434       0.34641972406609173     
  0.34246413611323651       0.37234365557912857       0.32521695333103690       0.35609408518275726       0.34428710639269089       0.65480624404302135       0.44612179586249401       0.44805259408315334       0.45176416041438672       0.33919980376666742     
  0.37187295353905098       0.50522470073336778       0.34886376141332276       0.37780921267393375       0.38120562637149336       0.43043024057787621       0.41540863361584562       0.35514004979782721       0.36961142622548082       0.34032099577557390     
  0.35945895180353055       0.38753465271461979       0.34056701489481106       0.37577194407667158       0.35958254582285054       0.66749682234643437       0.45750151547040502       0.46128425948741059       0.46819872903695647       0.35593311172301051     
  0.38331732355468290       0.36980224898944419       0.45487395666058850       0.47153719863495630       0.32839992317842692       0.39601673686562311       0.41250968938314819       0.44830208091073898       0.35045722894663772       0.37595934211989873     
  0.37546959942122016       0.40209541848275604       0.35583739676976700       0.39455811762628856       0.37463041438667710       0.67900840208474578       0.46852519103470691       0.47456075790324964       0.48463252929824213       0.37319827527653060     
  0.35379418559994252       0.34208976742305525       0.35481217488805261       0.39019217400387418       0.46066441721844470       0.37810784679159415       0.39842555557428866       0.42004113368205159       0.40487904324438062       0.34444162509266069     
  0.39149291235454081       0.41645195334472801       0.37092443093674793       0.41339573340544827       0.39025071435789821       0.69056162504402929       0.47967312551675573       0.48794211420925770       0.50117500610005461       0.38946670848078341     
  0.43327420212033158       0.35094545748767231       0.35564084293711762       0.35737092688256783       0.36785492886018090       0.47094375264668820       0.41697924444775564       0.36872194425208127       0.37618827323681764       0.35433865282336879     
  0.40703743051486474       0.42953675257033147       0.38470083361467261       0.43104124947519135       0.40511875942119363       0.70169196453982396       0.49092221521933332       0.50114670555879604       0.51703907786344727       0.40519676695088208     
  0.34537205449789132       0.37130813888286107       0.36364691272569005       0.43127511008506797       0.34428301493049862       0.38292412819959171       0.39128039466998926       0.36043303126410237       0.41942454615977326       0.34681535948301451     
  0.42268313964528836       0.44079896701582061       0.39871463917217526       0.44859044337339588       0.42033608295748698       0.71267346793511233       0.50200374702358730       0.51405391766579278       0.53256479869220441       0.42118531818367333     
  0.38525300001229429       0.32677262400172813       0.39517904322099628       0.38393704326632450       0.44508511595218908       0.31207140799311722       0.42478699837205497       0.43879687868029754       0.35466670426462299       0.40946414786603369     
  0.43860247297468524       0.45194332634468903       0.41305063559959004       0.46514505087567337       0.43540315582640104       0.72285270331591112       0.51247795505800164       0.52682608613921789       0.54763557094756554       0.43740673227061744     
  0.38394950615289447       0.32857506364477501       0.37461673771581738       0.37019091844808166       0.35854381480237485       0.43510298440151318       0.39014310100642607       0.33284806062031974       0.36449682984827286       0.42425492477993215     
  0.45458546655015086       0.46313002411418308       0.42803461026062201       0.48167697768489376       0.45075049879151796       0.73291587354118626       0.52293256877340022       0.54013779197997591       0.56254206153239439       0.45227622877546253     
  0.37154245272469699       0.32486556076800305       0.35965156252634439       0.35337083451196255       0.42941489014121254       0.33915502807205938       0.44598027941494262       0.44314379975809737       0.40723387370354486       0.41033123652280756     
  0.47081974325368109       0.47505496232215877       0.44382816608935644       0.49721549314013780       0.46658434645314539       0.74312781741605505       0.53358160115121989       0.55455326549018114       0.57761690442581182       0.46642171043046610     
  0.45603067455953422       0.31977341755400696       0.36812875087822738       0.32151029845551299       0.39104467649471747       0.35412820092529007       0.36696258308872171       0.40345946914364528       0.40312954402589524       0.44726349237336005     
  0.48702343095670475       0.48814032801200424       0.45964081559750808       0.51222097129508748       0.48193421386840757       0.75322257252732172       0.54448136925126411       0.56866909403902643       0.59293780228591408       0.48035847221188588     
  0.39064146662381555       0.33087111393111723       0.47441446033139301       0.36153102259798431       0.35527262828104333       0.36077656659258484       0.39242354596751589       0.36676526742857629       0.39331259022571713       0.47651071717861082     
  0.50192263793715519       0.50141995062665023       0.47504228161430245       0.52780035858838659       0.49768623419132363       0.76226536070944373       0.55580392896544084       0.58233098275071282       0.60762877112077474       0.49370903832779639     
  0.43602363284475909       0.37200236014774796       0.37798904428719354       0.33491304685186513       0.35867404416798754       0.34171769193338003       0.45093809469595841       0.39012047458873694       0.37568316028966275       0.64532530020500933     
  0.51699053081740198       0.51462022267271812       0.49061858600348246       0.54325673809866337       0.51346788066165883       0.77125463420958340       0.56692714913833120       0.59595410702487883       0.62218577584407697       0.50714801117673447     
  0.40823363993188150       0.47360592556763659       0.39925009896083291       0.40118809898076896       0.45461631589694890       0.36023698443117497       0.41793021423005239       0.43232748229244328       0.39723673863146125       0.84243547040938749     
  0.53221489706363379       0.52817352776671467       0.50614536199964921       0.55818762804242605       0.52942489283988103       0.78060435289581487       0.57778330643153564       0.60954037554009532       0.63638983103032420       0.52096781524821911     
  0.35906347992492538       0.44013186330750054       0.31484627464370918       0.36801965605417020       0.39522059376142160       0.37949397910841970       0.43238550659449054       0.41219604004383953       0.33386745941152141       0.61488504036848068     
  0.54755230080800310       0.54141404332999754       0.52139301584685671       0.57321525191701939       0.54511462966093138       0.78989992939743592       0.58852041758054974       0.62297328914220484       0.65035773933699492       0.53542767238613742     
  0.34883566637105778       0.42630463732140644       0.43370189619171140       0.37310733547882818       0.41545710165005845       0.38955197944594167       0.35815972527014645       0.36260315211132116       0.35047635366285096       0.50671348214863299     
  0.56344003866084658       0.55456825237335050       0.53664251085610137       0.58814501836269240       0.56032040511396930       0.79821893104543051       0.59910242599843666       0.63613271919166248       0.66391898230053092       0.55069009804309343     
  0.35455666458417590       0.37715943319149936       0.37623040535309049       0.38604971836544277       0.37935517458576229       0.33590686052440744       0.46882692230269452       0.42559257330521932       0.36153087378523768       0.43470748520420394     
  0.57905498979850500       0.56756654237548487       0.55018277153936634       0.60320284950499370       0.57550049879384146       0.80665866528514685       0.60979478559688727       0.64946156384275344       0.67735076600112443       0.56623755056342417     
  0.38200231621215686       0.36067035500444056       0.33517980569825084       0.38370571116482649       0.40529351016881665       0.35461186254104204       0.39852513718644417       0.36599659211248586       0.37899339408767280       0.42936397190581044     
  0.59406187487956408       0.58056628850669545       0.56255124032108117       0.61792123279876243       0.59102403582080154       0.81509329022518406       0.62069481405595228       0.66302346427442782       0.69041281204717608       0.58191916694657531     
  0.37764500608109053       0.36024181107171188       0.34270972946980860       0.37278817452110546       0.33580163616062464       0.47010329692179298       0.36827232952297767       0.34888362474888623       0.38094264885777479       0.44611580792147210     
  0.60922707809379983       0.59356573904777266       0.57490624353382347       0.63277661567238175       0.60687772835603315       0.82334589401841296       0.63159972381935214       0.67669470254912079       0.70372264351376468       0.59761893407219135     
  0.36903715484881056       0.32712348524820700       0.39165350909621899       0.39098764571258887       0.39426548662712219       0.37575463501141909       0.37720104926521586       0.41060716131617292       0.37473860497709788       0.41289724380844878     
  0.62466848040051348       0.60708234488410384       0.58771862125210139       0.64738823593994577       0.62205397123578376       0.83153916455269739       0.64252609662752413       0.69049258059849061       0.71782791024722981       0.61316700796867007     
  0.38444952450012526       0.41607490956465626       0.31828908170570575       0.36361755036270177       0.38286271736869870       0.35360705614541932       0.42600349002054327       0.40410137686931291       0.38538290636459210       0.41311262426228679     
  0.64064947665600958       0.62114407539934779       0.60357937647534177       0.66184751243549089       0.63486513404355449       0.83965336616329656       0.65330028422477027       0.70425226338846159       0.73191207965386562       0.62747248556626567     
  0.47347556196483254       0.33949814970159137       0.36220546292658534       0.40666447279277756       0.34881279048620489       0.34877557484413457       0.33547662095830411       0.38571945687152204       0.35857580161346397       0.34670543670706289     
  0.65695781382082319       0.63573614524045030       0.61981200937102510       0.67570770236360866       0.64798169126890492       0.84753929303942765       0.66384049506604603       0.71775208192101847       0.74518707044775090       0.64048320675552650     
  0.42045395697288890       0.43218531387201542       0.43596444364653081       0.32933236099211521       0.35406877181136703       0.36880487719484911       0.39143995339484944       0.35622668613852526       0.35390738146287282       0.34420283300005505     
  0.67285478781225694       0.65092349276547423       0.63591370668022662       0.68964218677544242       0.66096441939330564       0.85536438629489320       0.67421964685340863       0.73058468241574781       0.75818584207748496       0.65336233572242441     
  0.37862148440842613       0.33037259323202622       0.45824698380631451       0.36377772051948382       0.36609401936925717       0.43338430925557159       0.39678065366957138       0.39817622105142331       0.35306395073619723       0.37287697521462709     
  0.68854436516620021       0.66609099196304822       0.65231931227324258       0.70330355543979717       0.67597866185748068       0.86258995997281507       0.68416072847334408       0.74307599863839857       0.77152212704241463       0.66712597117391348     
  0.35779517213151180       0.34737228631947381       0.38984989003878623       0.32331690381846839       0.32260380067124544       0.34759956416150789       0.42194044709142314       0.45687172460834774       0.35316657376241484       0.31125377750314365     
  0.70401238664921328       0.68135311977642721       0.66861213176383538       0.71714016505992884       0.69232575050166878       0.86999596379040178       0.69408480349642143       0.75567356514285333       0.78488878476853241       0.68354058043039534     
  0.42621512111544446       0.38907124628963491       0.40858607952365805       0.31425261398180998       0.42986693860319974       0.39142682301466969       0.34782770906860738       0.37785778620463417       0.34337427839842410       0.42949208950791612     
  0.71940886212128718       0.69633537126234868       0.68489643276910206       0.73022190855678992       0.70802751380438744       0.87697381482094128       0.70374238425551405       0.76849523682309673       0.79734920994393421       0.70083083572900795     
  0.36806587398805407       0.43530112798622794       0.33366976937112808       0.32312698309627286       0.37984483114421325       0.38106085232330866       0.43951125734923047       0.39063461599130400       0.33033507563442638       0.40272457882430235     
  0.73364670770247264       0.71090462059474424       0.70117894251385005       0.74312033559913315       0.72329659725124318       0.88384900608365891       0.71363276028553457       0.78145760608200121       0.80948052120192349       0.71784965664589062     
  0.43572411623241653       0.39968302020650337       0.41783040667599292       0.35862931822973965       0.43097226588174664       0.36975191797661189       0.35481103302230360       0.43875434161621729       0.34089704956216332       0.41755500988264094     
  0.74562489022890588       0.72595031403937560       0.71725478195050807       0.75653282622834195       0.73838322158857284       0.89076241985017357       0.72399943459432570       0.79430072303162380       0.82182343208811226       0.73418591029326175     
  0.33745183627127084       0.36707083246906080       0.42499384234107573       0.38088593153016481       0.38215768631185232       0.37716317399531946       0.43565186139242723       0.41350167755655332       0.38693864574951203       0.44003147261224146     
  0.75761723298895389       0.74128401967489665       0.73326706489828397       0.76992146889466628       0.75308292058279369       0.89769926242143527       0.73424706481583468       0.80753221218701698       0.83419285040298963       0.75044946517601330     
  0.38552466239767391       0.34214273233131620       0.42742910833113235       0.37920769593754983       0.36735281958198657       0.37092401784799550       0.46357770515848101       0.36624768225570881       0.36501988504125210       0.32085874724424640     
  0.76912487328175050       0.75616563406378456       0.74982386625078279       0.78207644887062289       0.76789937465179270       0.90444420134129111       0.74432743532404311       0.82102375731226984       0.84594242277401810       0.76662811350371685     
  0.37891780637184064       0.39301528534776831       0.38707400871405467       0.36003556976321610       0.39876867568382002       0.37400191548350287       0.40448651041818356       0.38849735827462195       0.38070674451582087       0.43258917934983632     
  0.78302582130145515       0.77076854792940785       0.76597703447114307       0.79430178582348698       0.78327941953391578       0.91116753582186150       0.75409986582669375       0.83456630729701053       0.85755719451262635       0.78304751965590202     
  0.32905659553708244       0.46730759795892868       0.46979733961292713       0.34972246672719592       0.43644165162066378       0.37025915354570310       0.42477578603958960       0.35242298086536289       0.31250933879923409       0.33506008906986551     
  0.79786619613067455       0.78580119434526396       0.78270488691266049       0.80723161638566210       0.79912296551625839       0.91785866755022572       0.76329840220513268       0.84816584479700208       0.86931128486187137       0.79833123588361854     
  0.34227453795968144       0.41150641127330961       0.39345772467390699       0.37980547258345082       0.39967046578218296       0.33378609074448184       0.37322664695660662       0.42842334279806588       0.37604344812564044       0.37120833521597757     
  0.81255953168230810       0.80124548499572223       0.79936291338057019       0.81995266230265695       0.81559746879326633       0.92445157763153651       0.77282352107771091       0.86144394280401226       0.88102838394788641       0.81330630302482021     
  0.34921840483830863       0.43739924376636197       0.37349207873042528       0.36240761786861497       0.36119509197063965       0.41460023975000559       0.33835479599550611       0.51820456420934291       0.30192226889367912       0.33208204928941110     
  0.82812667474142099       0.81654201603652088       0.81477742370554262       0.83285358296744805       0.83171410700193094       0.93078485255890009       0.78265535370130079       0.87467346274753910       0.89275310096227056       0.82811987906738604     
  0.39037424230779555       0.37482463880829892       0.37622780381860221       0.38650535250366780       0.45598005260766616       0.49484019611977975       0.37600346258996648       0.38891678637798444       0.31632125963352348       0.38593431388509081     
  0.84373217379388732       0.83153292375816090       0.83051890636157522       0.84588946831583489       0.84725229690436776       0.93702375779689706       0.79244022921499391       0.88765883861739214       0.90443325289329413       0.84287370814271168     
  0.36158539937312517       0.38487506349167089       0.36774665509087556       0.40002336558540713       0.37097189705072225       0.33868635414686282       0.38729011627526944       0.44420177291020829       0.36408246569681557       0.30849683380788556     
  0.85910923004593287       0.84718605510517719       0.84667965086068553       0.85853400619858111       0.86272734236470050       0.94287001430736550       0.80254611692727473       0.89842950122281540       0.91627128438136785       0.85844709487403659     
  0.40024752537255082       0.46689460964345209       0.49393510438181876       0.36116388084986173       0.47081677984868842       0.34804111958936801       0.41321458318558235       0.31769019884836691       0.35402940743639949       0.32649174300983597     
  0.87409503135962563       0.86262384065594189       0.86296320962244455       0.87133350486410144       0.87806815476412381       0.94876710726843416       0.81236023658036904       0.90865898532851674       0.92825866684854852       0.87434901954093336     
  0.40309702216274784       0.47440117555756361       0.44825349777821394       0.36548364829091895       0.39932556393581298       0.47627420949592120       0.32518310553903773       0.32611747567619337       0.35946956753676040       0.36323703911359223     
  0.88886428885665292       0.87811861098344668       0.88047055664359686       0.88559080840926629       0.89317517203083763       0.95480639038970860       0.82460221544017787       0.91896723692770321       0.93900165997996110       0.89001204358504060     
  0.44143053164453477       0.47487947481239395       0.38138516900584218       0.41787695391929908       0.37261927714328047       0.46550178561611871       0.35860849678516266       0.37559466518033763       0.34767105297381251       0.32791011052566377     
  0.90411724165332774       0.89374662350095724       0.89775595816897136       0.89964725619956520       0.90812405037593280       0.96086644583949821       0.83685890345485603       0.92923115503562226       0.94988910108673064       0.90577856020069969     
  0.35306580330508108       0.43307800995521939       0.40257484451950148       0.43752927308191725       0.45555517735806744       0.37947803508056804       0.38577493898901982       0.37501904492535088       0.34507107421138195       0.36516951341458542     
  0.91962904523563505       0.90995173863065748       0.91510081874630544       0.91380741482228345       0.92273527658396048       0.96696269197081119       0.85030724967712501       0.94091867998874756       0.96015448808556192       0.92128611130888582     
  0.40519886842223524       0.40760871042335384       0.41120753255104464       0.41614601253031297       0.34705253138383840       0.42907487305814324       0.36911927113741227       0.38620270635089088       0.30946061528914193       0.41024737283059770     
  0.93530792569750787       0.92647766489669636       0.93219661256144892       0.92777715470134536       0.93727499730914365       0.97304862359568756       0.86422248341150931       0.95220076746129767       0.97026271934381558       0.93673636316123410     
  0.44147665071842956       0.41582205196976818       0.43604531836696114       0.41420912010119521       0.37962242173948163       0.44799010669776329       0.36776436027129372       0.40400606885088003       0.35341614662977439       0.37962974066816235     
  0.95094649650358565       0.94367121851448921       0.94987948586652760       0.94364557209097355       0.95295895593738533       0.97933877229803912       0.88274443405330671       0.96355457738032013       0.97905136341120802       0.95329753352808289     
  0.45372575081752858       0.44949631610501678       0.41650104993290171       0.40265179957625691       0.42157714028910170       0.41418664025550833       0.36551353730213154       0.37222965230884597       0.35682608643627195       0.45039354649753377     
  0.96684040179986996       0.96150752059639877       0.96720145749608455       0.95912964808534928       0.96849049542690768       0.98566736660884002       0.90491015196557600       0.97482712770332103       0.98724697109293647       0.96958116431016239     
  0.37808229387867065       0.46569884479152396       0.43328463564839353       0.37952698536333329       0.36700360810185079       0.44695367989788182       0.40305600066690134       0.48656903797874901       0.36644487680512194       0.39112541341390927     
  0.98346228598349028       0.98049848966271158       0.98372686271479448       0.97936033163251768       0.98427343962914349       0.99265895577070384       0.94430980599986303       0.98720462546228616       0.99377056470189662       0.98489596255825218     
  0.47648134036883782       0.43145302667217722       0.38162899961147939       0.45732791432795300       0.39470618439821542       0.41911335028877494       0.39547681549277591       0.41556566631916003       0.39951423255836377       0.36002791322668626     
   1.0000000000000000        1.0000000000000000        1.0000000000000000        1.0000000000000000        1.0000000000000000        1.0000000000000000        1.0000000000000000        1.0000000000000000        1.0000000000000000        1.0000000000000000     
  0.61929849430092687       0.43927693827062020       0.44550100038824181       0.50839514759125481       0.39995941770953586       0.42602007491306282       0.30026113008711158       0.43239705951608826        2.1728573270255365       0.34150914382362157     
  -10.126165257029866       -1.5367085551933526       -2.7769222256115191        24.593165307733383       -5.5986924243985765       -3.1658378988678604       -3.9423080586271357       -5.0069935974454944       -8.9724262010868632       -6.4949414380664905     
  -6.0516975353870892       -3.6552030840724073E-002  -8.9120234552419895        5.3825991602302041       -5.2595566535866363       -13.630407001886653       -6.1356110342264225       -5.8694582727487443       -8.1523815549033589       -6.7296826853618539     
  -6.7233371102828388       -1.6539022810944835       -4.4419757529483208       -1.8186837826392996       -6.9228359957796917       -8.0579434244332990       -4.6374024361108344       -6.3553139162748264       -5.5667934395809962       -7.3509464381196574     
  -5.0502588424330952       -3.1044814197446442       -6.2698826939947025       -5.3660019638949565       -4.7284461600584207       -7.0506763863919524       -5.8442923201267041       -5.5570473881838485       -2.9335751764595028       -4.1789156611913105     
  -4.0506123521431974       -6.7146888497591384       -3.4491100831479522       -9.7913220389074933       -7.6151693921888173       -5.7669609152954999       -5.5759070530421573       -3.3618742090287150       -6.2030269815754639       -4.2888922309268045     
  -3.8106622887896200       -10.293252784425373       -7.3194855324585593       -13.856163180756914       -7.3960854352673593       -6.8260536355252066       -6.2239740782964077       -4.7591961017952791       -6.5532176413514582       -5.9600123438945349     
  -7.4887671349949914       -12.623214797616450       -5.8057917771540053       -19.534864618946173       -4.9992823096863050       -4.2996179959123815       -6.0435781479532062       -6.7124897079762063       -5.8922454785955853       -6.1825883892176474     
  -3.9577411792089738       -15.500410534626081       -7.9572991681840959       -28.407832893573389       -3.0322436966627007       -5.5609919109909773       -7.6129755975954660       -7.4832630707467533       -5.8793604575899856       -4.2968439230764419     
   4.9273154074704141E-006
           1           1           1           1           1           1           1           1           1           1
   5.9520060506388065E-006   4.1826437002195807E-006   2.0715106847669256E-008  -5.6106536393467596        2.7982420942922616E-007   8.2630205438006317E-010
   4.8239932859146649E-008   5.0152019181001637E-008   1.4725143467195821E-008  0.22627818470417205        1.4698567254982815E-008   3.1636663759803598E-011
   1.3112156776645838E-002  -4.3505617237471839     
