     
 Soft #          62
 
 part:           1
 comp:           0
   1.0005562083193509        276.40365254822069        276.25000000000000     
   1.0000529477570148        276.26462681787535        276.25000000000000     
   1.0000052706812494        276.25145602569518        276.25000000000000     
   1.0000005268295538        276.25014553666421        276.25000000000000     
   1.0000000526805721        276.25001455300804        276.25000000000000     
   1.0000000052680333        276.25000145529418        276.25000000000000     
   1.0000000005268033        276.25000014552938        276.25000000000000     
   1.0000000000526805        276.25000001455300        276.25000000000000     
   1.0000000000052678        276.25000000145525        276.25000000000000     
   1.0000000000005267        276.25000000014552        276.25000000000000     
 comp:           1
   0.0000000000000000        0.0000000000000000     
   0.0000000000000000        0.0000000000000000     
   0.0000000000000000        0.0000000000000000     
   0.0000000000000000        0.0000000000000000     
   0.0000000000000000        0.0000000000000000     
   0.0000000000000000        0.0000000000000000     
   0.0000000000000000        0.0000000000000000     
   0.0000000000000000        0.0000000000000000     
   0.0000000000000000        0.0000000000000000     
   0.0000000000000000        0.0000000000000000     
 comp:           2
   0.0000000000000000        0.0000000000000000     
   0.0000000000000000        0.0000000000000000     
   0.0000000000000000        0.0000000000000000     
   0.0000000000000000        0.0000000000000000     
   0.0000000000000000        0.0000000000000000     
   0.0000000000000000        0.0000000000000000     
   0.0000000000000000        0.0000000000000000     
   0.0000000000000000        0.0000000000000000     
   0.0000000000000000        0.0000000000000000     
   0.0000000000000000        0.0000000000000000     
 comp:           3
   1.0005562083193509        276.40365254822069        276.25000000000000     
   1.0000529477570148        276.26462681787535        276.25000000000000     
   1.0000052706812494        276.25145602569518        276.25000000000000     
   1.0000005268295538        276.25014553666421        276.25000000000000     
   1.0000000526805721        276.25001455300804        276.25000000000000     
   1.0000000052680333        276.25000145529418        276.25000000000000     
   1.0000000005268033        276.25000014552938        276.25000000000000     
   1.0000000000526805        276.25000001455300        276.25000000000000     
   1.0000000000052678        276.25000000145525        276.25000000000000     
   1.0000000000005267        276.25000000014552        276.25000000000000     
 
 part:           2
 comp:           0
   1.1104934454181845        306.77381429677348        276.25000000000000     
   1.0100475303497995        279.02563025913213        276.25000000000000     
   1.0009957250716022        276.52506905103013        276.25000000000000     
   1.0000994831190360        276.27748221163370        276.25000000000000     
   1.0000099474189048        276.25274797447247        276.25000000000000     
   1.0000009947329613        276.25027479498056        276.25000000000000     
   1.0000000994732068        276.25002747947337        276.25000000000000     
   1.0000000099473199        276.25000274794712        276.25000000000000     
   1.0000000009947319        276.25000027479467        276.25000000000000     
   1.0000000000994731        276.25000002747942        276.25000000000000     
 comp:           1
   0.0000000000000000        0.0000000000000000     
   0.0000000000000000        0.0000000000000000     
   0.0000000000000000        0.0000000000000000     
   0.0000000000000000        0.0000000000000000     
   0.0000000000000000        0.0000000000000000     
   0.0000000000000000        0.0000000000000000     
   0.0000000000000000        0.0000000000000000     
   0.0000000000000000        0.0000000000000000     
   0.0000000000000000        0.0000000000000000     
   0.0000000000000000        0.0000000000000000     
 comp:           2
   0.0000000000000000        0.0000000000000000     
   0.0000000000000000        0.0000000000000000     
   0.0000000000000000        0.0000000000000000     
   0.0000000000000000        0.0000000000000000     
   0.0000000000000000        0.0000000000000000     
   0.0000000000000000        0.0000000000000000     
   0.0000000000000000        0.0000000000000000     
   0.0000000000000000        0.0000000000000000     
   0.0000000000000000        0.0000000000000000     
   0.0000000000000000        0.0000000000000000     
 comp:           3
   1.1104934454181845       -306.77381429677348       -276.25000000000000     
   1.0100475303497995       -279.02563025913213       -276.25000000000000     
   1.0009957250716022       -276.52506905103013       -276.25000000000000     
   1.0000994831190360       -276.27748221163370       -276.25000000000000     
   1.0000099474189048       -276.25274797447247       -276.25000000000000     
   1.0000009947329613       -276.25027479498056       -276.25000000000000     
   1.0000000994732068       -276.25002747947337       -276.25000000000000     
   1.0000000099473199       -276.25000274794712       -276.25000000000000     
   1.0000000009947319       -276.25000027479467       -276.25000000000000     
   1.0000000000994731       -276.25000002747942       -276.25000000000000     
 
 part:           3
 comp:           0
   1.0000454363175932        256.55467342330138        256.54301705330221     
   1.0000018211007065        256.54348424397182        256.54301705330221     
   1.0000001575640975        256.54305747527115        256.54301705330221     
   1.0000000155133628        256.54302103314711        256.54301705330221     
   1.0000000015489083        256.54301745066380        256.54301705330221     
   1.0000000001548666        256.54301709303212        256.54301705330221     
   1.0000000000154863        256.54301705727511        256.54301705330221     
   1.0000000000015485        256.54301705369949        256.54301705330221     
   1.0000000000001550        256.54301705334194        256.54301705330221     
   1.0000000000000155        256.54301705330619        256.54301705330221     
 comp:           1
   1.0259380808035008        61.331360047470767        59.780761816967427     
   1.0024730807078188        59.928604465715679        59.780761816967427     
   1.0002461913775691        59.795479325071270        59.780761816967427     
   1.0000246080538266        59.782232905172023        59.780761816967427     
   1.0000024606946256        59.780908919166748        59.780761816967427     
   1.0000002460683550        59.780776527121155        59.780761816967427     
   1.0000000246068246        59.780763287982140        59.780761816967427     
   1.0000000024606823        59.780761964068894        59.780761816967427     
   1.0000000002460683        59.780761831677573        59.780761816967427     
   1.0000000000246068        59.780761818438442        59.780761816967427     
 comp:           2
  0.98441669099667395       -75.482800941579669       -76.677693127243714     
  0.99851420075555852       -76.563765468729741       -76.677693127243714     
  0.99985209097235539       -76.666351804211232       -76.677693127243714     
  0.99998521575633681       -76.676559505544986       -76.677693127243714     
  0.99999852164217529       -76.677579770176095       -76.677693127243714     
  0.99999985216488285       -76.677681791587972       -76.677693127243714     
  0.99999998521649491       -76.677691993678650       -76.677693127243714     
  0.99999999852164945       -76.677693013887207       -76.677693127243714     
  0.99999999985216503       -76.677693115908070       -76.677693127243714     
  0.99999999998521638       -76.677693126110142       -76.677693127243714     
 comp:           3
   1.0000000000000000       -232.07996788193105       -232.07996788193105     
   1.0000000000000000       -232.07996788193105       -232.07996788193105     
   1.0000000000000000       -232.07996788193105       -232.07996788193105     
   1.0000000000000000       -232.07996788193105       -232.07996788193105     
   1.0000000000000000       -232.07996788193105       -232.07996788193105     
   1.0000000000000000       -232.07996788193105       -232.07996788193105     
   1.0000000000000000       -232.07996788193105       -232.07996788193105     
   1.0000000000000000       -232.07996788193105       -232.07996788193105     
   1.0000000000000000       -232.07996788193105       -232.07996788193105     
   1.0000000000000000       -232.07996788193105       -232.07996788193105     
 
 part:           4
 comp:           0
   1.0004002623086994        25.488503457310415        25.478305451948469     
   1.0000356524315277        25.479213815489036        25.478305451948469     
   1.0000035254233630        25.478395273761759        25.478305451948469     
   1.0000003521476866        25.478314424074789        25.478305451948469     
   1.0000000352108258        25.478306349060642        25.478305451948469     
   1.0000000035210432        25.478305541658681        25.478305451948469     
   1.0000000003521039        25.478305460919479        25.478305451948469     
   1.0000000000352103        25.478305452845568        25.478305451948469     
   1.0000000000035210        25.478305452038178        25.478305451948469     
   1.0000000000003522        25.478305451957439        25.478305451948469     
 comp:           1
  0.96711138720258050       -4.5291594252218346       -4.6831828113643263     
  0.99686472014516481       -4.6684997226393454       -4.6831828113643263     
  0.99968789247061696       -4.6817211547474225       -4.6831828113643263     
  0.99996880334592453       -4.6830367117301881       -4.6831828113643263     
  0.99999688047547630       -4.6831682020606973       -4.6831828113643263     
  0.99999968804895623       -4.6831813504405604       -4.6831828113643263     
  0.99999996880490971       -4.6831826652720157       -4.6831828113643263     
  0.99999999688049113       -4.6831827967550961       -4.6831828113643263     
  0.99999999968804909       -4.6831828099034034       -4.6831828113643263     
  0.99999999996880495       -4.6831828112182343       -4.6831828113643263     
 comp:           2
   1.0146394351035413        8.2262806651237348        8.1075901256334131     
   1.0013955810860440        8.1189049250661434        8.1075901256334131     
   1.0001389258327760        8.1087164793434230        8.1075901256334131     
   1.0000138863075678        8.1077027101235313        8.1075901256334131     
   1.0000013885680463        8.1076013835739946        8.1075901256334131     
   1.0000001388561777        8.1075912514223880        8.1075901256334131     
   1.0000000138856113        8.1075902382122589        8.1075901256334131     
   1.0000000013885610        8.1075901368912966        8.1075901256334131     
   1.0000000001388563        8.1075901267592023        8.1075901256334131     
   1.0000000000138856        8.1075901257459915        8.1075901256334131     
 comp:           3
   1.0000000000000000       -23.695544513955802       -23.695544513955802     
   1.0000000000000000       -23.695544513955802       -23.695544513955802     
   1.0000000000000000       -23.695544513955802       -23.695544513955802     
   1.0000000000000000       -23.695544513955802       -23.695544513955802     
   1.0000000000000000       -23.695544513955802       -23.695544513955802     
   1.0000000000000000       -23.695544513955802       -23.695544513955802     
   1.0000000000000000       -23.695544513955802       -23.695544513955802     
   1.0000000000000000       -23.695544513955802       -23.695544513955802     
   1.0000000000000000       -23.695544513955802       -23.695544513955802     
   1.0000000000000000       -23.695544513955802       -23.695544513955802     
 
 part:           5
 comp:           0
  0.99997866794681300        270.47290762921506        270.47867749474932     
  0.99999545498633813        270.47744816546486        270.47867749474932     
  0.99999952382676749        270.47854870004312        270.47867749474932     
  0.99999995216815718        270.47866455725574        270.47867749474932     
  0.99999999521467287        270.47867620042035        270.47867749474932     
  0.99999999952144603        270.47867736531066        270.47867749474932     
  0.99999999995214439        270.47867748180539        270.47867749474932     
  0.99999999999521449        270.47867749345494        270.47867749474932     
  0.99999999999952149        270.47867749461989        270.47867749474932     
  0.99999999999995204        270.47867749473636        270.47867749474932     
 comp:           1
  0.97032948356304849       -53.462805382081129       -55.097579005603109     
  0.99717096270724714       -54.941705899855862       -55.097579005603109     
  0.99971837288514065       -55.082062033392027       -55.097579005603109     
  0.99997184995978960       -55.096028006538603       -55.097579005603109     
  0.99999718512259772       -55.097423912673044       -55.097579005603109     
  0.99999971851352587       -55.097563496379863       -55.097579005603109     
  0.99999997185136535       -55.097577454681485       -55.097579005603109     
  0.99999999718513666       -55.097578850510956       -55.097579005603109     
  0.99999999971851372       -55.097578990093893       -55.097579005603109     
  0.99999999997185129       -55.097579004052186       -55.097579005603109     
 comp:           2
   1.0183718231844177        69.829860809693201        68.570103001610306     
   1.0017517245793488        68.690218936446712        68.570103001610306     
   1.0001743819851983        68.582060392296981        68.570103001610306     
   1.0000174303525347        68.571298202678960        68.570103001610306     
   1.0000017429568517        68.570222516341161        68.570103001610306     
   1.0000001742949012        68.570114953029631        68.570103001610306     
   1.0000000174294823        68.570104196751700        68.570103001610306     
   1.0000000017429482        68.570103121124447        68.570103001610306     
   1.0000000001742948        68.570103013561720        68.570103001610306     
   1.0000000000174296        68.570103002805453        68.570103001610306     
 comp:           3
   1.0000000000000000        255.77551239588689        255.77551239588689     
   1.0000000000000000        255.77551239588689        255.77551239588689     
   1.0000000000000000        255.77551239588689        255.77551239588689     
   1.0000000000000000        255.77551239588689        255.77551239588689     
   1.0000000000000000        255.77551239588689        255.77551239588689     
   1.0000000000000000        255.77551239588689        255.77551239588689     
   1.0000000000000000        255.77551239588689        255.77551239588689     
   1.0000000000000000        255.77551239588689        255.77551239588689     
   1.0000000000000000        255.77551239588689        255.77551239588689     
   1.0000000000000000        255.77551239588689        255.77551239588689     
 
 part:           6
 comp:           0
   30.661382335167460        0.0000000000000000     
   2.7901108520818223        0.0000000000000000     
  0.27652362764920696        0.0000000000000000     
   2.7627733820119009E-002   0.0000000000000000     
   2.7625273357472428E-003   0.0000000000000000     
   2.7625027335501876E-004   0.0000000000000000     
   2.7625002733547740E-005   0.0000000000000000     
   2.7625000273354759E-006   0.0000000000000000     
   2.7625000027335479E-007   0.0000000000000000     
   2.7625000002733555E-008   0.0000000000000000     
 comp:           1
  -3.3393952401678080       -0.0000000000000000     
 -0.31839884322048051       -0.0000000000000000     
  -3.1696136931831126E-002  -0.0000000000000000     
  -3.1681869032421776E-003  -0.0000000000000000     
  -3.1680443301978356E-004  -0.0000000000000000     
  -3.1680300739520169E-005  -0.0000000000000000     
  -3.1680286483380209E-006  -0.0000000000000000     
  -3.1680285057767270E-007  -0.0000000000000000     
  -3.1680284915205985E-008  -0.0000000000000000     
  -3.1680284900949859E-009  -0.0000000000000000     
 comp:           2
  -2.5733405332372721       -0.0000000000000000     
 -0.24535839278310428       -0.0000000000000000     
  -2.4425067429161569E-002  -0.0000000000000000     
  -2.4414072574933895E-003  -0.0000000000000000     
  -2.4412973905960726E-004  -0.0000000000000000     
  -2.4412864047221111E-005  -0.0000000000000000     
  -2.4412853061428721E-006  -0.0000000000000000     
  -2.4412851962850298E-007  -0.0000000000000000     
  -2.4412851852992463E-008  -0.0000000000000000     
  -2.4412851842006684E-009  -0.0000000000000000     
 comp:           3
  -30.370161748552839       -0.0000000000000000     
  -2.7610034412567304       -0.0000000000000000     
 -0.27361302533497339       -0.0000000000000000     
  -2.7336674969434947E-002  -0.0000000000000000     
  -2.7334214644793549E-003  -0.0000000000000000     
  -2.7333968636622822E-004  -0.0000000000000000     
  -2.7333944036048672E-005  -0.0000000000000000     
  -2.7333941575993684E-006  -0.0000000000000000     
  -2.7333941329988204E-007  -0.0000000000000000     
  -2.7333941305387660E-008  -0.0000000000000000     
 
 part: i_fks reduced
 comp:           0
   1.0540925533894596        291.19306787383823        276.25000000000000     
   1.0050378152592121        277.64169646535731        276.25000000000000     
   1.0005003753127737        276.38822868015376        276.25000000000000     
   1.0000500037503124        276.26381353602380        276.25000000000000     
   1.0000050000375003        276.25138126035944        276.25000000000000     
   1.0000005000003749        276.25013812510355        276.25000000000000     
   1.0000000500000037        276.25001381250104        276.25000000000000     
   1.0000000050000000        276.25000138125000        276.25000000000000     
   1.0000000004999998        276.25000013812496        276.25000000000000     
   1.0000000000500000        276.25000001381250        276.25000000000000     
 comp:           1
   1.0540925533894596       -33.393952401678078       -31.680284899365837     
   1.0050378152592121       -31.839884322048047       -31.680284899365837     
   1.0005003753127739       -31.696136931831123       -31.680284899365837     
   1.0000500037503124       -31.681869032421773       -31.680284899365837     
   1.0000050000375003       -31.680443301978354       -31.680284899365837     
   1.0000005000003749       -31.680300739520163       -31.680284899365837     
   1.0000000500000039       -31.680286483380204       -31.680284899365837     
   1.0000000050000002       -31.680285057767264       -31.680284899365837     
   1.0000000004999998       -31.680284915205977       -31.680284899365837     
   1.0000000000500000       -31.680284900949854       -31.680284899365837     
 comp:           2
   1.0540925533894596       -25.733405332372719       -24.412851840786033     
   1.0050378152592121       -24.535839278310426       -24.412851840786033     
   1.0005003753127737       -24.425067429161565       -24.412851840786033     
   1.0000500037503124       -24.414072574933893       -24.412851840786033     
   1.0000050000375003       -24.412973905960726       -24.412851840786033     
   1.0000005000003749       -24.412864047221106       -24.412851840786033     
   1.0000000500000037       -24.412853061428716       -24.412851840786033     
   1.0000000050000000       -24.412851962850294       -24.412851840786033     
   1.0000000005000000       -24.412851852992457       -24.412851840786033     
   1.0000000000500000       -24.412851842006674       -24.412851840786033     
 comp:           3
   1.1110787651250187       -303.70161748552840       -273.33941302654262     
   1.0101007427672435       -276.10034412567302       -273.33941302654262     
   1.0010009983756136       -273.61302533497337       -273.33941302654262     
   1.0001000099747934       -273.36674969434944       -273.33941302654262     
   1.0000100000997389       -273.34214644793548       -273.33941302654262     
   1.0000010000009971       -273.33968636622819       -273.33941302654262     
   1.0000001000000101       -273.33944036048666       -273.33941302654262     
   1.0000000100000002       -273.33941575993680       -273.33941302654262     
   1.0000000009999999       -273.33941329988198       -273.33941302654262     
   1.0000000000999998       -273.33941305387651       -273.33941302654262     
 
 part: i_fks full/reduced
 comp:           0
  0.10529571517290293        30.661382335167460        291.19306787383823     
   1.0049322157307729E-002   2.7901108520818223        277.64169646535731     
   1.0004898868873678E-003  0.27652362764920696        276.38822868015376     
   1.0000489556159859E-004   2.7627733820119009E-002   276.26381353602380     
   1.0000048952311430E-005   2.7625273357472428E-003   276.25138126035944     
   1.0000004895198103E-006   2.7625027335501876E-004   276.25013812510355     
   1.0000000489519481E-007   2.7625002733547740E-005   276.25001381250104     
   1.0000000048951948E-008   2.7625000273354759E-006   276.25000138125000     
   1.0000000004895198E-009   2.7625000027335479E-007   276.25000013812496     
   1.0000000000489522E-010   2.7625000002733555E-008   276.25000001381250     
 comp:           1
  0.10000000000000001       -3.3393952401678080       -33.393952401678078     
   1.0000000000000002E-002 -0.31839884322048051       -31.839884322048047     
   1.0000000000000000E-003  -3.1696136931831126E-002  -31.696136931831123     
   1.0000000000000000E-004  -3.1681869032421776E-003  -31.681869032421773     
   1.0000000000000001E-005  -3.1680443301978356E-004  -31.680443301978354     
   1.0000000000000002E-006  -3.1680300739520169E-005  -31.680300739520163     
   1.0000000000000002E-007  -3.1680286483380209E-006  -31.680286483380204     
   1.0000000000000002E-008  -3.1680285057767270E-007  -31.680285057767264     
   1.0000000000000003E-009  -3.1680284915205985E-008  -31.680284915205977     
   1.0000000000000002E-010  -3.1680284900949859E-009  -31.680284900949854     
 comp:           2
  0.10000000000000001       -2.5733405332372721       -25.733405332372719     
   1.0000000000000000E-002 -0.24535839278310428       -24.535839278310426     
   1.0000000000000002E-003  -2.4425067429161569E-002  -24.425067429161565     
   1.0000000000000000E-004  -2.4414072574933895E-003  -24.414072574933893     
   1.0000000000000001E-005  -2.4412973905960726E-004  -24.412973905960726     
   1.0000000000000002E-006  -2.4412864047221111E-005  -24.412864047221106     
   1.0000000000000002E-007  -2.4412853061428721E-006  -24.412853061428716     
   1.0000000000000002E-008  -2.4412851962850298E-007  -24.412851962850294     
   1.0000000000000003E-009  -2.4412851852992463E-008  -24.412851852992457     
   1.0000000000000004E-010  -2.4412851842006684E-009  -24.412851842006674     
 comp:           3
   9.9999999999999992E-002  -30.370161748552839       -303.70161748552840     
   1.0000000000000000E-002  -2.7610034412567304       -276.10034412567302     
   1.0000000000000000E-003 -0.27361302533497339       -273.61302533497337     
   1.0000000000000002E-004  -2.7336674969434947E-002  -273.36674969434944     
   1.0000000000000001E-005  -2.7334214644793549E-003  -273.34214644793548     
   1.0000000000000002E-006  -2.7333968636622822E-004  -273.33968636622819     
   1.0000000000000002E-007  -2.7333944036048672E-005  -273.33944036048666     
   1.0000000000000002E-008  -2.7333941575993684E-006  -273.33941575993680     
   1.0000000000000003E-009  -2.7333941329988204E-007  -273.33941329988198     
   1.0000000000000003E-010  -2.7333941305387660E-008  -273.33941305387651     
