   0.0000000000000000        0.0000000000000000        0.0000000000000000        0.0000000000000000        0.0000000000000000        0.0000000000000000        0.0000000000000000        0.0000000000000000        0.0000000000000000        0.0000000000000000     
   1.6921427444081009E-003   4.8145080194021677E-003   1.7546869051247437E-002   3.1107889041663776E-002   3.3914520752306054E-002  0.30106778218680652       0.12797848720062183        6.6407416729923924E-002   1.7614194940504146E-002   1.1631048786533295E-002
  0.77959064696156266       0.43706689850552422       0.41194405540640361       0.30483277575815354       0.43086655559132347       0.30720267109222954       0.26668997723941068       0.30193810055299519       0.36282023236891370       0.38159234815817078     
   3.3022964722651356E-003   9.5546698147862801E-003   3.4893768760360724E-002   5.8067673721471369E-002   6.5733830552044042E-002  0.50960920753236938       0.21612832680769947       0.12371902824719835        3.6537229223046246E-002   2.3341996884373113E-002
  0.96471639361489059       0.55054255934048391       0.42112865585536730       0.39933326277693887       0.30438624001112558       0.41514968553322401       0.36571302571070868       0.29204351031349152       0.40416084201959912       0.33915246428837842     
   4.8513748122160187E-003   1.4102564334530195E-002   5.2014795772076641E-002   7.7966553924189802E-002   8.8506319511063247E-002  0.56089314386639344       0.25299553429974314       0.16112393612739526        5.2441949169804609E-002   3.5867203641545775E-002
  0.71399480822750083       0.70960774022997231       0.34797840325562840       0.50441873803298232       0.33206946299380918       0.40700488320422784       0.44120363905446486       0.35833546381721793       0.37304817965120862       0.39543686506662246     
   6.3675251183792280E-003   1.8470569440499841E-002   6.8660858365675842E-002   9.6197434920839556E-002  0.10952126517668698       0.59986575881869220       0.28334103859762849       0.19563291881599409        6.7374094070234175E-002   4.8305197968797821E-002
  0.54796178791121342       0.49072283742890621       0.34300551191007128       0.34103130460358044       0.40245929324199142       0.45988363586514991       0.29975325599822256       0.40922331447552213       0.36788158635205354       0.35771256791596651     
   7.9024532397469448E-003   2.2825020773107791E-002   8.3798785810600213E-002  0.11211496666018329       0.13309075325263803       0.63321692829353926       0.30486114244405005       0.22264813158930116        8.6851047040087337E-002   6.5024502625821712E-002
  0.48727589528016546       0.56133996954736276       0.38146238573043784       0.39870053134835548       0.32997782275678894       0.34901530067782033       0.39972204304442333       0.43448291947784273       0.48514290293845397       0.36945623130643357     
   9.5703605600689148E-003   2.7689134664321387E-002   9.8519735741750811E-002  0.12643392388445718       0.15664536579784760       0.66179825956253924       0.32534475235766042       0.24473746107331168       0.10582172192289135        8.2042921933674601E-002
  0.47801251019419838       0.51819013294333183       0.38779256764379577       0.29824759169871995       0.36499164598698258       0.36988176336211692       0.42487034099784604       0.37902149178607414       0.48736026143892225       0.33137257452360830     
   1.1280362818792440E-002   3.2748963102798817E-002  0.11171280851000645       0.14039046703817618       0.17903066365249432       0.68782364522486905       0.33890891745564994       0.26376798285620023       0.12358847866976515        9.8205729910477171E-002
  0.44050770319867899       0.39150007229159234       0.32929755557526463       0.33661564372838976       0.38282303679867624       0.35349906280246945       0.37794489036321721       0.45196602735622010       0.47229044598444092       0.42067434199075604     
   1.3032810444440978E-002   3.7673425809123313E-002  0.12540888295470043       0.15379027209460472       0.20119071441558545       0.70509553853826790       0.35249834190440160       0.27885201121954944       0.14111549977844476       0.11489571991280757     
  0.53000863608676807       0.46145452262593312       0.32024523432671753       0.36672549009615585       0.37635747521105389       0.30355784413958059       0.34238204756465007       0.41894704998311633       0.46621253552587227       0.39375881039397764     
   1.4844642388528475E-002   4.2689142646947460E-002  0.13993059926031554       0.16983291822901986       0.21808020194008282       0.72210988650624208       0.36481038805675015       0.29112070128157119       0.15612850294996197       0.13101068516663475     
  0.41819882128105468       0.43599287844652129       0.32538996146113147       0.37630575037376573       0.33865199754111081       0.32831596944860086       0.40587282161740745       0.42780133146225591       0.40055247854407133       0.34513430413141755     
   1.6659275279516370E-002   4.7391750270771887E-002  0.15408835000493329       0.18757926710538864       0.23468487039690694       0.73874772461784421       0.37655353875373565       0.30235053106437032       0.17210560307397474       0.14743389329698459     
  0.44745789314594825       0.41229693341258900       0.33887320708610696       0.49394018494424230       0.35396550234370039       0.32090577890066158       0.31981615300199384       0.33541649746760921       0.43061611466723837       0.38894262937183155     
   1.8694274437606746E-002   5.1979905497718575E-002  0.16727934144428785       0.20326567607700893       0.25221068750380121       0.75443359698882018       0.38721493616122732       0.31261265540865368       0.18464755170409511       0.16432870370179251     
  0.37487498804634023       0.41097320209412047       0.31156208143888670       0.43370569170378026       0.41923748246288073       0.45083715286243503       0.38128566115778878       0.34741961308124925       0.43398604486579845       0.40469791321082149     
   2.0783868518986143E-002   5.6546945157731406E-002  0.18117907295740465       0.21597955143335845       0.26988666246332071       0.76853041827180191       0.39715784450926461       0.32324777969613949       0.19705386492082183       0.18186403948518148     
  0.35117229372022796       0.39062045894703401       0.30368316425432573       0.35173848053917378       0.36276420785312180       0.39064200514640984       0.38818045600308748       0.40723179434969337       0.34495838954142749       0.32968566823348605     
   2.3013201670295726E-002   6.1178548292564021E-002  0.19514346990059248       0.22885447361691913       0.28649521440110859       0.78097938702792913       0.40613121304480687       0.33479274653778490       0.20940704700697646       0.20102484824309277     
  0.40572188417818672       0.32003848381143368       0.34793443934157736       0.39522094336166108       0.38813230793386927       0.36518745832149091       0.39833255717382221       0.35975157979887962       0.33160745280671339       0.39349597017676580     
   2.5322828625259679E-002   6.5822182736679682E-002  0.20946664341702120       0.24162455392275134       0.30272479542704833       0.79259562983916543       0.41573290854086886       0.34649615390589422       0.22148804170273073       0.21872134462766935     
  0.35542207824652661       0.34723657381260981       0.39205344941643888       0.41094248873702593       0.39970021475627615       0.32965719338100630       0.36418701171032514       0.49437453823495425       0.31468060585235497       0.35509144273724225     
   2.7698741477792454E-002   7.0413937344575267E-002  0.22501355393273692       0.25320408784640525       0.31801765935420412       0.80333935310061122       0.42535892784671059       0.35646454349116286       0.23702499411081246       0.23336192280977247     
  0.43649734059113893       0.39073964119271237       0.36926578852923536       0.36084641203595597       0.45061540193405425       0.38223302201503606       0.31504424250257823       0.32274491595432298       0.40312948128613085       0.35857681783324458     
   3.0221818928011370E-002   7.5022235469963866E-002  0.23830799750787721       0.26311645925749655       0.33348121095703886       0.81245834395925920       0.43427594617780158       0.36632890610843016       0.25366901959219235       0.24896692636078291     
  0.37350721214025684       0.33433117812422103       0.33064799515467180       0.39084211240463368       0.36625436631069486       0.28364755327869873       0.34902720401663045       0.33126752537377147       0.41725280411391991       0.35081941633592362     
   3.2909775196157773E-002   7.9789214258103175E-002  0.25171178618688406       0.27387364704790573       0.34720099757436751       0.82001114303085376       0.44296826952228241       0.37633088718668006       0.27048291303305366       0.26648102285215070     
  0.33701024549394176       0.32975514416085111       0.34323122269492717       0.35578498947063353       0.36853567912024632       0.27016728913279969       0.40715654907069238       0.41147101174764561       0.42818643708162996       0.32823977659781478     
   3.5581609332522850E-002   8.5590297107601743E-002  0.26510426254932107       0.28443679912146558       0.36017759448820380       0.82742808190219452       0.45130613885443521       0.38631920214778098       0.28736425790770381       0.28274551059949776     
  0.35273952994398450       0.35449250040401675       0.41212698832901967       0.37203192218753944       0.40467081750724060       0.35171795663940070       0.35125734162983119       0.42152671253687862       0.34512165692942126       0.32685887580371437     
   3.8134638612174844E-002   9.2056241504374900E-002  0.27887013238863012       0.29614688225710645       0.37251470143141441       0.83476601079966273       0.45946015468415724       0.39672294707691669       0.30400629570717091       0.29891864395989198     
  0.36115402171058220       0.37380681154475198       0.31291787110920383       0.32361150334891980       0.37924079316597881       0.31662728161056058       0.34514651807028224       0.30618774520924252       0.38021569430080610       0.31615812134050592     
   4.1005879975753334E-002   9.8547759569627011E-002  0.29399035411414615       0.30800404084374661       0.38462115170251937       0.84204689767707419       0.46670277454410714       0.40821335641098805       0.32032199885635293       0.31529803555807212     
  0.34734472081974738       0.31532516017391188       0.36835034003235229       0.35313520685731437       0.37612271434202665       0.30881127221997512       0.31737517956871619       0.37535551025238112       0.30866918970513763       0.32530467205947283     
   4.3852673452901440E-002  0.10509815046165065       0.30894266502140039       0.32006771861004796       0.39632582549331702       0.84997303326312523       0.47305210089693583       0.41983010475519772       0.33612280210938922       0.33157333592292548     
  0.32990556047506542       0.38141643167211181       0.37428274792001226       0.34070798691014714       0.34906321164670256       0.31937702581919092       0.35418813297169238       0.43401893901677385       0.39346251959096229       0.34708540112741143     
   4.7482323589881477E-002  0.11242693632413166       0.32373110840277730       0.33239194179608350       0.40754656595997957       0.85760991883232296       0.48021316225664190       0.43154840400111960       0.35126589591579366       0.34761842960186567     
  0.42590820398774915       0.34786452546562158       0.35157967168547072       0.35155095067055719       0.35552610137842955       0.38998114362849085       0.35242756491651156       0.34048738015194707       0.39977636554995050       0.31432506962622170     
   5.1084023142336545E-002  0.12025163606594308       0.33513615024234800       0.34506960860846703       0.41859283323780305       0.86441127306700205       0.48722314039137998       0.44346946931172715       0.36796367693935322       0.36531558268714509     
  0.31432528206861665       0.35782456148575098       0.31180871887199541       0.31923087621934426       0.32780508912316120       0.29011397009524192       0.34684816029672205       0.38940762257330347       0.38318440252364405       0.34013153162627086     
   5.4488047303370701E-002  0.12814930602125355       0.34434518462707575       0.35814257159296653       0.42980037681522482       0.87091736298822819       0.49451530814763239       0.45504624404527005       0.38525294324207482       0.38317869556157858     
  0.30250782896147188       0.33174927330265119       0.28170121080224486       0.34682018087598188       0.35523133239425625       0.31817580087704384       0.33813858372234529       0.47355166485165356       0.44615049161573106       0.36711768900430397     
   5.7949170693022856E-002  0.13600614345063328       0.35723497315294084       0.37014002484648245       0.44124293123800268       0.87709213140585607       0.50177319383088104       0.46744791375719158       0.40393286282826679       0.39915588223408183     
  0.34985331317682211       0.31400078858375519       0.33318225562511350       0.42381084759956972       0.37124130818682932       0.33656647387297955       0.34345908885594550       0.35003355699873590       0.41064102121650947       0.33635467215943499     
   6.1530344447985372E-002  0.14636525905566281       0.37349318688486005       0.38089288848238045       0.45239834163007447       0.88300318816164003       0.50942699633022914       0.47991886290689578       0.42324964187827119       0.41505870393663619     
  0.30020663862842917       0.40316309562983543       0.38138492418983660       0.33155677968826713       0.43758494248827079       0.39349451880896885       0.34555704259204623       0.35420765533792686       0.37121146778335617       0.38006934748178534     
   6.5257759968794710E-002  0.15755080159941001       0.39091345447971704       0.39266941602100175       0.46335583859292762       0.88837552584969981       0.51723011469167968       0.49249181317503904       0.44203660771563863       0.42994914958401675     
  0.31612559451986993       0.40618342060401608       0.39666230303175154       0.32014880169516063       0.38380101021962387       0.31407746962739364       0.42562781833057328       0.34781099689126604       0.36893627039281801       0.39473939070707814     
   6.9524990624337479E-002  0.16736273918894715       0.40906670940465617       0.40535151239158473       0.47379221753095446       0.89349910008920985       0.52514369848821807       0.50533660659254120       0.46066750516094268       0.44519965895061409     
  0.32375997995459854       0.38191826874599294       0.36932925457207227       0.38130358580670215       0.39488364417267924       0.32771457490509359       0.41094195124477867       0.37528182257284848       0.35122234293375842       0.34697861212281611     
   7.3878588454329763E-002  0.17672202703957621       0.42681814099468707       0.41824097955889084       0.48341370422828517       0.89769328979386254       0.53357225824709542       0.51824947490200179       0.47870277693683960       0.46114654777072667     
  0.30378393388873182       0.31500698021713008       0.41503937660194129       0.34142765419858034       0.36292880767845909       0.29304614309848964       0.36539855277605959       0.39874550142503173       0.37316095026159279       0.37910448930853319     
   7.9144122341430520E-002  0.18857349003145071       0.44452865885606513       0.43147548719243972       0.49175788477314469       0.90197431126327809       0.54235449940178770       0.53143149535622081       0.49615655246968898       0.47684724145116841     
  0.36788409347625872       0.36575100042057757       0.46494668219545338       0.38798345869513268       0.36379918849807030       0.33736926665854389       0.35443546272194493       0.37472555114212802       0.39424371438935379       0.42733017814731211     
   8.4793271074140766E-002  0.20217406676016869       0.46253267579721330       0.44395382670919237       0.50049383069066888       0.90629656083593890       0.55076208026509021       0.54583818540145990       0.51250399959593584       0.49172714980812671     
  0.33257359655283047       0.36833592529715475       0.49833580291649299       0.37515677160194971       0.33929005127372525       0.30639287504106372       0.33345883661845543       0.38849898854147663       0.40313771604737042       0.40454901070555616     
   9.0962136721744510E-002  0.21450409168454160       0.48200139324754465       0.45525755530586409       0.50903432235822421       0.91051252851310915       0.55912449320799085       0.55885157814018938       0.52810578428915278       0.50769614539794850     
  0.30833586322241463       0.36061227986494360       0.34578058988636634       0.35070172331659549       0.38004505848170816       0.36938596630277132       0.39605159757563890       0.37686077760371772       0.35472274836125595       0.34483562752470809     
   9.7346734931467477E-002  0.22610024124231592       0.50104567973498082       0.46650654171706690       0.51785213260113483       0.91456896749455674       0.56753149675778791       0.57132476754687644       0.54331107094438746       0.52055886060448620     
  0.35947786564015466       0.35105350349095704       0.35654200145414927       0.34091467218447624       0.41250785988822647       0.29276598568271089       0.44883614504962033       0.33158917234830554       0.32215088643981077       0.31783993635262942     
  0.10455596649898587       0.23925008199805708       0.51787457081093935       0.47589502039765103       0.52829322682688706       0.91870241495713723       0.57585737072621368       0.58299618570260769       0.55794451099896381       0.53371053218284792     
  0.37261215355024035       0.34555442756154103       0.44879268509225445       0.26668997723941068       0.38211202346599099       0.36195462547167551       0.38065937828621926       0.36660446444364964       0.35646498192051784       0.33942962580807073     
  0.11204780321281937       0.25333518662794074       0.53421494307397022       0.48625679589922505       0.53853444731470757       0.92262961857473669       0.58373983798383533       0.59438690786902715       0.57290756041510693       0.54999605646976957     
  0.31715655825431077       0.38638114441281524       0.36528408544601620       0.38345873198664876       0.34336902520792362       0.31541091051217457       0.38363618361473739       0.36892832488869715       0.31422644491117169       0.34220974908965635     
  0.11927588018769489       0.26836145321859095       0.55151504692150877       0.49635104902090577       0.54852105721317490       0.92648894256101610       0.59187663499674203       0.60641290403709014       0.58798944194780445       0.56739981199087575     
  0.34974528533952542       0.33431596420045123       0.46116192311496956       0.34767886949892918       0.31915637024666782       0.36916575067806801       0.42680162572780322       0.31955047411212006       0.33468993067860492       0.33041925208664802     
  0.12665247739010885       0.28291110724901319       0.56891555506921487       0.50688760551186129       0.55871865252766750       0.93022007262106632       0.59900960906368306       0.61827898443336538       0.60308916055610828       0.58127985297383811     
  0.29953999090650374       0.35947894078819426       0.41715459607467653       0.32581105501303909       0.32869042611694615       0.36019291811600596       0.33613807685194574       0.32642949818872868       0.40605503350372169       0.32467568591492985     
  0.13475468901139481       0.29700986152227404       0.58891931937815789       0.51807551217464543       0.56832050093530539       0.93387576645753312       0.60642678922987747       0.63196113355167705       0.61799904976591102       0.59551658224589643     
  0.31286609489237077       0.29354384924112975       0.39813839000420104       0.31926846291382027       0.35875253214452157       0.34104500099326313       0.37478677092595836       0.38731077795982166       0.31810575925215634       0.39217966498601292     
  0.14287508323388901       0.31128288608973648       0.60910078848577176       0.52916613272664059       0.57813179351367905       0.93734284851714955       0.61247554597993459       0.64600968865570496       0.63379566270332621       0.60901095653812531     
  0.32272439987676937       0.31917442820834552       0.38009220252776893       0.45058253004418802       0.34474772539531995       0.40324655997923925       0.34032045473599215       0.35274240476800184       0.34601633059955966       0.34372408649398850     
  0.15102659498763543       0.32880726121008708       0.62808025140542456       0.54038630218994521       0.58812892459273269       0.94086188274830140       0.61872260748010866       0.65994663042702362       0.64907054929495178       0.62316689908926803     
  0.29024276432339802       0.32356107511857096       0.46092827463845548       0.36463509349400230       0.38630870275539009       0.43764370233534322       0.32946186226409152       0.41712866407498461       0.45450995662367777       0.34653850860598839     
  0.15901271918794521       0.34763733699696731       0.64681129529716319       0.55162369341083684       0.59787253544707442       0.94403786680261692       0.62650804333459087       0.67366719289306876       0.66242987087486538       0.63850639362610206     
  0.31193772002339865       0.34992141402765464       0.35308670235539491       0.36784552457860803       0.40887522678728866       0.31410099727526491       0.36083674036496488       0.37615708950461724       0.30634633814910772       0.35723046716097595     
  0.16820359318309519       0.36634127710536035       0.66451090252010481       0.56242019145402211       0.60713736888999492       0.94714380663209707       0.63396341157975911       0.68847630582783947       0.67470387868418180       0.65361745817739858     
  0.30789688658122810       0.38270958953516376       0.41591409579207544       0.31037172699926224       0.31064602478898040       0.37074623445041505       0.38029949245867573       0.42059206639943525       0.35275399720721223       0.37762663198282403     
  0.17849475160763181       0.38514886790998304       0.68078921978328766       0.57315317792806642       0.61642477865028178       0.95007836654145250       0.64186797147901142       0.70283624116845955       0.68752325818672611       0.66838731258026907     
  0.30812208277483544       0.31475686730790725       0.39764524063602569       0.27902986975796451       0.29149133619932027       0.35546086099859020       0.34126642478973979       0.38728546270001424       0.32366879944405852       0.40174188857708948     
  0.19003440679878375       0.40549779550153697       0.69558613537761282       0.58491541053467588       0.62578846276134303       0.95303289776187616       0.64986609686395003       0.71912298543477149       0.70148957148566138       0.68366167800149313     
  0.30849870686971786       0.36886940874581120       0.38594850974651990       0.29916693653809001       0.30041523222440092       0.34233898225038478       0.36612477184225273       0.34662937248951975       0.32258435897162258       0.38624577892352807     
  0.20230933021205155       0.42578605555598464       0.70928149474200686       0.59674338991949749       0.63620874400450533       0.95604294133869139       0.65800910193359330       0.73560106345224952       0.71591180832699008       0.70053183098242899     
  0.40231363274149745       0.38682784753540600       0.31866929606507860       0.35133355984251124       0.39347436356778909       0.40103108013057720       0.36438853647008124       0.39565116936003303       0.35304578728249614       0.38684415859817700     
  0.21657273988550957       0.44550004558030748       0.72352034195059833       0.60628422802967119       0.64675279929425633       0.95903019204149098       0.66630806349486371       0.75031846652733103       0.73110552715866228       0.71725031734582179     
  0.35189953469124546       0.37047343833413310       0.34617045561088616       0.34749024550176716       0.35371161287753949       0.45734944062536903       0.41305113996268811       0.31024235597377359       0.28870413971329068       0.43375839678492467     
  0.23118696267840774       0.46534676124126156       0.73848081387629927       0.61613538787646349       0.65729136268081878       0.96175687788701714       0.67422909583535784       0.76515313744701219       0.74564718511936501       0.73496518965892144     
  0.35339931442769273       0.36898443703047895       0.35391520462842246       0.33330626849039402       0.37906641376145711       0.46967106943619136       0.35787442388466434       0.36217785202404656       0.28663875489950447       0.39988203817434981     
  0.24679280161990036       0.48561976060171957       0.75209536726095216       0.62781308918399081       0.66761068494136822       0.96438870771044283       0.68192613120719636       0.78002957705865172       0.75924627940620959       0.75269808853211284     
  0.28832556577602980       0.30724152760976758       0.35404924205205113       0.32459797345170732       0.39840971224341870       0.41189472688670342       0.38651943754004964       0.36441340335520522       0.35896625606588761       0.43881875822046224     
  0.26262634483232383       0.50758011297084560       0.76448251986765126       0.63970747717573295       0.67894353905283555       0.96684114960178791       0.68971644506590157       0.79477340786432316       0.77405972165556225       0.76979245717930500     
  0.31359641163613833       0.36543216495159431       0.30458490041651831       0.35338236811416374       0.38425897554508986       0.41402057943866821       0.31118364928294762       0.32381183755735904       0.36959034872721391       0.34460535273835297     
  0.27915915295316462       0.53323072410890615       0.77819748466687033       0.65166014667165006       0.69049064372485358       0.96908546803378792       0.69766615870818938       0.80861681148115183       0.78985090475739195       0.78755809842694069     
  0.34335156021310043       0.35617152355549603       0.35138193883627983       0.33135303055737897       0.31640456741063977       0.35221335552352440       0.41493362432208269       0.33543142059952696       0.31170733544854135       0.32350167357885035     
  0.29793546262144882       0.56093846479622334       0.79449872876703287       0.66364559392065570       0.70363608457630111       0.97133148151805004       0.70634179611913028       0.82249667809026561       0.80546418479463455       0.80833956307306676     
  0.35541901669556741       0.31509921513952099       0.40843529265586209       0.47323507123419695       0.29521645254024792       0.45684454897395460       0.41810623541986452       0.33518041688453010       0.32192481711521592       0.37983668504974150     
  0.31465396024917724       0.58640658025476988       0.81231688862360141       0.67559355525497322       0.71670100710469176       0.97360530280021329       0.71565279725265796       0.83678413523869166       0.82088400484781210       0.82840327006061365     
  0.33649653953954056       0.30984301748252085       0.37920915577507497       0.35746146902169496       0.33186056742048520       0.36296481399700520       0.39102858504929361       0.35227592514467526       0.37035559754160108       0.41255948057042879     
  0.33432398342878356       0.61137273998241748       0.82910123988908890       0.68809341373750355       0.73131768005646813       0.97585393657237174       0.72565699132182759       0.85213937989004251       0.83593350068375305       0.84612700562309673     
  0.33334457654448896       0.29432402228136911       0.36639898497232837       0.36450874971017316       0.41397954593948988       0.37738878496303274       0.35599393538825241       0.34587617316331487       0.33044916151707421       0.44801519289103925     
  0.35380550373085567       0.63653865699774093       0.84652499598983799       0.70141487369908428       0.74667640523723011       0.97814405114983893       0.73617773252767238       0.86848194207804030       0.85082564900737256       0.86313074097572462     
  0.33217687635528942       0.31719181898424170       0.34690492097519182       0.38389048264529557       0.34281824375178060       0.39866674398579860       0.38751331230030239       0.38934274157177146       0.36130361161820307       0.40460463725195955     
  0.38083682058118856       0.66336329216101320       0.86386020136763253       0.71666890285182716       0.76269912776991844       0.98062586473026925       0.74658569082500392       0.88393618339449898       0.86693861499418545       0.87955147921771015     
  0.33583581407065077       0.32811269849984481       0.38821156076622121       0.41234534097830983       0.35724329842506131       0.39822026856833004       0.39663966606080281       0.35616639719347198       0.28794013187659173       0.39123811203149872     
  0.40833150733367307       0.69431310467937024       0.88058119091433773       0.73341095955568558       0.77991260806445029       0.98262748035668135       0.75754919183899483       0.89865898450843162       0.88322944453966334       0.89581768280463547     
  0.39280659529407252       0.30922784719330737       0.33328931540955697       0.48582486411060438       0.39645778726620690       0.41794672094178159       0.37591573350950208       0.43070153126330768       0.38381943407694025       0.33913873305290121     
  0.43983695383242566       0.72724658736589010       0.89508814945256610       0.75040718098585224       0.80047395935416399       0.98458453924886080       0.76915898815999084       0.91173273448371817       0.90061405084390223       0.91029710363746941     
  0.34605934995197341       0.40339695028986722       0.38807726323751635       0.46257678538032992       0.41431459654117980       0.40416763447020099       0.45899226056611270       0.31438020166798258       0.32616598355169707       0.37195196501060257     
  0.47738613357402243       0.76365230797953054       0.90931776974938994       0.76767598190305164       0.82074994796730394       0.98624561404847944       0.78180573412257026       0.92412285360188950       0.91822993374734474       0.92515326931450503     
  0.33582174140802423       0.33996132224171521       0.36900679135855025       0.51370306706227176       0.35819831054788909       0.38283037605952258       0.28473201672207815       0.38799297355800372       0.39127201646458437       0.38212682503365714     
  0.52044716598342755       0.80361557997319988       0.92363900667120324       0.78608261463831697       0.84228426848622873       0.98773354031342275       0.79600478299715116       0.93636384052025634       0.93320272327675924       0.94068314618193127     
  0.33915733037542467       0.35680099049966674       0.32107357176699192       0.37300864869427713       0.32092339168285083       0.36867576605682323       0.33753824641332808       0.34471137809632774       0.32886254508935125       0.37719948900764855     
  0.56723953799551841       0.84581408152965942       0.93773628893438843       0.80530495678221081       0.86964888099880422       0.98928671477624208       0.81142676963303240       0.94928307208110052       0.94838475893034524       0.95704475230411101     
  0.31570781173590878       0.32643849298648547       0.41411538993166136       0.40589931418521863       0.43403384323715177       0.49094812354779266       0.33280176611804385       0.33762746799952265       0.36574983854316517       0.41809088195693817     
  0.61807184789011993       0.88341640125568910       0.95235682909951791       0.82739040317575197       0.90259738622292141       0.99106740889578038       0.83172317702011767       0.96143709271755773       0.96147446435787842       0.96985441094989899     
  0.30962960327537226       0.38132832906084113       0.37184200976171516       0.41093499572097886       0.42886319193219391       0.39445091270081001       0.43391805066218314       0.37033833317609777       0.29915172571595616       0.42953724317489411     
  0.69851160088946251       0.92062626185799201       0.96881062566624798       0.85260821362836969       0.93407684137736480       0.99304248368303061       0.85792824029298032       0.97216015202816430       0.97461030121082226       0.98269189142311131     
  0.46833199930974317       0.28541132921578211       0.31532068633292110       0.40214466223756073       0.41145692048425514       0.39755334479037263       0.37863054811819796       0.28110369314129124       0.33447035566627559       0.36014604832535363     
  0.82387338139547606       0.95738209984220490       0.98468224381724889       0.92006063156412143       0.96771403370553111       0.99640793032909780       0.91301507629811829       0.98584536233262854       0.98741438356839328       0.99146709689560641     
  0.35007286335317239       0.33987906901659143       0.39237851419566433       0.48013935655238249       0.37390583922700649       0.57819783235859268       0.46192183875439857       0.32507461537207133       0.31332421425543777       0.37220417799920741     
   1.0000000000000000        1.0000000000000000        1.0000000000000000        1.0000000000000000        1.0000000000000000        1.0000000000000000        1.0000000000000000        1.0000000000000000        1.0000000000000000        1.0000000000000000     
  0.28429111212494085       0.35757930321762899       0.34545247731373757       0.26668997723941068       0.34837122085788158       0.48912704727921608       0.27339165914327257       0.37763958395132319       0.56640442134704516       0.30700874725776001     
  -12.513681687004386       -21.848359878377984       -11.085307743800699       -11.219849128133900       -14.223445053383751        2.8010225943539071       -8.1328915803993507       -11.871731199742509       -11.458264578487947       -12.950084656894990     
  -11.453513107754789       -14.517589656098055       -12.421113027264777       -11.228498459945332       -12.456365646732985       -4.3438781629526941       -11.988293992938875       -7.6192638713326550       -9.2533640303197071       -11.928999645384824     
  -6.8249442170187473       -9.4759108610659872       -14.212041751260919       -10.444655564138873       -8.7031885475095390       0.94560702787846052       -10.897053153688063       -13.277164583739209       -13.056648611715831       -8.9433911208059733     
  -13.151653854212075       -6.3798434362739451       -8.1982393230647084       -8.3912004029397895       -9.9507261284870623       -4.1987222604266368       -11.906174770461922       -10.592975927509693       -13.477025696581206       -10.445819009450284     
  -7.7630950724990697       -5.1944213243581228       -11.111211808935051       -14.562823667781966       -12.213800810221962       -3.9580132292377059       -12.369569830787205       -10.742555912383269       -11.744068384113213       -13.345228404852669     
  -11.187822383773137       -1.8308870392768162       -9.7852386518735841       -13.102349004000891       -10.409653055350974       -10.823389121490994       -11.546919869807668       -12.459684725356190       -12.728509702139855       -9.0294706860233624     
  -3.0002220507758279       -1.5124751109062347       -9.9136360395636736       -12.203485569813100       -10.569226134334198       -12.701615703282753       -9.8688393182802923       -11.098903873386142       -11.266726391657457       -9.0046309888667864     
  -8.9118692398214829        4.6821007003927999       -6.8891848316876017       -3.3681630723512299       -7.2179425231802883       -12.631162899987364       -10.177015409731354       -11.105683093888009       -9.4351192701518833       -9.7528634966493648     
   1.2719106696173402E-006
           1           1           1           1           1           1           1           1           1           1
   1.9105635393396428E-006   9.8534619552936709E-007   8.9582941441909705E-009  -11.702854119155779        5.2351394542697738E-008   1.7159901784006152E-010
   3.4640746168189070E-008   2.7734528347022710E-008   6.2292657769003067E-009  0.36698333657382382        6.2244672923198589E-009   1.8983825375945226E-011
   8.7645191026451876E-003  -10.532662950763564     
