   0.0000000000000000        0.0000000000000000        0.0000000000000000        0.0000000000000000        0.0000000000000000        0.0000000000000000        0.0000000000000000        0.0000000000000000        0.0000000000000000        0.0000000000000000     
   4.0579633512038906E-004   3.6999951712100706E-003   1.3215586667793168E-002   1.3681853914416864E-003   1.9279572064999195E-002  0.45231548154553092       0.12600731102257370       0.10922846741567155        1.5353529759256846E-002   1.3135939142880188E-002
  0.37462207051692675       0.49180097407336076       0.43716920419915145       0.42946531729841309       0.33528111565330881       0.35377091812413292       0.35479444896564899       0.32820009436607694       0.42933132176470923       0.37344594321205704     
   8.0048901330526795E-004   7.2203354240809236E-003   2.7060596061541587E-002   2.8312349200676147E-003   3.9375162574861344E-002  0.59667957929747228       0.18174608589450497       0.16913783868845894        2.9255447574033602E-002   2.7204060293768140E-002
  0.42928004214443161       0.50475117634976441       0.37248812261397463       0.51290767540635440       0.38076716528660876       0.62651990067441421       0.57547641724396448       0.44527073601467154       0.41064366884955439       0.38124699134022777     
   1.1943467230220617E-003   1.0495807659694024E-002   4.2390952829671244E-002   4.2611523072018532E-003   5.8884460219547505E-002  0.65401887923526136       0.21107321688443265       0.20069949774608051        3.9542360713755852E-002   4.0181430607338711E-002
  0.44571128727945630       0.46122153969494900       0.36494699700774991       0.48967599683459945       0.38453872427987024       0.53712268025627952       0.46519267569101153       0.41834420887547591       0.35448449441820457       0.31142345161071133     
   1.6858867728616110E-003   1.3774356994517855E-002   5.9142095267222916E-002   5.6745419212356563E-003   7.9551430226073111E-002  0.69359240165580660       0.23424277076129035       0.22222437754292265        4.8259115345653136E-002   5.1637041452572065E-002
  0.44216949584542586       0.53545267124954743       0.48188700761391950       0.54725820656966950       0.41539600421018263       0.47172738657437846       0.39300536188602092       0.45269913051164423       0.39784106560747801       0.34827288325121497     
   2.3251295558687573E-003   1.7087044986459320E-002   7.6442012912983470E-002   7.3195790501988534E-003  0.10030726415515565       0.72332565517172698       0.25372383735400644       0.23855945333385856        5.7086130195331541E-002   6.5357606862850234E-002
  0.52675750696740231       0.49570175023029089       0.49336371123116279       0.53816297311903072       0.43364464012192955       0.43057434739409750       0.33612455813106129       0.43237633227826522       0.42995750593839355       0.39052640336086691     
   3.0114508967820485E-003   2.0470120559798990E-002   9.3846697195371767E-002   9.0669437768285486E-003  0.12018074173117008       0.74831432621227101       0.27035161977673117       0.25298053753051003        6.6125070036262487E-002   7.9606203145984822E-002
  0.66813326502279458       0.52329667920309120       0.41505806704453790       0.49023161429285994       0.36107393215799327       0.56321461580988830       0.50276788293549857       0.59540402761377176       0.38948917660833943       0.37816963743909748     
   3.7533323547674683E-003   2.4005334359830804E-002  0.11043180738019144        1.0963376181796648E-002  0.13924001836146094       0.76984397006322691       0.28592214780423969       0.26559789083646401        7.6955389128952376E-002   9.4947740500506736E-002
  0.54296943170564149       0.40778754958985280       0.35061144870958721       0.48674227930677072       0.32138324423424952       0.48577046972447624       0.34887727952929831       0.43816998616203151       0.48860134144951495       0.36900506974228725     
   4.5732792344381273E-003   2.7807236220945546E-002  0.12646671356613043        1.2849603873484623E-002  0.15712357983909869       0.78835633788907900       0.29933937696344948       0.27602619592046473        8.8653637827960347E-002  0.11168632676411015     
  0.64038960089978425       0.40571859485220385       0.34592544056541069       0.62068009532033275       0.38141940683984144       0.52481203110866204       0.41035361218068517       0.43331803363363647       0.39191074247145447       0.47749304156473588     
   5.4430905536391114E-003   3.2163284291895064E-002  0.14195505384013429        1.4768448440554657E-002  0.17359880204870529       0.80415316626472688       0.31153050275150823       0.28563069054209755        9.9929555600063003E-002  0.12872393497439918     
  0.54079743768917155       0.38874129378273409       0.45937806943746823       0.38292466757978683       0.45742405972038941       0.37079398339503983       0.36156123847203309       0.36805372279735554       0.45280930135137448       0.35456743033722443     
   6.2969332200293457E-003   3.7173987984800594E-002  0.15626566446982160        1.6788927257502646E-002  0.18937598999993427       0.81758488593288359       0.32268442696333560       0.29547252584831468       0.11192856555716263       0.14591644939469514     
  0.43438586824797665       0.39840529611066133       0.40427583933984262       0.44330391002749792       0.36410655079314536       0.33937106753948848       0.41179936494704317       0.42692700100128578       0.48348438167444291       0.41284752652107254     
   7.2440518822875222E-003   4.2591681922381192E-002  0.17064419036002024        1.8983926519821413E-002  0.20488125804618773       0.82996089126407213       0.33441048510332883       0.30577860724175049       0.12445828429983476       0.16075947428718348     
  0.44606446980296827       0.44935076056932821       0.40326332373274393       0.49958696494472338       0.40574486730030929       0.34695069797537326       0.46490942825670056       0.42102702837566086       0.44539847570514329       0.45688172774386532     
   8.2318861825951863E-003   4.8165041203585966E-002  0.18552743526779847        2.0966408066246625E-002  0.21961746809020216       0.84184928718587826       0.34601555437132059       0.31627756135792434       0.13684400455260251       0.17386379355356596     
  0.41425730318209530       0.37026246952176545       0.40729130850572615       0.42964557596853115       0.43760090309510086       0.44491492561044049       0.42507446807094962       0.47472361818200848       0.47336840669954788       0.42281710245134108     
   9.2337797464912760E-003   5.4090719952945392E-002  0.20065338874037644        2.2811853072162831E-002  0.23361406875698990       0.85303488779412839       0.35665536313172630       0.32604080031784805       0.14949158252587730       0.18651357395544862     
  0.49519664523176699       0.34881926099149146       0.35368370341479416       0.38134100368218521       0.39944091716978425       0.39686704746058171       0.40070149002514643       0.44963813772376054       0.35146321262896751       0.37854711926856571     
   1.0265932090280887E-002   6.0651499535303841E-002  0.21608625787266333        2.4735085030560124E-002  0.24766365242917801       0.86226221002674119       0.36692790307572681       0.33564335218286862       0.16307113240276111       0.20005379099845963     
  0.38251053990492834       0.35961845548536803       0.47194390526503499       0.37562151692089146       0.41455376957305429       0.33689086236341420       0.35394516228389117       0.31840663419731291       0.46636239120278189       0.33897020819881085     
   1.1331521824289545E-002   6.7683999458223870E-002  0.23189863413630346        2.6865103955286216E-002  0.26189759999073020       0.86988544487764674       0.37739796330890307       0.34465273920168926       0.17717754366037206       0.21620055752640346     
  0.36725989539499970       0.36635995520164338       0.44999660610185838       0.36798127849647422       0.42836166595812458       0.34007480677644492       0.37598344871478706       0.47313896973287772       0.42028436748383780       0.38602336575501262     
   1.2449961679788952E-002   7.5656355125037308E-002  0.24828883580851846        2.9315179176046098E-002  0.27612692918779358       0.87693575640509380       0.38803042881646882       0.35469055530325860       0.19194236121505337       0.23331497943812576     
  0.41065626513357451       0.31285409917683588       0.43297469830916580       0.41752447953961946       0.39463969649958114       0.37018462004495650       0.37776257049253825       0.40139707901092597       0.36765513265114780       0.52139927001524378     
   1.3619665857969804E-002   8.4299057075052516E-002  0.26465505865274547        3.1891764487948344E-002  0.29017642245653003       0.88390357045309331       0.39858389700057822       0.36438551422233229       0.20760387377482598       0.25037837730516171     
  0.32921944683724441       0.34168242331211629       0.44419828057041505       0.37434298861888765       0.34986990683388675       0.38563095468662778       0.33107144640010061       0.37691809563426393       0.43136111498597729       0.38863271782448816     
   1.4858986589717257E-002   9.4141789769832576E-002  0.28100388437519669        3.4836709763438355E-002  0.30403307502852561       0.89147095106446650       0.40898396848413404       0.37344714579849425       0.22345362426911128       0.26750517673487334     
  0.35769419482276549       0.34693012836758974       0.43288943956884446       0.39187701247210066       0.41326661677577603       0.34490578095876762       0.40686824451209919       0.41577696833355693       0.45919462234698144       0.46193864996414707     
   1.6177869665864056E-002  0.10462358499404566       0.29757787492533944        3.7913272493571397E-002  0.31803390934469317       0.89847118787535074       0.41971568608041332       0.38215839995890988       0.23961964554652335       0.28452145867692075     
  0.42529991785041871       0.45961997439116270       0.39071834339380473       0.42234960680102862       0.42516457819364156       0.35649292963013246       0.36950735678892482       0.37765320033743333       0.36662367153309461       0.44076332554851888     
   1.7570839339054126E-002  0.11518220120269421       0.31398037547721935        4.1053315343920635E-002  0.33125101753971320       0.90491744772050342       0.42998080344883688       0.39092825028323314       0.25587704152475782       0.30245741399734039     
  0.35660457926192757       0.35322151891381109       0.41647973805764360       0.35083380998037722       0.37171575959529635       0.36659787944543831       0.40123931448462197       0.37236810418417582       0.42237889198707412       0.46838817334978894     
   1.9029083816799006E-002  0.12625142705526771       0.33047462669197736        4.4303733662486099E-002  0.34433048893023976       0.91054470485717132       0.44182351584248120       0.40140187258740606       0.27233938497960902       0.32049492878132291     
  0.38156359180238997       0.40670739906893949       0.38518447091226909       0.39015312900966620       0.40647466816577588       0.32571554180973272       0.41112851630437491       0.42197487480344154       0.37427891812233949       0.40310567400872910     
   2.0528027066907716E-002  0.13845287803593834       0.34709172745619749        4.7678021249901475E-002  0.35714147064340468       0.91601574441070233       0.45357510019221031       0.41292003020942825       0.28908979286462871       0.33947211749293199     
  0.36225811000298780       0.43802306321166345       0.46501688057276414       0.38208461829331414       0.38781140276695192       0.41899591822204868       0.45249961809505707       0.46196442786416614       0.36139533471345514       0.39464022184450831     
   2.2074428189476095E-002  0.15159877939944480       0.36333519605462938        5.1146564253741485E-002  0.36924911015474232       0.92118490174290069       0.46332749700780479       0.42518309469736770       0.30561521421681481       0.35807134025311754     
  0.43820133446348974       0.35455420318102127       0.37986324077487216       0.34236707894695856       0.36368353204773118       0.32722920724661125       0.41105317174999362       0.45794321349648737       0.40820901326745679       0.37508783405904023     
   2.3725074054307023E-002  0.16503557177679873       0.37943041837910590        5.4834497122563455E-002  0.38301596522168474       0.92585512999348529       0.47293325312705103       0.43698152918472455       0.32234094595637380       0.37571773781562889     
  0.33792456346805666       0.43650304888301683       0.33014676716869190       0.37261813679372352       0.37671350226645545       0.42755958468563932       0.33872703698461087       0.36664279998819627       0.39790025276103985       0.43840533104185381     
   2.5482103756471284E-002  0.17970288793946931       0.39565398272171898        5.8438105473300236E-002  0.39934438882029727       0.93016044418565247       0.48298671367052332       0.44820708664385384       0.33906284506011247       0.39269566657915478     
  0.39303711325486457       0.40668897056347503       0.39993749406789808       0.35684681391497874       0.35866858119475187       0.29900764729407597       0.42918671907757433       0.36435320733608184       0.38292822498692636       0.37604867320853069     
   2.7353614292031384E-002  0.19167704135664149       0.40990234500978973        6.2120429399534140E-002  0.41170215145770828       0.93423021738151135       0.49092441123009023       0.45944176011352478       0.35518163702272804       0.40915212968386161     
  0.43060980453221981       0.34126422969775289       0.38731018870131223       0.37879753039583947       0.42577321802089169       0.33525702415613745       0.35691127389873289       0.42815312067608141       0.41167489355305542       0.40290044922927382     
   2.9360306787905469E-002  0.20505843218822672       0.42472206628472092        6.6348338060649700E-002  0.42332544454931204       0.93810507506754393       0.49884373468244558       0.47119666074994565       0.37078984788846753       0.42553242036040034     
  0.36010766389892968       0.33656884948277055       0.47938255034096316       0.35755047072015245       0.34863255967942225       0.31079082621775034       0.38029690872445854       0.39327095646515853       0.36421360823883653       0.50321306358651641     
   3.1492164988765975E-002  0.21976472475205464       0.43934781600924183        7.0805680067015611E-002  0.43425553522874161       0.94161789889963710       0.50707134741838600       0.48388779518960023       0.38654159861935461       0.44109136105684688     
  0.44004998378668136       0.34016073399269364       0.43293618774742459       0.42312687927362724       0.34665117870979945       0.34407615458324148       0.45389510646502707       0.37442051926542202       0.43145294169393433       0.34756456113714568     
   3.3718255780302402E-002  0.23563307896442617       0.45439291970476930        7.5326211434870949E-002  0.44644757171981719       0.94500258427209904       0.51512921889312469       0.49701971707798431       0.40344695308095624       0.45646378629013162     
  0.39268495548760063       0.42347725378794232       0.45791820652057985       0.45975207307411808       0.37395814121041321       0.38202779120857511       0.33407992857715751       0.44863467293156178       0.41279355042898669       0.40744857331537571     
   3.6043904680072444E-002  0.25173385593693015       0.46890436613431724        7.9833511381448535E-002  0.46078421463446417       0.94838272283223679       0.52417527440470124       0.51053670565523790       0.42032783123942991       0.47173503635285935     
  0.36570391863045404       0.39729985866507944       0.35271604694224662       0.29128359464521253       0.32132580073906675       0.39100095471164720       0.40716459453070247       0.42193386226604762       0.42642438358790002       0.50727221653987653     
   3.8546555130012664E-002  0.26802844409607002       0.48299806612502211        8.4397322318253504E-002  0.47591580711330295       0.95154195782500184       0.53378778449038544       0.52389917434835642       0.43815414578870215       0.48649763574455424     
  0.45720330993087527       0.36572201756189254       0.36532796174547966       0.44259546892232798       0.46168906768171220       0.40022937177873524       0.46604443436131138       0.37836718560628174       0.41190950055185216       0.35140131060821095     
   4.1218023246710554E-002  0.28446254197623544       0.49763636460958077        8.9190172292202552E-002  0.49133810464355832       0.95447727993779719       0.54292666380478116       0.53725965621069005       0.45564124694424474       0.50251263848656524     
  0.41024773508455470       0.36435412054130256       0.41751140684524413       0.42887225132637047       0.54200750489014893       0.37593690810388708       0.41106947042610015       0.31981296096441703       0.37168648773876456       0.37488591173983399     
   4.4029005226552669E-002  0.30196087736513494       0.51270699348865600        9.3946182687413476E-002  0.50659538460437348       0.95722979163778488       0.55225132224618645       0.55064169660342044       0.47202439297066695       0.51841506077512811     
  0.35659536367862449       0.33404216612609600       0.38796128544266439       0.31418549992530742       0.39548396083071097       0.36005156862693688       0.46680352506618317       0.39207057542132112       0.38964360960049849       0.48789369045045133     
   4.7020433730495165E-002  0.32156746097986633       0.52814834843610259        9.8790224201930302E-002  0.52162496630374178       0.95987777741640323       0.56156013828868434       0.56421881165065846       0.48851192170041430       0.53347401353165813     
  0.32080370196144065       0.37531353606850082       0.38884084453967604       0.35093887004972479       0.35218895689771346       0.30851690377782759       0.34473910252017048       0.40539981654924384       0.41215521297270452       0.36623530737637638     
   5.0187206957210857E-002  0.34045617487609287       0.54337236909962949       0.10399125795808857       0.53638201474689828       0.96240643299068129       0.57110411129559036       0.57810185610599107       0.50534896585827460       0.54849243650398272     
  0.35197728507170722       0.41502481871750968       0.33231297194058912       0.37073586843537554       0.40073087905732840       0.39074895228621109       0.44962568486585730       0.35304053600539853       0.43235857059780064       0.32059730346204557     
   5.3579046108778165E-002  0.35808123325664865       0.55822049105223215       0.10963431951538991       0.55086837767283758       0.96470444157746060       0.58032996833612605       0.59243511113956127       0.52354685413248558       0.56360365391399103     
  0.36986778606968579       0.36500970636247482       0.37507018731141140       0.33836025634722861       0.43763918309459915       0.33898175778733652       0.52017462406932236       0.45156452834999200       0.50669458721069915       0.35733313947868861     
   5.7129416535401718E-002  0.37532705795781246       0.57452809099109969       0.11556972998521566       0.56543872314497645       0.96686446529786318       0.58978481635949198       0.60671879387693084       0.54188687054764118       0.58089331675031641     
  0.32775978850537557       0.37257256221211998       0.33788540505915077       0.38244823089358670       0.37205636368134049       0.31112738164997705       0.41646125378355769       0.42979799862014334       0.39011203022143637       0.44966688906391933     
   6.0719554035986098E-002  0.39215397218370751       0.59303118448162473       0.12173720690298030       0.57911808685612176       0.96881558512266031       0.59933193511249949       0.62072866401461946       0.55895947180970684       0.59979521250801715     
  0.35812372331691994       0.43925694092525336       0.37204872576061593       0.33406342361444741       0.32282779304924519       0.42111563231595561       0.37392877181621537       0.58199442469461526       0.47375599752568409       0.41220088298878044     
   6.4541324942495870E-002  0.40998415984610675       0.61016208793468296       0.12776248712940247       0.59214260880944192       0.97070171294391216       0.60696076839546020       0.63442242078094058       0.57511823446343424       0.61453924092150025     
  0.38998385694634069       0.41572284972542012       0.44348957861779253       0.39542371305885926       0.38715132772169852       0.39069856339300318       0.40516227272233019       0.44815554668074514       0.46307984524074591       0.33656617302006053     
   6.8629423682050425E-002  0.42776899657482570       0.62550995480280169       0.13389883251725351       0.60436056149492468       0.97249236305244735       0.61466509548046433       0.64794811683137143       0.59119870082585890       0.62764921794839046     
  0.33861433567790505       0.40868250190261046       0.35489248958221609       0.32794779132531232       0.31390887103077492       0.34775631269832713       0.36850453040899972       0.33972501078019268       0.42372900609155961       0.45524472400201033     
   7.3143689328377670E-002  0.44902979499923013       0.64144830785500639       0.14080617691203612       0.61674670365209305       0.97409487401187744       0.62263008055769009       0.66218678880939641       0.60820896547270198       0.64543535328334367     
  0.35179886107130709       0.45391320117050088       0.33153068481512177       0.34563940147767486       0.36928410020826785       0.34740480540794733       0.41483304201782861       0.40298495446315030       0.30823070372751027       0.44410557621805491     
   7.7972813612418590E-002  0.47037016340070625       0.65813260120679584       0.14848486169533984       0.62910484820675117       0.97568048958158582       0.63120448537142038       0.67557643789479638       0.62615394103017541       0.66112111994197809     
  0.34934767203282507       0.37167586932723901       0.42967266541184251       0.39723718625891252       0.43537442223854694       0.39564054544905203       0.34852306647133963       0.45963392888763899       0.35969117938146328       0.37061372202107651     
   8.2955462548016737E-002  0.49265973109943456       0.67590057715773411       0.15694655441166519       0.64249247228285944       0.97727657751176422       0.64085984232527793       0.68700898826705747       0.64414199611580880       0.67577632418447175     
  0.36123105254399918       0.40129438085805319       0.53960612695811450       0.38442069226532427       0.39811819321013209       0.35487880231169350       0.45445029302897283       0.32210284483895607       0.32878137601096674       0.37374009209161119     
   8.8171999628865738E-002  0.51566314972511151       0.69388949048445148       0.16586177765654020       0.65636894711859495       0.97887011073167973       0.64985431004609795       0.69784907891312331       0.66167468823967535       0.69091380834909133     
  0.32321621856105331       0.45498593414020627       0.33191002473089931       0.34194364349300732       0.32823857481809171       0.36105762676112901       0.40913232905997421       0.41921434025874738       0.39416158870923429       0.38628783482642315     
   9.3729763712684128E-002  0.53906792301459749       0.71017338018947962       0.17568264504958386       0.67143589529887016       0.98038873089281264       0.65837915409898640       0.70904433958678381       0.67839641624179015       0.70648644390303994     
  0.33081390268685373       0.40732948755260245       0.46604612779519278       0.46119207652024558       0.44942432148367406       0.38259854869105481       0.35750356516574300       0.31838047867100810       0.35209291351218014       0.40226160088001328     
   9.9883813063320045E-002  0.56205604409761389       0.72570161967533398       0.18561563722914512       0.68522929759707518       0.98174163168300899       0.66664008956502763       0.72225764581473750       0.69495220218794873       0.72198023574487302     
  0.34881894059704588       0.40139202476980690       0.37830787533612309       0.37401498437751451       0.40116703365368589       0.42382691313982002       0.41366249554553058       0.36250819150361940       0.31685795552527563       0.39567813278917713     
  0.10668002884786898       0.58628130755810726       0.74155708194217840       0.19618802133768318       0.69849801915877319       0.98296995009877186       0.67497874029103344       0.73806931729094194       0.71122098296944203       0.73638698325692609     
  0.34866749089954863       0.41045327314539098       0.34290838624923492       0.33531205477544118       0.39685489671827517       0.40802579552584006       0.34838423589279477       0.38716745588928836       0.35170273714122641       0.36609399373163337     
  0.11417949442253252       0.60740767652274186       0.75720072720969844       0.20715332629871844       0.71160202876966161       0.98415515571771806       0.68393137366273726       0.75455046051819863       0.72928120469208790       0.75118052580056305     
  0.39474841479989842       0.38229110034559488       0.43035270065956915       0.32650187929893359       0.37334003203573990       0.36811454918887376       0.44919301767164005       0.37830047338584860       0.45624334677320078       0.39704666633470198     
  0.12194716747354807       0.63024058662754290       0.77093692067615649       0.21888550932830353       0.72525757948159397       0.98538578725833914       0.69339366265406588       0.77196919385237983       0.74936284897128957       0.76684284132643354     
  0.35973531760238137       0.40369715384929888       0.38453243430367867       0.38538245831871082       0.35865211912853023       0.39962956672036037       0.38481271733790628       0.40825496314605902       0.38125001436358008       0.34636780560278546     
  0.13040523514039101       0.65183507235600580       0.78285940286128397       0.23123730967552797       0.73876496875839226       0.98663640475444436       0.70296834334974512       0.78941143153448834       0.76833353056995279       0.78111788644966318     
  0.36307551361789353       0.37453097161627757       0.38297482904592761       0.32946736228564466       0.31615946960433200       0.41288667965399478       0.37553144914460479       0.36399265212854509       0.40725878518670811       0.34398021700443171     
  0.14005295226151157       0.67328569078222233       0.79523090134380536       0.24475173100883219       0.75159322658348005       0.98785857438976554       0.71228107363918292       0.80600473001870243       0.78607548977314767       0.79536516087891407     
  0.39024271571115743       0.37002673278034803       0.38518557470633130       0.44884813368374532       0.35899218173759773       0.50491047936800437       0.36247780294719661       0.38760015867753311       0.39746114959442785       0.34918349197372811     
  0.15107095420308783       0.69300010670796663       0.81071539540818116       0.25944383749046729       0.76436517678168869       0.98901855719812426       0.72163914030234932       0.82267411078095765       0.80332510220851683       0.80940668578639119     
  0.40686852190782297       0.34629884125498051       0.37040475781326831       0.37108049900897055       0.43165204812929497       0.37932583512661366       0.38613843025247846       0.36092315225411498       0.34387702454492808       0.42985690609068117     
  0.16362822137569638       0.71567181826153747       0.82967429607526377       0.27537757884190572       0.77796065397264980       0.99011668811751830       0.73112684496427149       0.83991734295306175       0.82020014314278711       0.82597532966429676     
  0.35602650185320422       0.44803209856207027       0.45844711972947727       0.37509716962380063       0.42802819151182847       0.41105221747690823       0.36767076141305777       0.36439055242873619       0.41226630192966396       0.41951961238715041     
  0.17738588604893973       0.73989831260819816       0.84594631784524332       0.29326482877639087       0.79189740834033229       0.99118490585171581       0.74090242674099971       0.85733924452339316       0.83768803089769617       0.84366052684414383     
  0.36021758312916841       0.37139931091671585       0.39783424632653636       0.31212626956332057       0.40939850165491903       0.45833276109549315       0.38917329498685016       0.39385135439811170       0.35357952710349233       0.41022311656810417     
  0.19391999000422092       0.76614939097635770       0.86131590720957674       0.31411924678177988       0.80564823632177074       0.99226021756726290       0.75095091341567022       0.87324091087678746       0.85504137853749684       0.86029015894574379     
  0.42213694887966158       0.40528586069913014       0.43043843743012494       0.34925835059160598       0.46105470415136024       0.39664274793547649       0.37850761772342428       0.35328903613970308       0.42172607457276190       0.34700357326799963     
  0.21282471406489165       0.79122864775309398       0.87665530311357220       0.33832989782602158       0.82052293938844001       0.99327965154971232       0.76236416307999921       0.88810006505236294       0.87225416414695345       0.87579693037705264     
  0.47491274970617536       0.48415415556401575       0.35921436012723440       0.42381314431131983       0.43373564414467519       0.46534487416921350       0.41263119616203148       0.41173776128630690       0.35168450698972525       0.39942198179847871     
  0.23570192688201896       0.81522906019994801       0.89244370139450901       0.36496370193100958       0.83609624258500037       0.99417446204932813       0.77522388400817510       0.90315812672987161       0.88984164887424666       0.89018137365445504     
  0.36725370784956141       0.36676756165590990       0.37426870745691493       0.39527200273770441       0.45659348719382264       0.44109614002664377       0.44110215704789379       0.39785585943608731       0.38212461933082070       0.39556972764013271     
  0.26325683567360675       0.83726841755861303       0.90948143398780112       0.39384301268140876       0.85221673583373947       0.99497842569805428       0.78806501252824179       0.91894044044937884       0.90806154674990347       0.90480248145651621     
  0.41637947871537945       0.30428565812562641       0.41208693618999614       0.47120629545782405       0.48129860628532667       0.43085133975294204       0.38093558333512578       0.45262196678769173       0.40065293862673385       0.43480494518776247     
  0.29805501675280416       0.85750442253195647       0.92689123988174005       0.42632128046350326       0.86946152865733728       0.99572140869190850       0.80071332755931557       0.93377271841026699       0.92618917354360164       0.92026338645544847     
  0.41306990934697307       0.35023941989601576       0.35425147019901659       0.46152964818441705       0.35321747636519180       0.47976213322723943       0.35537968757796917       0.38631048619096719       0.34320528648575410       0.36465941903733501     
  0.34281038118548701       0.88389803055782978       0.94437181757757138       0.46592935303238575       0.88851519663903400       0.99640797741194409       0.81394419675556839       0.94670141123940155       0.94344742950713745       0.93722148815040240     
  0.45390117024459536       0.43872314938787826       0.34588601344956593       0.45874348088494438       0.47763593640734375       0.55436161061599265       0.34026940134195482       0.32941899944156705       0.39423547483852056       0.40092220986553062     
  0.40321079133316884       0.91487258772989632       0.96163070420840391       0.51465947314178584       0.91014355286292992       0.99713468182173226       0.83014645743561755       0.95953564645119538       0.95944588875862602       0.95348157173339343     
  0.44444346798893264       0.44436145724807008       0.46140616607575674       0.41669675719718585       0.51624042420751137       0.46989684568892903       0.40676718778083093       0.31119196030403529       0.37434898876092060       0.47259489571279945     
  0.49961796144867826       0.94517426608256527       0.97708825130536836       0.58626551150356898       0.93394488770925543       0.99788233877455401       0.85427243176557222       0.97257815424092409       0.97429063719153031       0.97003181005306938     
  0.53033285994559620       0.42989276545925009       0.40588089818993112       0.37474183108382714       0.40639676234669336       0.60181346086544119       0.42682048316449372       0.33819373202214104       0.36637192020533182       0.37664494991032155     
  0.67168327008587314       0.97377898310309818       0.98923470392142798       0.72909363354072165       0.96567820496267420       0.99876933869586115       0.90173282116447862       0.98662081017065173       0.98797254261218603       0.98517320318076063     
  0.34003709801336379       0.45686809846554122       0.38310105845290199       0.45893061229777121       0.54695444883475142       0.46805305359714111       0.46614909518201486       0.37635431371027639       0.41313517931704319       0.48033113209922451     
   1.0000000000000000        1.0000000000000000        1.0000000000000000        1.0000000000000000        1.0000000000000000        1.0000000000000000        1.0000000000000000        1.0000000000000000        1.0000000000000000        1.0000000000000000     
  0.32784345798620568       0.36873186261132179       0.34445782138357678       0.40927735648763519       0.57702227920601645       0.35799801579817747       0.34762997363575310       0.38092141017487946       0.36219771841103493       0.44609023434415301     
  -18.451582012249514       -12.721066323006893       -11.130039524581976       -14.723279718493618       -4.0535887271897488       -5.2123803531859085       -9.9860527392910097       -7.9711551555852393       -21.059988618284045       -8.8180223954180530     
  -6.5150358837493103       -19.322104900970032       -17.793421746340044       -11.230902579737089       -8.0880987350186739       -3.3593418692445853       -12.151184848072637       -15.154151905581630       -12.183630999774437       -11.762036479634688     
  -2.8570916219394213       -12.739792236160490       -8.4097580902193911       -10.040626906202899       -12.999918403501619       -4.3775219147092361       -11.468014079585632       -12.310947519178844       -13.179680455177790       -9.2319852747488369     
  -2.0056142034051883       -8.0594187815891907       -10.580719862728760       -8.4739539689912764       -11.711845846648192       -1.1218348845417210       -11.970734369555599       -13.638515320519703       -7.9714356364332275       -12.948986369787761     
   1.4394537335409348       -10.396148416840317       -9.1402874786674868       -5.8999200528727727       -13.316574283388331       -9.5974309280582055       -9.2384157512097413       -8.6673679987571699       -8.0377618323912348       -8.9464630058411014     
   3.9049554363212828       -11.866737292779302       -12.117956394711129       -6.4657067431085551       -13.359067395750710       -8.4849672114062891       -12.521925326791953       -9.6707672413048034       -11.403506297568814       -15.601817454744415     
   5.7685509851274537       -5.6553310485709201       -8.1842184337008455       -18.253261396604845       -9.0921967553291303       -8.4225357372109961       -4.8573967521057959       -13.032519173355427       -8.4175125610338348       -9.1664402468014163     
   8.7053926986551815       -3.7693563093371676       -10.772669557535911       -36.009782539817152       -6.0558772805982874       -15.182888802139598       -16.833304608805015       -8.1184781454238237       -12.744838093893698       -10.835231736278143     
   4.3784188126293263E-006
           1           1           1           1           1           1           1           1           1           1
   2.7358293021526217E-006   1.3347271845121439E-006  -2.1143346749519626E-008  -14.568383651288288        4.9553876031728572E-008   1.5996768379485678E-010
   3.2001877068148593E-008   2.4141043438281543E-008   4.5853908111317714E-009  0.35792554395133547        4.5806679704798354E-009   1.5554778411466471E-011
   8.7115721541208072E-003  -12.509670595776779     
