   0.0000000000000000        0.0000000000000000        0.0000000000000000        0.0000000000000000        0.0000000000000000        0.0000000000000000        0.0000000000000000        0.0000000000000000        0.0000000000000000        0.0000000000000000     
   2.3288789272275907E-002   1.8135683382606637E-002   1.5022927755657080E-002   1.9708612054194500E-002   1.5834206003416802E-002  0.19301867284407337        5.5378315854396142E-002   7.4309941993698586E-002   3.6616298335611766E-002   1.2961348239170487E-002
  0.37651171416497081       0.34428702904590835       0.42313868903744639       0.41424589588691574       0.39848684226118403       0.38685743969864783       0.29318311511451894       0.31874857845065829       0.34933261524735609       0.50938000625126700     
   4.5777465068589485E-002   3.7255506392812700E-002   3.0536421762467125E-002   3.9065605907225423E-002   3.1320918904420236E-002  0.32522156142322473        9.4715746232587134E-002  0.13180536904260426        7.2184248192648195E-002   2.6329689749919342E-002
  0.56455171559840300       0.38500870245336172       0.35515670450289299       0.44741653884525884       0.36958143218400313       0.75043030804765831       0.37413528867363138       0.37306838921107249       0.38249836665571091       0.35967262676320877     
   6.3713989366803045E-002   5.6866454973379943E-002   4.5859707079319245E-002   5.7108594272264002E-002   4.8214648091033846E-002  0.36765924563225560       0.11599332064554321       0.17366815845583211        9.9002148371318752E-002   3.9808546714226220E-002
  0.36718686524969518       0.43406631390463252       0.38420865734748461       0.57673016044347902       0.41058549082883561       0.43326318201942909       0.38087761781891977       0.38666511682226662       0.44393941395997738       0.45156699624480773     
   8.2013595909193410E-002   7.6487698361481685E-002   6.1385637728271970E-002   7.4496107913489790E-002   6.5396089782509298E-002  0.40079617587003535       0.13294338257763536       0.20491466975759437       0.12564358074769810        5.3284443947871671E-002
  0.37249997729611423       0.44165508003468973       0.37467095869563716       0.38951645785583244       0.36405564398796941       0.42293343460839339       0.35954205107108039       0.35100780961705519       0.54771598909007690       0.38762553745832456     
   9.8909310317158369E-002   9.5402636172127034E-002   7.6330766117016724E-002   8.7915347755616755E-002   8.1764582211817344E-002  0.42299642613621924       0.14619621469699756       0.22888169939204955       0.14906126626992727        6.7447164346134819E-002
  0.42483194873923641       0.39139606293405366       0.40802613050695458       0.37575662523620762       0.39039054061443634       0.37029364080317251       0.37366200590620280       0.44237655794520675       0.43990406796615150       0.37634922529676174     
  0.11560537787597903       0.11406700363556334        9.1053420465479470E-002  0.10148530506061124        9.8226641326705971E-002  0.44440266881814483       0.15869216050337581       0.24892487485905324       0.17261512084416067        8.1226042448889826E-002
  0.39879169779027696       0.42705107492683558       0.36133065713544560       0.34156576773646141       0.37599733384221617       0.38345513203913356       0.35471057913730564       0.36362550191870663       0.51626550391593107       0.32204547529269301     
  0.13169499668409812       0.13197592567222100       0.10600481554095000       0.11487071752863744       0.11440923624541537       0.46469429964918474       0.17024010142819418       0.26691037856510996       0.19508553657053243        9.6461915854411273E-002
  0.31839859906900408       0.37868799648511703       0.39571820406175101       0.50540931981715342       0.34072071962452810       0.37912284239005567       0.40583400745391912       0.47435786939701646       0.40970950651346055       0.36296151560465106     
  0.14778283432223732       0.14955913549308500       0.12097552329614956       0.12797621757061697       0.13108674392625411       0.48372493522509008       0.18104544111076018       0.28270224326954330       0.21704023400136835       0.11231435493194993     
  0.37181844923276408       0.32341920742499264       0.42577504372190711       0.37297064895265419       0.43388613598402248       0.33510468402434296       0.37769434776566307       0.35426611734878544       0.43265186290147906       0.41588648675943080     
  0.16358206197586200       0.16568546443542018       0.13512172479507825       0.14030945090329153       0.14641907243313962       0.50170303320928689       0.19101283390705046       0.29709563981025677       0.23677925103654737       0.12826382785624341     
  0.41028984023731829       0.38461987097250144       0.38962000612317771       0.35712051992009997       0.38473288664500954       0.36698199699252571       0.33866907207435282       0.47293284472674174       0.37143238289346714       0.36782851369404923     
  0.17961716346925227       0.18123395916116183       0.14959783229748569       0.15275230133027631       0.16166894973413198       0.51722846892674745       0.20090135794513711       0.31055073580886883       0.25656420053898632       0.14420304319911884     
  0.39168156622033085       0.40060335286185317       0.31288210497257746       0.34940728320386644       0.38615346024098657       0.39399006693969885       0.35753995985557169       0.38960493835117493       0.49578196139818193       0.35232461011776423     
  0.19591371662574064       0.19645682183662577       0.16490417559301671       0.16466596116607868       0.17701941245307257       0.53218922058829921       0.21064682399540804       0.32340222778612060       0.27601760045397367       0.16122097707673713     
  0.36740747562290382       0.41144830069575006       0.42089694929017646       0.39676571380050824       0.42244839552639696       0.37620238851181570       0.38745258984232095       0.35254082067138431       0.47724574725260377       0.40263826036288464     
  0.21200962589521774       0.21138822383839295       0.17985431448613787       0.17647109801483712       0.19203801680261165       0.54686114374060590       0.22024027475171609       0.33596026625929892       0.29513768041552907       0.17870460028801929     
  0.40282415921042486       0.41365531186054671       0.35288847207710528       0.33288077927495296       0.38685743969864783       0.40433028551832911       0.40355683547189786       0.37629534004285936       0.34734287672059061       0.38689946201967251     
  0.22711606293478787       0.22677410095802278       0.19552613527549306       0.18874884964220381       0.20755013321545077       0.56102964634546204       0.22972455367529121       0.34837315086942644       0.31397033737273738       0.19552541355545286     
  0.32097418092296787       0.38965960899307855       0.39032773051382730       0.35762165580306771       0.36950272077867319       0.37409044315909168       0.36735315277748976       0.36375067818750006       0.40866994848847421       0.36562110992071861     
  0.24288697357373468       0.24200091774319599       0.21094359865286641       0.20111092954984019       0.22319320416100907       0.57479067082085344       0.23941572903291991       0.35959481824404804       0.33228644099559473       0.21204777354744786     
  0.38520365119730116       0.38067886693381825       0.36809364483488660       0.35175677432602648       0.41844534361628050       0.31157947367527422       0.37692602840911354       0.35084627986883743       0.44365026662944612       0.33741803175385537     
  0.25945579173237709       0.25677575298412014       0.22675672434333405       0.21301230219918021       0.23917179192123483       0.58890624619887066       0.24936806969809158       0.37027277225410832       0.35021929707987920       0.22830150798428414     
  0.38076100889710446       0.30659223238318517       0.37419432700985511       0.33099562858599768       0.32218788658477931       0.34275629534101199       0.37991264669586727       0.34350836948281677       0.35590791937912769       0.36716876899918810     
  0.27535594151410114       0.27180129302148254       0.24251534219466098       0.22536630097100208       0.25522763513117108       0.60190061044187515       0.25887991662289284       0.38105523225232107       0.36827048788143912       0.24468875724760492     
  0.38388421055461941       0.33263396088720665       0.36303740673641116       0.32479669531723132       0.39660386696666605       0.36533547309878756       0.32294345404418368       0.38698077418672311       0.37330324059087366       0.37726286904870621     
  0.28956354367061732       0.28605590569812067       0.25793882739072754       0.23856732620691465       0.27079658116050254       0.61426741482821612       0.26777927000128104       0.39237639618712417       0.38577316524799299       0.26261865738037171     
  0.30353691519171100       0.33933008653066249       0.36016124678662059       0.37840409734241054       0.41986012704664988       0.44654577615405033       0.41157206114165357       0.33311017418259914       0.41411281679688922       0.44129651647279916     
  0.30280542174396835       0.29969414815695417       0.27351901158748804       0.25138246237928108       0.28588981977642336       0.62685331424369317       0.27697128289668116       0.40463207799258150       0.40274382618043769       0.28013927056163629     
  0.33755777923415342       0.42625190510531352       0.36994043735389837       0.36032690145468299       0.37448208285632095       0.37929563166449648       0.38301367449852791       0.35002602091188978       0.32458288484012593       0.31542841203622668     
  0.31641982016942477       0.31375874549423921       0.28904990632491862       0.26442150978654422       0.30153021594415624       0.63951587594270987       0.28683789497038004       0.41698461613371374       0.41846020505419790       0.29709141589571147     
  0.34789245225411181       0.35218174154949472       0.38746407444088649       0.36281550104960480       0.37508496285053211       0.32348929638889851       0.43267547795542050       0.33611205442465458       0.35558066375192710       0.36833825181999486     
  0.33004168330331146       0.32791129453610135       0.30264365553439543       0.27765450197744518       0.31763286856804457       0.65134845519442985       0.29693069773652875       0.42959797321998133       0.43399618618541758       0.31396116809950642     
  0.34489361918371092       0.35447165438410239       0.32949094548399677       0.34572934235115715       0.32514909230865613       0.38495948507533717       0.37038810229250430       0.36499832363559698       0.36807585040282592       0.36833868316148977     
  0.34472334428748114       0.34140086719950413       0.31665985666101520       0.28990835560066297       0.33423623807897340       0.66298012988679578       0.30682537128019527       0.44217761158109048       0.44913480518384186       0.33086747284952844     
  0.35510961614136249       0.34719992740757394       0.34362361242306050       0.36069079327907017       0.35821109476007573       0.38514157718521519       0.47408779657510508       0.43293611292786810       0.35371630151620392       0.35146062375218601     
  0.35939379454319487       0.35458306354551417       0.33068295752433313       0.30222971860706105       0.35113742605139492       0.67500953935376473       0.31651500491558027       0.45478725757647631       0.46459944655848312       0.34755031336846354     
  0.34200971986088291       0.37680379983430068       0.37125062331657416       0.33026085191857218       0.36539028914129523       0.39406202335478258       0.43744974373752010       0.40406955484004531       0.36379348408234563       0.40818917650413372     
  0.37554358636375818       0.36733620528629946       0.34574999669017897       0.31475490136117440       0.36722565560375481       0.68739298063111898       0.32631660070313129       0.46766448390888982       0.48008843409750762       0.36393008930538850     
  0.42827758348015915       0.43550000541475598       0.33095745967873874       0.30742906973844308       0.39051061826257016       0.36900427763404525       0.36032348391356467       0.35141767985727929       0.36624744905554596       0.36683724069299006     
  0.39140089802327188       0.37992620835717489       0.36139479428276078       0.32723250289396316       0.38387229416160340       0.69858594978681565       0.33612367712392643       0.48087832691138255       0.49568876361311354       0.37885205732622740     
  0.30660349226748040       0.36077728183999930       0.32898870695105586       0.35614861557487915       0.39070725540287182       0.43240760226443220       0.35511905773442093       0.32687832184771709       0.32396805011011121       0.36301908333889554     
  0.40722472013254929       0.39323779818772808       0.37749185895753162       0.34012202541344605       0.39992019782840554       0.70952377666118926       0.34652981766146340       0.49473163430455325       0.51166306028431208       0.39269499583911016     
  0.43421292143282575       0.44467218711178175       0.42609370661417267       0.38843896019546370       0.37058133975617602       0.34328265154393983       0.38572976152681343       0.37492030403500870       0.40213129071814868       0.33677896204495428     
  0.42292867399105472       0.40711569580298856       0.39391274906620605       0.35252784423363459       0.41553272465112739       0.72014835618178863       0.35680860438511386       0.50832027705873517       0.52727997425505035       0.40669756060553353     
  0.41522723924462079       0.43706000104813614       0.35584573829311777       0.37039165646634720       0.43980735135177657       0.34830986301007738       0.35754644266333641       0.42349840100777553       0.37121239963246289       0.33837513007797110     
  0.43902276597458606       0.42131388883290349       0.40988143449776621       0.36435563841018676       0.43187457433016369       0.73037056200302120       0.36648357747242832       0.52175675686204248       0.54260049309013370       0.42212894055627004     
  0.39318309019857739       0.39772567103320483       0.33914227504841787       0.33677896204495428       0.34378267350443525       0.34161995550151369       0.39224908237477685       0.38714963169389705       0.41829928663076749       0.45826241037662641     
  0.45551997007972050       0.43584191533554195       0.42556230445717325       0.37600598142461883       0.44872032830245778       0.74053839537129118       0.37640192914278769       0.53535826777159856       0.55785907913799404       0.43772153048714657     
  0.46176773193751625       0.34672121234813746       0.34390795172003868       0.33599031035683630       0.43474415641649949       0.34652252126670968       0.32876823239007485       0.35444449373034248       0.31929331094151253       0.34488746448716212     
  0.47172019974976587       0.44957752976656579       0.44045053989241145       0.38839619830272326       0.46381607978591866       0.75090820341460995       0.38711303932123109       0.54923653395021810       0.57281750676901400       0.45391029665385840     
  0.41544074588305591       0.37937998683719287       0.36820899904276483       0.33994409493900074       0.31541119289248837       0.38008862809244931       0.40618112808518397       0.33107673616535138       0.35724448060066238       0.35825122523575748     
  0.48788003383769107       0.46257957312071607       0.45524159918005902       0.40227614435512438       0.47849198770884371       0.76033237884414073       0.39813574024012477       0.56314035487838732       0.58723763557376352       0.47017403124264273     
  0.32644501097751383       0.35037345861938513       0.33848628709794176       0.37681137008595500       0.39950021607488084       0.41878361646673135       0.44162236690312812       0.43995909935344896       0.38089394819973421       0.37947668175938876     
  0.50347751270549446       0.47544290682090873       0.47068165514241500       0.41666043037752648       0.49398360373850325       0.76933893437507128       0.40925652675760371       0.57679821777240148       0.60126365435660811       0.48519229294152250     
  0.45061186145070997       0.39683693714611479       0.38535797364948254       0.31797530323031536       0.35887867638182713       0.35629706085569424       0.36496400914334137       0.37940609152505417       0.31206225506668078       0.38166798869504809     
  0.51895056310427767       0.48814918455073042       0.48630599374043676       0.43107907384746652       0.51015194993765334       0.77836238249136447       0.42039027586907285       0.59019826355629168       0.61522053249228459       0.49963953136112638     
  0.38237954482907360       0.40663183264285963       0.45207202403279034       0.35828493276511436       0.33524129911269201       0.41191440198840218       0.37194930176484692       0.35877787900729030       0.39194472441707195       0.35434239983803173     
  0.53385034163566314       0.50101694490711512       0.50226407470939893       0.44594215917539659       0.52624099237530764       0.78738468213233825       0.43049208968535724       0.60348335143262954       0.62908054004486491       0.51426363823997800     
  0.34640347808529715       0.33359623411224404       0.37810118334760628       0.34635836905773337       0.41941659178497803       0.30888741387245061       0.40679836449902729       0.33904245190340732       0.37324186086683275       0.35650494519357795     
  0.54915736342586685       0.51414356765479485       0.51804069369357164       0.46112417700829111       0.54265781913047018       0.79599689338433999       0.44027897107593239       0.61679674211807856       0.64292299162695343       0.52931117978392384     
  0.36954889408257496       0.38246813803031243       0.37919175524694770       0.36898393026104842       0.38424893030435447       0.36098731462990030       0.34199436920669707       0.38943853728373190       0.39512747975001483       0.35413014258913850     
  0.56439117891515067       0.52763802596251164       0.53399980269932878       0.47607916720143012       0.55831136776750068       0.80432521353020181       0.45094117708850612       0.63018380355511960       0.65639141366357867       0.54444449409804085     
  0.32331481930685513       0.40707330941355535       0.38604782107800734       0.35069235384664982       0.37140106106782650       0.34808702410067111       0.33697583117215091       0.39376653067769335       0.31519773512977539       0.33223715121294234     
  0.57930755949438573       0.54139797362269337       0.54972894013942919       0.49090539662142463       0.57351341881519968       0.81250576362220628       0.46160168523840350       0.64335606084364350       0.66956477896583877       0.55950577643622890     
  0.34639025573267973       0.33452786276894586       0.40778948191240139       0.34209355823216270       0.39297922906182176       0.36625682469276855       0.34758782266395172       0.35934071257414341       0.37279584284908218       0.37561150825260131     
  0.59386371064263965       0.55530741884980073       0.56578766004455783       0.50617371016603985       0.58809907486803592       0.82060142624341070       0.47290417587602573       0.65630711559936250       0.68271689096300781       0.57557248118789228     
  0.32342091298256853       0.38553635255939755       0.33196624186728757       0.33359310081578514       0.34084347556674738       0.33617520301388620       0.34247618855877737       0.35680509716753611       0.33302392420617155       0.40546598146773760     
  0.60826788213283778       0.56921885798494243       0.58239219336132275       0.52135351894454618       0.60255876134656094       0.82899153449088481       0.48408353305329926       0.66930424245672548       0.69625705842434416       0.59184604387701956     
  0.33545415075734236       0.33846617132242390       0.34458012731974680       0.38287462121311000       0.40432106304815946       0.32562249131431942       0.34878200447572810       0.38386609934909277       0.34613681670155294       0.33001659310392489     
  0.62271974298458821       0.58302090909940052       0.59914081962165866       0.53734223757875177       0.61797022824533876       0.83746477813838505       0.49480517574412619       0.68242883198529436       0.70992568873795769       0.60837147563529403     
  0.37920768386440662       0.35076706930969775       0.33035424151769816       0.40389107717080425       0.39107362833458564       0.36190449340454217       0.33249152738634674       0.38181278732733059       0.33534614401886081       0.39696338140969895     
  0.63751653901111272       0.59686252757867631       0.61495559286616630       0.55336297598837525       0.63409459335653262       0.84587669501003104       0.50547003021117731       0.69608589664877019       0.72398418443663526       0.62441163014753176     
  0.35740343316800216       0.37591605487257984       0.36647327905368282       0.39814853433380037       0.38300672158174986       0.33708609061202754       0.39213964808209639       0.40072924781584879       0.37628283545037389       0.39967284889826143     
  0.65349652902164235       0.61104989525294606       0.63136440321820930       0.57020947248144338       0.64953869592948832       0.85413044831977836       0.51641444571200101       0.71014763458148145       0.73844065369196077       0.63982257926115493     
  0.35895985818344134       0.43200326401169881       0.38601720374550941       0.34192405687043587       0.36206901686243737       0.37475086849019956       0.38813990144361094       0.34193683014749016       0.42115057370034065       0.37268737120862150     
  0.66985903556389070       0.62477135898513347       0.64742744387404294       0.58723607946135703       0.66491378952010038       0.86199585122824940       0.52727306588116807       0.72407909019972516       0.75252609703804840       0.65522358555836990     
  0.32124510740794937       0.37939384839037410       0.36477171072468512       0.38760170201718014       0.36648099253125521       0.40981308257091531       0.39432919889268225       0.38574860806774863       0.34152840636946297       0.39885603845779205     
  0.68649541312341844       0.63797600576593350       0.66352640742151181       0.60564160125517918       0.68045725273533919       0.86950277259456765       0.53880794317934322       0.73813636118325110       0.76622451509614464       0.67017223149427152     
  0.39880845384046915       0.38364077396151541       0.42221091831046764       0.36004171191148687       0.37118537663827333       0.40127559515027317       0.38002369686540244       0.37019136099500927       0.34946098543752552       0.33147475910280461     
  0.70249585513603485       0.65099998211286225       0.67964150269482626       0.62355847365224781       0.69625637813566987       0.87679018941141995       0.55009225772609216       0.75232130905732364       0.77952535857129579       0.68519097378779048     
  0.40188141788866777       0.34454637176959058       0.36890237975333146       0.32113009382912078       0.40588775275834105       0.35978514228043823       0.38617155195209646       0.34677333534107735       0.30236930476258495       0.34100412826812271     
  0.71840221640384605       0.66460139334630253       0.69562705398261004       0.64220543275199504       0.71184375264254318       0.88384453824191833       0.56174570895246700       0.76672051108726336       0.79228012212119869       0.70204711902115080     
  0.35739456104448136       0.30491228839870171       0.35560454446698803       0.37401812322650091       0.37032304904593027       0.38634234031107373       0.40392824914885217       0.38713946021582640       0.33368485402023373       0.37038975962768805     
  0.73392517576392557       0.67873834103908059       0.71193922787677311       0.66081475368233367       0.72750250548185114       0.89068757552393818       0.57224280385844517       0.78037080914527468       0.80504339679099768       0.71878842471134030     
  0.35334748000351357       0.34626892216404315       0.34189280571349923       0.36252480835562439       0.37496670654485986       0.35127722320076971       0.38451137679743108       0.34605147621212090       0.32638067155886602       0.34733991017010524     
  0.74849260254733219       0.69338708028711005       0.72877557318628339       0.68011138200111620       0.74330129916191590       0.89735226568510784       0.58284073205027220       0.79325844589212724       0.81804258231589033       0.73588014980705529     
  0.35927759517864571       0.34743372046647175       0.41844210981024077       0.39857379112160457       0.35897606511745583       0.38186753172763388       0.39158014576009220       0.36995303130732970       0.33964478981933727       0.36421540597560831     
  0.76301766919788594       0.70833438768832613       0.74585424426331248       0.69923072995461644       0.75882229188969530       0.90378588761153567       0.59325753783479485       0.80586528125968937       0.83088149862247207       0.75329046247573583     
  0.36379319772499125       0.37938796361776456       0.41692235259732380       0.35811725728819754       0.36994780915680220       0.34721444355298031       0.37499115640027592       0.36119060067850056       0.38769301832998160       0.33022478511095049     
  0.77707428764563469       0.72370154793393193       0.76198482570007720       0.71865992602283446       0.77522710437085984       0.91003175550797533       0.60506838219268522       0.81790436266141209       0.84278073162086042       0.77035126456987857     
  0.37612204480560574       0.35990091719853229       0.33374662746422801       0.32242099463596280       0.36357375008482334       0.39258100632777843       0.32227421240099136       0.34523644203474402       0.37711691647915008       0.36405825562042793     
  0.79173180446050251       0.73954319952948855       0.77785444095670508       0.73792658187930160       0.79159956830620337       0.91639227398221712       0.61753514137134380       0.83006611507889128       0.85471572808131913       0.78712132427011416     
  0.36950340605018483       0.45328115400603414       0.42858275303776433       0.33437668473222737       0.36573955095412647       0.34558405307052398       0.35228100925438544       0.34318070365872860       0.38145514869560493       0.36951617175985790     
  0.80662810722185418       0.75542491694143155       0.79376401107189243       0.75814292047340437       0.80720485338142467       0.92296697852438592       0.63085144915591829       0.84238005357974399       0.86625946964641687       0.80479099543188826     
  0.39092888978535462       0.40398261270560359       0.35716453439340934       0.40974535359247788       0.38383681026105804       0.34125986577068085       0.48353435307645415       0.41423379287336098       0.31050947478293822       0.40083865591836004     
  0.82161477301365937       0.77136409124254279       0.80954006403314038       0.77874602238114310       0.82295536136402869       0.92943364067893086       0.64483017838745516       0.85469549368243147       0.87809543605229545       0.82244727883284896     
  0.39300155579195067       0.34011575010828293       0.34254737023523368       0.34790459482481068       0.35456637613751241       0.44208422717894186       0.32729300611686890       0.34930786156511212       0.32308032832294309       0.39285045941446495     
  0.83645141936815670       0.78692114430179427       0.82558416575118310       0.79870767105322293       0.83899390743239022       0.93568052278742297       0.65959533182706165       0.86713821887542719       0.89052864304031754       0.83871967972321071     
  0.43186289987356319       0.34859614755290813       0.43650052483863849       0.44548257657382440       0.31422588244346461       0.37455857332044018       0.37050538162979030       0.40845966158394770       0.36393141644666094       0.34500723507696562     
  0.85133444378774881       0.80261246025791211       0.84154807972370771       0.81873157552223397       0.85476456790443966       0.94169556805942378       0.67504152186307675       0.87939435348353190       0.90262280509309012       0.85513743602465386     
  0.45146996754175689       0.36673212434565533       0.37076404469720581       0.40134928752836213       0.43486878474491503       0.40861619109318525       0.40021901683983474       0.39605805569651364       0.32859143817645592       0.32908560035234652     
  0.86544641347153262       0.81920311244341981       0.85720780659820750       0.83867318883275666       0.86975008633853956       0.94722211247961308       0.69079414006565332       0.89206058520643405       0.91440282458131283       0.87080337410766995     
  0.34625313004121977       0.38815710345704602       0.39442510536869285       0.44830260045132864       0.36687291161667729       0.32766899019900408       0.37365979158005685       0.37792555627825364       0.36865666697786043       0.42584300554144378     
  0.87963275083250347       0.83595398072738625       0.87265047748133051       0.85887017751235628       0.88300035469639737       0.95225897751112631       0.70624997256680611       0.90488426001713873       0.92609561520760642       0.88653315829776602     
  0.34521417012037736       0.38881950701335555       0.37908797062230093       0.37747225542850471       0.31671741142292953       0.35146751118567621       0.37457348810715629       0.44078616809792215       0.35047342540188875       0.42524988829000981     
  0.89499665136939455       0.85458467983546826       0.88757332468290173       0.87876500451547113       0.89598309782563690       0.95714118431440287       0.72301915807460349       0.91755108391371909       0.93774929626676162       0.90168223512556844     
  0.35603921304633684       0.34752670043321510       0.39997365640499866       0.35947545219816290       0.32853847302486516       0.32168318032747883       0.38669750612237802       0.48267622489172074       0.31543860812353647       0.34419452729098166     
  0.91127177538853532       0.87303224322456052       0.90249404958478219       0.89829970140860504       0.90925414266324822       0.96201239927294246       0.73996680867567211       0.93030020324501983       0.94892733475326041       0.91681075937777878     
  0.31074218166038137       0.35368616710729922       0.39002142147123653       0.43958898586311568       0.43630641003550724       0.36719160941211321       0.38278772857307514       0.41073355030120440       0.35341331547545751       0.34704232819711894     
  0.92630497000849754       0.89245722462368637       0.91915739194441415       0.91704003909812415       0.92422824603001286       0.96771132522283421       0.75957015998852306       0.94257603345875163       0.95925590928549731       0.93046505012358927     
  0.35968089440133250       0.38924270807260375       0.38633509493880508       0.33954228023790567       0.34996261472957918       0.39615480792411489       0.38674545807298366       0.34784062581260494       0.36732871268041456       0.35632304900252670     
  0.94120606480086877       0.91165117141672947       0.93665300561491760       0.93545241779325328       0.93911839196331415       0.97345976668483025       0.78048093080263747       0.95445882512038283       0.96900419317586683       0.94439509076597306     
  0.33342710872428477       0.35467300895415921       0.41414182130175609       0.36089032764861145       0.38226080586610478       0.37479738027152926       0.34757583086358079       0.42098265965828491       0.36532999900822749       0.37976511064665663     
  0.95588813804669603       0.93238483879284295       0.95307801380990609       0.95289936661812102       0.95509619972186000       0.97987328489137626       0.80811343221587684       0.96479718581932328       0.97820596171439711       0.95908467500991335     
  0.40355921453529270       0.33824097941762943       0.40258952324050662       0.43339416628346294       0.37167834949520906       0.40411720467022788       0.40364865833935526       0.34344340136981960       0.35988107728723406       0.36215645441302025     
  0.97023954422403513       0.95458132205822377       0.96902516733449062       0.97017412666088243       0.97092047761004796       0.98629112947111974       0.84024194585380796       0.97530450149171621       0.98650231889477180       0.97369202841848956     
  0.44314981565935008       0.39151707155295085       0.39590928247678137       0.38888683902550902       0.37241220969505245       0.38356450007111054       0.46427596867093324       0.38566457807435561       0.31377598642026971       0.54053916971000460     
  0.98525300992332865       0.97718940245294394       0.98444037835535170       0.98551660245335015       0.98540239669522578       0.99300459062280133       0.90147374407172898       0.98732464872718229       0.99344345105135734       0.98681158624211640     
  0.40168475951105631       0.36318333941794767       0.33828841266568083       0.55706572254936126       0.36976946248184495       0.39532583934474747       0.36367901420791376       0.36355005885076619       0.37951730437689513       0.38776165412979857     
   1.0000000000000000        1.0000000000000000        1.0000000000000000        1.0000000000000000        1.0000000000000000        1.0000000000000000        1.0000000000000000        1.0000000000000000        1.0000000000000000        1.0000000000000000     
  0.51524664627666517       0.42170734491645812       0.41379208195507527       0.62889742604839693       0.36114806499963775       0.38666872137837105       0.31531206916301785       0.34308352969446854       0.87746720114785870       0.52566664992650736     
  -5.3268495390918220       -11.421856421531265       -7.4651426557010936       -25.108498469595048       -3.8814726269038267        0.0000000000000000       -3.6208383114143308       -6.5736282665917329       -5.4422955873662735       -5.2891073846500367     
  -4.5941667593035813       -11.374899431276756       -4.4538437644646960       -16.857866015390222       -5.7438696148870232        0.0000000000000000       -5.3905312461911725       -6.1670226286853502       -7.6950111938492984       -6.0681920692966713     
  -5.8593226675468202       -9.1677480791231130       -5.6557770236032496       -11.737495652881869       -6.3229105812944608       -1.9871195989175279       -5.1926026904787301       -4.9851623020910161       -4.7892554735089261       -7.2992039795970962     
  -7.5644235406032996       -6.2768884238996714       -4.9103641783660779       -9.5598153466142080       -6.4885247940664410       -6.5352085349369808       -5.6681481802331959       -7.0160076586512741       -6.2759454164660173       -5.4657017350797545     
  -4.3324599552256915       -2.3896582491094214       -4.2542459336049623       -4.4969726584733971       -2.2686526273292942       -3.1227290145986712       -6.9619242118662363       -5.2741192450211303       -5.0627184654900264       -4.0072195750263511     
  -5.5765574977631616       -2.0492604476647482       -5.8110052708226378       -2.4661065228790751       -5.3598114300956139       -2.6304526159259773       -3.8044469702131152       -5.2227245122247270       -6.1390970967483609       -4.1831036893183793     
  -5.0343151220326643       -1.1811161518256943       -5.5405479626731298        4.1125056127604696       -5.0716336674341402       -4.9854015807561236       -1.3039795106226197       -5.3126949950082647       -4.6878602792152275       -4.0615724207997745     
  -4.9276210939836833       -2.0662698831692321       -5.2798499702247010        16.271652240511813       -6.6514770011339710       -8.0154464180984206       -7.4358949012897959       -4.3139505103850766       -4.1242079218054233       -6.3362674580724230     
   5.5235843582882938E-006
           1           1           1           1           1           1           1           1           1           1
   4.6594896978271220E-006   3.2071172959134068E-006  -6.5293877413132588E-010  -5.7737476639860974        2.1497249704765969E-007   9.4125690143955375E-010
   3.7965749666990099E-008   3.7872839674527894E-008   1.4660967304696375E-008  0.25742382856392076        1.4627839353527440E-008   4.6489816918643792E-011
   1.9134748296296661E-002  -7.0812148464775593     
