   0.0000000000000000        0.0000000000000000        0.0000000000000000        0.0000000000000000        0.0000000000000000        0.0000000000000000        0.0000000000000000        0.0000000000000000        0.0000000000000000        0.0000000000000000     
   2.7704258281067165E-002   1.0172829945585880E-003   1.5083278519678209E-002   1.6677307435271516E-002   1.3135656451363432E-002  0.15539089073779205        9.4255373428116837E-002   8.4407795161244470E-002   3.3051613874463329E-002   1.5746793424635211E-002
  0.51783164442800178        1.5738524266292733       0.53990239268874751       0.83389984315635657       0.65312418192091048       0.41266658591291588       0.43009339004716929       0.46890489959201448       0.56665516923211978       0.56635091687788353     
   4.9880817569494376E-002   1.7922647117249782E-003   2.8050304944629369E-002   3.4401784527859511E-002   2.6106137250331035E-002  0.20467390914163766       0.14794847204621883       0.15620393367105750        6.1009779325602573E-002   3.2228700747336463E-002
  0.51833099672715366        1.7567186751780781       0.63349756300676641       0.67867903541794583       0.46047717529282706        1.7261966910213480       0.92814801630612209       0.51144535263990754       0.94743925755470682       0.54904414951353198     
   6.5562741916022960E-002   2.5083948230644471E-003   3.8601266992364949E-002   5.0822147698929558E-002   3.9960053906777815E-002  0.21705311318502088       0.17236278651401549       0.19487060172478032        8.0811661216609029E-002   4.9668723311068801E-002
  0.53293768513372597        1.7036307337242631       0.48638133899246355       0.85604508305825622       0.60505036358673614       0.75558608101501123       0.68878100588503754       0.58488519979815012       0.87552114342564424       0.55555929212656230     
   8.0494342696683902E-002   3.2145125469754199E-003   4.8310812420687299E-002   6.5062879236345045E-002   5.5704458639757738E-002  0.23025090388609734       0.19253555691932392       0.22919651396714782       0.10080929133544995        6.7705577136328021E-002
  0.44278013135910033        1.7069925743822565       0.72764780442911636       0.60451918167616470       0.63183689647851982        1.0921938344884505       0.81535387899502598       0.60912342858263724       0.76596449083093787       0.48662530146005445     
   9.6651536814750000E-002   3.9552170244106788E-003   5.7533623743008092E-002   7.7463992367009654E-002   7.3910917305572574E-002  0.24391998760914196       0.20819192215027207       0.25667149995434746       0.11824629654083879        8.7183715900128023E-002
  0.48794949903954421        1.7311299099049411       0.80962102727447782       0.57124580371132117       0.51054560973323415       0.91355248132424960       0.83057627095724806       0.64043986953587040       0.93564423011591791       0.74641591184634326     
  0.11182237738145204        4.8175727065996468E-003   6.6684147676447855E-002   9.0070672287790920E-002   9.1449539475951067E-002  0.25866998875546304       0.22065162235387645       0.28280209721530869       0.13323539973998297       0.10625744522975801     
  0.54047024976975655        1.7526048278685424       0.63004786005598545       0.52843828824607231       0.81998212585097641       0.89306371296591314       0.81927217474119396       0.62980090496585561       0.57105508924548543       0.54841958357038911     
  0.12645458651078711        5.6621138118432826E-003   7.5106629259411556E-002  0.10406603500446880       0.10912704487111698       0.27585799975162445       0.23134670033424443       0.30542522996705507       0.14681563952319343       0.12486731961750468     
  0.41578446618214010        1.2114639146298312       0.70876762230921031       0.59941454348417733       0.67448742263935757       0.63727801870808920       0.66162288421269755       0.64818253840293349       0.88123047317404690       0.72248038637023526     
  0.14114836300161099        6.5725075264842043E-003   8.3087009534744474E-002  0.11744453190965330       0.12559939624070895       0.29151020202557959       0.24198626497389450       0.32506934793848785       0.16031095112184074       0.13984920703874995     
  0.46982493821683202        1.0989186142735035       0.61881570954265930       0.72060801346018311       0.77719491216066894       0.66253713802851733       0.70027469900635420       0.47867633563943152       0.66402847045178770       0.63715822236832431     
  0.15634690883139810        7.5870947236088542E-003   9.0214007158380446E-002  0.12809330048575124       0.14215703132099131       0.30590875404416745       0.25226674478675126       0.34472771563057608       0.17262907398977245       0.15344796151493661     
  0.64692113223069836        1.2796444066371946       0.56211226157282224       0.55936637481077789       0.55571942289068021       0.63588867829606366       0.59569649348325782       0.56303293698897416       0.66161815363730447       0.55203525835492606     
  0.17421990368721890        8.9538777017082738E-003   9.6738347637317493E-002  0.13880150361428659       0.15626026881237001       0.31892002155356830       0.26296107503780058       0.36392432118382090       0.18537232161178019       0.16714545547179407     
  0.49549561258287056        1.6027243816606846       0.56838979138673995       0.57319317044955553       0.61934822863956440       0.68705768156902491       0.60662224358449934       0.44885265907503885       0.74406037598415364       0.65748661475106895     
  0.19203372030567062        1.0829118612855976E-002  0.10322525538333102       0.14913708486669097       0.16962125190766764       0.33188085699399367       0.27299941900129393       0.38214657190302698       0.19884338505748414       0.18087277928683015     
  0.72804878659591432        1.0817047111442162       0.57455000414404456       0.49031257417646357       0.59029760202572368       0.64162833354250959       0.71543138496573322       0.49354383486909048       0.71729014888576414       0.54256494669589317     
  0.20933966832282686        1.2815185287865901E-002  0.11006019834532373       0.16096903832896120       0.18470926976687743       0.34403186838257410       0.28243962368454917       0.39747777490003311       0.21288973401509553       0.19542011547063581     
  0.62310572603471770        1.0088292211359002       0.45949430100753824       0.47024042900521712       0.65333086323791789       0.64730131825287651       0.69809085262324877       0.56640523114807273       0.82711228282928728       0.69216817222368199     
  0.22398321636180663        1.5155454644312689E-002  0.11762779930473674       0.17284399481869855       0.20106207348663072       0.35571167950092819       0.29135041933995554       0.41078956340728007       0.22657768224842648       0.21213739297178580     
  0.60388821709946250        1.0683754134233330       0.67257081273318731       0.48984050052642353       0.64376781979186359       0.67524493391429652       0.88208230010242650       0.63179296851431188       0.96128133797199267       0.52813826979347878     
  0.23845008397975984        1.7783184707749568E-002  0.12541923971412211       0.18631836686891790       0.21709014006496932       0.36615756131240512       0.30014469351826806       0.42375532945711775       0.23913398779438466       0.22960903990063927     
  0.77310184059001763        1.1862120421965152       0.71299159437872317       0.52940734240332465       0.61244513562530423       0.73423453434257668       0.48809104653731195       0.53650632916246954       0.83108156001735201       0.70409358908500386     
  0.25294961446670122        2.0686416222383892E-002  0.13281032649351232       0.20250598779399659       0.23330063049567740       0.37538973842117790       0.30890309330910931       0.43513167914459366       0.25170171483986170       0.24693224818324325     
  0.54486755903292283       0.96309521604135950       0.92022202244579221       0.67337787979978014       0.54564837544907574       0.58842818885923642       0.60642165268394721       0.49201305526544359        1.0424778231222975       0.64697480207212210     
  0.27035948317038572        2.4187817833942280E-002  0.13970586040859573       0.21962682134052253       0.25034833543370871       0.38505761252285631       0.31781198604220884       0.44946257005855383       0.26351528463267615       0.26355882343615478     
  0.56709493323793070       0.77319136690631152       0.65317496345399839       0.68707410180304418       0.55371416954000241       0.73119366305098865       0.55384423589316845       0.62268864906933563       0.62581852752258138       0.62100562180375696     
  0.28800607719145332        2.8203514758960761E-002  0.14664099587205207       0.23669618821154637       0.26821523489615423       0.39474624372579920       0.32608664064929216       0.46328041084708249       0.27578572001668317       0.27851709177508976     
  0.79614875076250191       0.79538393039869104       0.61149909022132298       0.74518538812975377       0.69149641714329113       0.58302150964027732       0.66024606920750339       0.63306754234007989       0.74607802347751428       0.59143255423281005     
  0.30419023097667086        3.3008213884953584E-002  0.15336519219512795       0.25325251204572669       0.28643657867300737       0.40618723976367943       0.33359398086980513       0.47734347892696471       0.29127118393705781       0.29237760950271124     
  0.74595324594446122       0.88443536240983023       0.44586000079036697       0.62985216991580328       0.58537363647831608       0.73541956445829437       0.55898779626587736       0.54318187387372285       0.70225334103940384       0.48704169179273227     
  0.31686477696240661        3.8406658138979081E-002  0.16046976023640111       0.26933556563208016       0.30486883034323475       0.41754385607546085       0.34029958301895763       0.49180132886714595       0.30791035360032287       0.30540815231209428     
  0.52754491691440974       0.78359618410283582       0.59808765059216074       0.63125853738718962       0.91024732063252567       0.51020589347277789       0.54932051327210629       0.58503244532032317       0.77622618086416373       0.62807746902115802     
  0.32906242691705911        4.4296663151224727E-002  0.16919747121750475       0.28514899204294453       0.32315559589265180       0.42837896984365914       0.34630555582065181       0.50659716887359896       0.32525771356809280       0.32137856608836124     
  0.72810882612523697       0.67601479726757630       0.77154732611968824       0.74393923309338927       0.58377172035154201       0.58438097893136065       0.55264753468585981       0.64127945330983505       0.71302606952355507       0.56156363871074777     
  0.34107687778741558        5.1343599333961931E-002  0.17827919344011589       0.30079655293111440       0.34155247023426177       0.43882759111264574       0.35289987232711661       0.52112984032513632       0.34212305236503981       0.33849540187559402     
  0.46521389625759735       0.79730317869632050       0.68293853994534337       0.44229621923241602       0.70400283863878421       0.70427091276079334       0.71034938262003366       0.71613205370307220       0.69676712780305139       0.62649385873482533     
  0.35313226685984889        5.8767458811304372E-002  0.18739027708076705       0.31734601311936239       0.35893482787639214       0.44957037051106624       0.35935615009740618       0.53380953998908243       0.36065285875864739       0.35422694235248087     
  0.61738700238833000       0.59838564320363641       0.69236907239510104       0.54331849565240564       0.65886584744808296       0.55153926349336169       0.55634313491983256       0.68145205307468892       0.81330675539565123       0.51278172259950461     
  0.36842800063388281        6.7128041993962606E-002  0.19639542120925355       0.33378197833179490       0.37577247734852154       0.46017318804533042       0.36718368202217255       0.54703234793583366       0.37988876628496754       0.36982910213515774     
  0.57612761547730251       0.74924599955146587       0.52228133313085334       0.57402652295430856       0.65817992109990964       0.56597864775098305       0.83081352022960853       0.83976093768120774       0.60522535145178769       0.57115711508760425     
  0.38584143506560037        7.5603261138163000E-002  0.20521519275139813       0.34801307079995980       0.39379184162590131       0.47109010226310943       0.37402408704058976       0.55894632378051357       0.39849985107265529       0.38488745195070734     
  0.63165543064828999       0.64698371799195875       0.61898396937096889       0.59954228927426478       0.59809640589742308       0.67327496258539499       0.59822479959508590       0.52747527837909758       0.66447330551764416       0.61771258134573226     
  0.40112305944091681        8.3837251832992149E-002  0.21399838561986906       0.36185486437957409       0.41149641264371556       0.48202598208344993       0.38088771227936102       0.57113344533418631       0.41510533826323648       0.40100979766295064     
  0.57130516252368935       0.59278913862238214       0.54674415384189234       0.55774173571682173       0.60360794608237434       0.69712195775506469       0.49731310682611146       0.54334282181062410       0.58617000411334319       0.47126190791858941     
  0.41556532676931923        9.3833113789843769E-002  0.22297664638012529       0.37553046391631673       0.42714690171302971       0.49325817841640018       0.38724911653907140       0.58358176082300306       0.43052455662735511       0.41842530636063607     
  0.50059066834619026       0.60264910077567957       0.69205923429273053       0.58502492444972898       0.54668919784933767       0.69436252213410199       0.47856088602785768       0.67546055044918230       0.62109352689825570       0.50492604959461385     
  0.43047566875657045       0.10494669862344755       0.23182502547042338       0.38908056276124603       0.44164500668421447       0.50397961095212862       0.39255563354806944       0.59481068601702480       0.44569710471808821       0.43450076919423392     
  0.72102853538290901       0.52120953627585120       0.54207159389917048       0.59741772589229281       0.61013193875234872       0.74594956161082759       0.48870651732734244       0.63429405337908717       0.58825884392307626       0.66358202196885274     
  0.44715459886836234       0.11782079940275815       0.24135693247439285       0.40775981216093243       0.45636740469407289       0.51389147594249862       0.39887370561346769       0.60564538449104721       0.46213918791171021       0.44842867984051721     
  0.72039734098588559       0.62118245158978458       0.57995544976708413       0.69351301147930389       0.56525776043766884       0.54874623784046828       0.48766066605522435       0.47019270791579143       0.67385087066191995       0.78667064948979071     
  0.46220021521041144       0.13182413563508427       0.25033505295549319       0.42613518186298588       0.47092858607284543       0.52303181981631075       0.40516147541352437       0.61611967744344498       0.47894495213643429       0.46095403921858130     
  0.54547101924205765       0.51782703037579136       0.49124577827811999       0.63232149599461918       0.59037578782577371       0.38341727664103026       0.65511973042114213       0.62048513265149230       0.60757314183373101       0.49833819648467886     
  0.47691164827801069       0.14755716534143656       0.25880836944167052       0.44476901424451093       0.48560127477168114       0.53061041751919613       0.41151314577281234       0.62574042385745698       0.49609586959231777       0.47330865865355859     
  0.65337609344802061       0.44853829762396613       0.79070260992277841       0.64886610501355724       0.63917629209329474       0.43364498964831238       0.68071280891174490       0.47835871653602180       0.80716073520700526       0.57695539063323242     
  0.49187301935247640       0.16346218469260904       0.26712369666746089       0.46234495350237792       0.50174019930522340       0.54062358579004488       0.41863553115402713       0.63564721934821755       0.51203696869727611       0.48392680564309221     
  0.58635580352849503       0.53452588928789080       0.60598059566847839       0.52043354164551159       0.60846438612318410       0.50596298422993025       0.70283662889220722       0.86222537495510321       0.54921253149808891       0.64765770658975419     
  0.50816450937545066       0.17995590852967755       0.27572762162232578       0.47837001568515009       0.51885490890114028       0.54989602836988272       0.42576031054114205       0.64427631985027345       0.52708858800298419       0.49331238828612850     
  0.65743639837054513       0.43074658044357050       0.52652577109811671       0.84018741461463009       0.73840308066115945       0.50799907024994195       0.54317405495389803       0.50215209116591564       0.61446582090751845        1.0567845082211189     
  0.52623979386729602       0.19754328102400953       0.28508903465537855       0.49524953515938247       0.53685613240973484       0.55954721720633360       0.43161901495730631       0.65412608955770724       0.54372686279576576       0.50200659795568736     
  0.56839683438542454       0.55235362401173482       0.65683845073348479       0.70200946709178325       0.54248055001914741       0.48697412953160468       0.57656978790094149       0.69956184795059706       0.69732860018955245        4.0813205116534030     
  0.54509228586861436       0.21634943472422835       0.29519874920916261       0.51227317721705112       0.55540125859276179       0.57030111839579600       0.43747279478809653       0.66618118782971347       0.56169701768316671       0.50995153658150760     
  0.68858971315472561       0.56530455956191528       0.57462043735544310       0.73159500730483840       0.75212146863159424       0.51525563963389909       0.71103426251415247       0.65076199369890486       0.69871923816132642        1.5449883233304282     
  0.56389492181158418       0.23582958555754441       0.30603008962108774       0.52882928917183691       0.57402787953543322       0.58181618409571467       0.44346795773991227       0.67829163628367639       0.58054745371578420       0.51786518983877039     
  0.76209645929141934       0.45088446541139954       0.71297411997037630       0.82822416180164948       0.69097621410359189       0.60634205822026799       0.47508702694100524       0.72314956712086076       0.80307588774829308       0.85070736222026855     
  0.58196908327555230       0.25526514544111056       0.31784056102492525       0.54630156621238857       0.59277142192306076       0.59258503287627196       0.45061269155454997       0.68943237534975987       0.59846329309425195       0.52674770018546069     
  0.64261984612412770       0.42929270105779377       0.68643717052925424       0.65089863190422714       0.71950019269502830       0.64741466260211333       0.80866218489665964       0.75772722479298960       0.72634407463112904       0.55140221707821613     
  0.59951645221240413       0.27521827234731949       0.33005163107135688       0.56402683246651319       0.61053122355607170       0.60240866218423550       0.45914745072022717       0.70033353108471086       0.61530143138151427       0.53649638225374074     
  0.80758664537495251       0.47627290299959035       0.64666991764246418       0.99994153514423489       0.75142480177832183       0.58719201135774779       0.61963137193889162       0.60743211202531144       0.45610715885205128       0.57626630752718866     
  0.61618104449938516       0.29554693071542160       0.34102180184101211       0.58172656409583801       0.62634699263201732       0.61131453706137751       0.46824698886634264       0.71208055450769769       0.63255136559226799       0.54739276508769441     
  0.67986243314795947       0.35445131816313891       0.62477279352721560       0.87544185612780479       0.58753671227521076       0.54696328047387666       0.68019134862600306       0.54915800088030098       0.60843238846653591       0.49702837665528382     
  0.63303120173115979       0.31725610750036010       0.35227752267379431       0.60012093251070164       0.64166319898863644       0.62001501622957056       0.47703237125137316       0.72473878633971400       0.64957662668592786       0.56214393508723881     
  0.49518794102565394       0.47098916824081433       0.47086012331596044       0.70742093653759119       0.78750878212343778       0.47644646520421147       0.68345609348078118       0.67096435093106488       0.45545374982998543       0.75799933513788742     
  0.64954287054704052       0.34017412613366999       0.36440331863162656       0.61803353517918336       0.65654549139463436       0.62959507891448929       0.48564233620407499       0.73749078645215671       0.66362399351535362       0.57791406459765293     
  0.72894046152553160       0.46882838954286793       0.54875453676670072       0.58359752958918187       0.92207406546160808       0.50463367707179885       0.81621273896001323       0.64971785492445167       0.48952586887264593       0.53000337008016596     
  0.66717747290075557       0.36433297824049549       0.37812940496598108       0.63393741199050302       0.66996449464613816       0.64072591198770634       0.49366273465345650       0.74984744486503618       0.67732449895658275       0.59445977057257626     
  0.64329363695966335       0.47934253747008915       0.57869028018699242       0.58507585525531902       0.60966785444851312       0.52403668532323222       0.64768314280622263       0.64933923724865072       0.55670183375676341       0.55556748768142650     
  0.68453005129805566       0.38875140576325617       0.39015010674713990       0.64939814795263995       0.68251677026142976       0.65379950055641312       0.50047173318336413       0.76089000568654486       0.69088972294943818       0.60944274118798081     
  0.83112408720467601       0.46439674389203373       0.56632251027151259       0.62526135333009403       0.44711900495774681       0.65706820264412791       0.59600387777516861       0.68763222154869852       0.42000432730113935       0.53046984393551133     
  0.70123517722049289       0.41345329740586551       0.40063608376352949       0.66547222391072536       0.69490390722227757       0.66537682103574047       0.50760787307176847       0.77125485902666591       0.70603545623178565       0.62390338066073892     
  0.72126340020985080       0.51806286467239226       0.54762483603715029       0.58639297622861941       0.51190484389813207       0.62197976722790471       0.63339602365102476       0.69962682323541736       0.48710601949363114       0.60204617699901009     
  0.71650909798950169       0.43891212784419759       0.41042427639924556       0.68209087462142515       0.70912245004663388       0.67550154076384039       0.51433988777008699       0.78212996378802102       0.72319893390868539       0.63913324560123730     
  0.66920253094771653       0.49489088958663435       0.67681719879631341       0.65187734840455946       0.61430319711794934       0.61426416564977115       0.64734651736695903       0.59021825628252267       0.53060867395913347       0.52860581796621697     
  0.73197610444016825       0.46431027403992065       0.42152524105684830       0.69774230883548616       0.72438189853348933       0.68710310107313999       0.52302050081820861       0.79310524143531747       0.74050995775128081       0.65558788002705204     
  0.56242906025716921       0.41317632401746190       0.53508059482131265       0.69019280185377041       0.80195297824907930       0.77047703062687534       0.64686563697547772       0.76604268598544956       0.63005816470959797       0.49852761285429925     
  0.74731393978932714       0.48713810341556635       0.43415071098620678       0.71373600079271493       0.73812589467128997       0.69951662146373483       0.53278100097145753       0.80457482333841357       0.75738430325907768       0.67275759499195442     
  0.57759351876772191       0.37883767514385541       0.71543567579418199       0.45155865585611360       0.57638967732899293       0.60814896805810603       0.69212525456634610       0.53681584689704731       0.54283660702192460       0.81892705707621394     
  0.76369502405646050       0.50812308144308593       0.44818873091263484       0.73088797828579244       0.75279220672801717       0.71264308225744655       0.54260283423827538       0.81584539541769796       0.77373770735122749       0.69002184353698659     
  0.70858338899680950       0.41697190020145897       0.54836094767817622       0.73929006265199759       0.55913268498474300       0.52884215968017767       0.57885516645281399       0.67858010502533361       0.40913191157968337       0.53794944583039250     
  0.78089135439852486       0.52676901038313917       0.46376010073330270       0.74762517960551200       0.76637666711299091       0.72634138885718480       0.55230698559611369       0.82579263739327546       0.79010764144247292       0.70769542219747739     
  0.63617665297349357       0.41373629743824830       0.48754673127827314       0.70639776334356896       0.64224954109175614       0.73792201306308225       0.76383686808166040       0.65845510482068836       0.42417046634446348       0.65822135870387499     
  0.79800717274662480       0.55395629514671074       0.47758073664482981       0.76331502108039284       0.77939405506505888       0.74030558640363586       0.56190639208894311       0.83556254368660188       0.80707084350748837       0.72687134253326369     
  0.63993262278901930       0.39247166733186756       0.77965450938435721       0.65121976998369357       0.60317652866362403       0.58835296959100869       0.52312644610007808       0.75433199065287559       0.57969696960210670       0.46062978703986779     
  0.81418035586465143       0.58015373098368805       0.49417622279605106       0.77884517161708833       0.79325111539361060       0.75453337765239081       0.57205151728741588       0.84565749645267574       0.82426056440601547       0.74632799925491844     
  0.60396821569069836       0.53980145769966792       0.73232146442560997       0.47460111931297755       0.61742736952497679       0.54120453120919032       0.61143547192709202       0.69370268908134225       0.57601721311696119       0.65422798229443713     
  0.83011332565633422       0.60804497276462854       0.51248638472216967       0.79455878577219174       0.80697929541218083       0.76853096801194654       0.58274747100409896       0.85662091469187385       0.84063262910049186       0.76624205033003157     
  0.86722067892942645       0.41610189095846017       0.56142481198465266       0.58550275087465364       0.73807076572274599       0.50377331169390482       0.83190230682705302       0.70092863210752832       0.53932516329932245       0.56153944867017647     
  0.84537776691657240       0.63578336569733840       0.53060265627593184       0.80998604455419820       0.82065785545258141       0.78323895683732037       0.59343551599096100       0.86830572246262094       0.85610960061471697       0.78541074683597056     
  0.64686896779246306       0.39869867219104815       0.54780387042864831       0.57914344506371163       0.54054202769204862       0.70337137347560019       0.63038995920518903       0.94272800882847219       0.59307638386215422       0.51094290293264333     
  0.85927018297157398       0.66348093680528042       0.54972543382342476       0.82594417304987955       0.83645877236232247       0.79914155657809438       0.60363283147126023       0.88011936633288967       0.87132627065047208       0.80408507097210669     
  0.88961037238336471       0.43605045263273812       0.57649365457441126       0.62312093615202191       0.61087040471581666       0.67655834405712623       0.44687699748742726       0.98696762141668071       0.43555369879939443       0.91508887427695884     
  0.87278135044584215       0.69084397428200650       0.56897193946736080       0.84223547851659719       0.84986149019579493       0.81508028088485751       0.61489294173343734       0.89198077452868041       0.88720711374793315       0.82310869766627637     
  0.61227504967571333       0.47821438611891681       0.59993037569436003       0.62077250742060219       0.60437402998119705       0.56408761420877074       0.64934393692347669       0.70594960066486556       0.52915804843936931       0.58468268219431307     
  0.88554947184029842       0.71788086186756184       0.58772793690369296       0.85860686444465650       0.86384414454058356       0.82962383227196734       0.62722996861728331       0.90307753844854455       0.90361135675010773       0.84209637119366976     
  0.73404148618948972       0.38935279111988091       0.57175521888067404       0.64911113238559037       0.51392911255315810       0.70273184632127383       0.62213606433404811       0.59865597057475128       0.55083726096861851       0.55035681683625204     
  0.90026558211932650       0.74523141136147242       0.60986325328901736       0.87452496626257914       0.87845067362393892       0.84288777596954534       0.64129191441685063       0.91366972563580806       0.91978300992795947       0.86241563144988276     
  0.89968465793695884       0.42713700425407469       0.70578337041889405       0.50020629485155454       0.80610818906558512       0.52141302892116281       0.47209855114969468       0.59591337972924252       0.39179437047897497       0.60616084131080350     
  0.91509210918700234       0.77220497212762440       0.63404844119170567       0.89074550932091012       0.89476959051172344       0.85615666056626616       0.65631320556786910       0.92352736005134484       0.93519256069765933       0.88349332235975020     
  0.71386318915235858       0.40725473291944042       0.74614887244270578       0.87613089989957582       0.76620499679635523       0.53784382287681531       0.51819318411633697       0.62092569675686060       0.52481718199045779       0.71804329524752863     
  0.93046281010446286       0.79892458958118073       0.66312587299686754       0.90779830445809095       0.91184939031058554       0.86921861668735700       0.67043749972481426       0.93454719677091058       0.94968235771717913       0.90126217173874801     
  0.72553175753733323       0.44349362277423338       0.83982021720463751       0.69438590670422307       0.58388500084275297       0.45489799270856146       0.54584748372824199       0.67099220387358272       0.37668880379430547       0.70725254699294626     
  0.94414034044352335       0.82547980974173085       0.69709292128844147       0.92349436775006177       0.92766793082679810       0.88517263685513137       0.68967394409285376       0.94478054731265526       0.96327883095406097       0.91785734366886218     
  0.65268859592285600       0.36625165483619693       0.89266696702562243       0.63537274218940454       0.52690984258951001       0.64439575574027641       0.66791688110736180       0.69859711336347619       0.44534843524977741       0.55876401041424317     
  0.95582880801452308       0.85539893314605242       0.73554957151009415       0.93786117639777400       0.94213026980744907       0.90314624120375953       0.71151036814956270       0.95502288979242578       0.97524354773526101       0.93461303575182597     
  0.57004858704699179       0.39940603275288222       0.79553876832267956       0.48474978549488934       0.58489580778636452       0.91254115774964972       0.76258387227871005       0.67400361884045135       0.41333413339385994       0.64373843932462749     
  0.96871553223499307       0.88797452857596459       0.77378526638507261       0.95240470216328932       0.95523921919376220       0.92147618434510514       0.74201379585578142       0.96495753587396238       0.98417171777511858       0.95141958532251603     
  0.53092201413706230       0.39438656211492867       0.66968418348598724       0.70471643974293474       0.47595222452058056       0.54101661038975779       0.67575643749447523       0.62749292996258577       0.37469962991518863       0.48987298064730117     
  0.97978894062083000       0.92123270200760166       0.81636640558242646       0.96672323458245679       0.96927888587786559       0.93983942074141846       0.77478824487524389       0.97532716515052476       0.99099036743506719       0.96811987155531354     
  0.59733383414045893       0.39375797304821614       0.65794476224957865       0.48526846983634847       0.63716512351333099       0.60525617545165988       0.63077531145857269       0.55116589637449931       0.40794989583235769       0.54978212027300943     
  0.99064491967011004       0.95938277909309455       0.88456298021752366       0.98368981315140380       0.98440050939481538       0.96758875984510617       0.86495320636349948       0.98602326684447517       0.99593267747909631       0.98460766978509329     
  0.57655991188685929       0.43257528806992307       0.62510526917800080       0.56997235377419353       0.61393098479457364       0.78089275498446797       0.67544799557532664       0.68468085079002228       0.39602563002042307       0.65848544936810716     
   1.0000000000000000        1.0000000000000000        1.0000000000000000        1.0000000000000000        1.0000000000000000        1.0000000000000000        1.0000000000000000        1.0000000000000000        1.0000000000000000        1.0000000000000000     
  0.66218887267986792       0.31682924988656669       0.64731550628747003       0.53074433898215967       0.53322334117911585       0.65243131885619343       0.32265636791203511       0.57632938566152725        4.3583181540663860       0.41536417054111685     
  -1.8530921226022601        19.266878684964144       0.17274655715553330      -0.59539188838034240       0.63749896859030930       -1.5963081863861566       -3.7191509409831971       0.62181662997301257       -1.4096295142250805       -1.0001733374503836     
 -0.36888396376715410        5.2879370832772894      -0.41054303610990589      -0.55151658970167416       -4.1123483768710676       -18.873707998605489      -0.85941207850369938       0.90416127484636344       -8.0020346241528234E-002  -1.1528196490142042     
  -2.3521646386722876       -1.5041697388323025       -2.2691411689684400       0.54403625745973683       -2.4922557630873152       -3.3534856688003285       0.38989347441507427       -3.0327785005989254        1.6717518459331184       -1.3393186799329759     
  -4.4667951328437248       -5.1428168191172601        4.3170360079714358      -0.58023092080673200       -1.4121114202707463       -1.1373107601887662        2.4079404226101095E-002 -0.45292610506852865       0.19312060031155426        1.5634519823330741     
  -1.2908130248377490       -9.2445070732924481      -0.25040212689377295        2.6116686167819592        3.9230718442800399        1.9173538640494594       0.34142198396627671       0.97562873803448324       -1.1237953369789422       0.49279197160217247     
  0.53296088732534153       -11.676619235368818       -4.2454016789582019       -1.8849896206324872       -3.0280614230764282        1.5274830659370995        1.2682436001903659        1.9476132820358629       -1.6307223653380143        2.2856699652073509     
   2.7677703995235543       -16.720848835287459       -2.4553114855372478        1.0910198674395521        2.5978332345337938        3.0628638467535652       -3.8240900340439938        5.7916410129446741E-003   1.5248030803796642       -2.1772310224684350     
   5.0026960668083262       -23.740616990178598        7.3502435667367108       -1.1542737190255898       -1.6694029466048161       -3.1897013921197921       0.25276575831504139      -0.54981143876054572       0.72345533304893084       -2.2790783467056710     
   1.0676190442325668E-004
           1           1           1           1           1           1           1           1           1           1
   1.0492514162970935E-005   8.5807953135568474E-006   3.7860144330294902E-008  -1.0590269987207690        3.8278154294989946E-007   3.3395078990821679E-010
   1.7839688750988016E-007   1.7836394557086170E-007   7.1832224891641965E-009   6.3067875052446237E-002   7.1811514797529937E-009   3.7197416527937603E-012
   5.0000000000000001E-003   2.4053456715410775     
