   0.0000000000000000        0.0000000000000000        0.0000000000000000        0.0000000000000000        0.0000000000000000        0.0000000000000000        0.0000000000000000        0.0000000000000000        0.0000000000000000        0.0000000000000000     
   2.0364300591772824E-002   8.4866301126382774E-003   1.8045735757560584E-002   7.6630269584662281E-003   1.7570301964417043E-002   9.1622978633225119E-002   5.7494727353309238E-002   6.3737475360583218E-002   1.8089401837269720E-002   1.5765701077908659E-002
  0.37958386342004330       0.36181288165317083       0.34095137303910289       0.33528249227004525       0.36487923911955239       0.30558937830335053       0.30558937830335053       0.33151148792182622       0.33166895767161381       0.48502336718334188     
   3.2918303584609857E-002   1.7299833214837329E-002   3.5597848397506425E-002   1.5516721075467596E-002   3.5089708610948976E-002  0.18736313251584874        9.7792896214742506E-002  0.12516538630744456        3.6843395805142010E-002   3.1305092972545807E-002
  0.33041965982209276       0.33167703874230969       0.41012964553202580       0.37834138411299889       0.36908031559281057       0.30558937830335053       0.37361486134849209       0.46647818471250729       0.33266229837169792       0.47870799022410837     
   4.4751726395483589E-002   2.7103188919186675E-002   4.8638479563096519E-002   2.4389223535341207E-002   5.3092651126625492E-002  0.29265291804146959       0.12078371651182446       0.16530394437120707        5.7092416810109806E-002   4.7255949191016298E-002
  0.33004706801756639       0.40981514918278050       0.34965721407121891       0.39824727901940321       0.39001632487578991       0.45028146834452293       0.40474843188562420       0.37639343888266391       0.39497863683846862       0.48226021827947158     
   5.6040835437287495E-002   4.1709445692771352E-002   6.1628178651257220E-002   3.6104696912877168E-002   7.0763574288095335E-002  0.33324281326689936       0.13905117079380144       0.20184899782958005        8.3058596664164860E-002   6.3216202425634499E-002
  0.36964022449572531       0.46113817050687644       0.40139660575671787       0.42569729257949918       0.45829108460832235       0.41530078218505878       0.40305793043400862       0.45044342735043702       0.44962429298192697       0.45964993548179345     
   6.7272974802826360E-002   5.7112060510181972E-002   7.4047283673921604E-002   5.0273904931805044E-002   8.8043880212259756E-002  0.36586864405084929       0.15374471577839768       0.22712288004434436       0.10899122947686059        7.7534676279391784E-002
  0.34491350548125449       0.35776952762281211       0.35703414063872824       0.42018361305043789       0.39536934385370975       0.40564574470953252       0.39099926873783086       0.38962265725916395       0.45008318016933335       0.34069691787596429     
   8.1024975287714726E-002   7.2737482325919228E-002   8.7090417274325288E-002   6.4315052849380799E-002  0.10492605389727265       0.40560431260323265       0.16736868260829924       0.24968806346725209       0.13369824821687706        8.6990306388059047E-002
  0.42008317788545452       0.50631974453022510       0.37523349040262705       0.35729685590125443       0.40385764028431004       0.43317990121745825       0.40912446096651894       0.43084851542213948       0.43990847117834136       0.34870323704759321     
   9.7954395150661719E-002   8.7944743902783493E-002  0.10338040490568111        7.7960532575826150E-002  0.12169606488803358       0.43480900441898046       0.18038146768472968       0.26814009846297410       0.15840523197419515        9.7203978342849454E-002
  0.45314519193403968       0.40963490952095127       0.45367729511751459       0.42143707928584839       0.33736579504116632       0.38131581948490489       0.37329583610591449       0.40080526052946480       0.51254207945088948       0.40519739024956736     
  0.11513070201584304       0.10424442698152926       0.11769221371375178        9.1918329595331374E-002  0.13745874087804522       0.46018732490512593       0.19174298477386637       0.28530212673118627       0.18251368583247912       0.10777952795806135     
  0.39108630688110219       0.34143707034744436       0.41837686214209435       0.41900295164442786       0.38266209994454198       0.36993287545604014       0.37541702115493691       0.58135926931277815       0.47169970604479494       0.35645181442855495     
  0.13282084619603690       0.12009862358126439       0.12809289938284543       0.10572747322968774       0.15254513537411091       0.48405140254313062       0.20273008767104983       0.30101687987787279       0.20603312019880912       0.11833856519496597     
  0.38497252355557166       0.45032977519624451       0.30576011535499198       0.38927351244720509       0.35170984340447115       0.42029526281224178       0.40744040330106834       0.44510335933186640       0.48280031959563174       0.35317651980397508     
  0.14888897338260890       0.13483132732135966       0.13789566655862476       0.12021272037905033       0.16897478243591532       0.50613749676924624       0.21354125933243223       0.31620979597651305       0.22744650490114582       0.13281889225708135     
  0.35641834405613310       0.45837444183026438       0.35348150996921607       0.44897455765826660       0.44776750256116093       0.34786384910412937       0.40962021239875307       0.41658413446879411       0.47806892293864112       0.38846081599150878     
  0.16325335379710545       0.15066544888323211       0.14751794298040191       0.13444265194580404       0.17866367129068678       0.52656995309779231       0.22416242475283821       0.33081484125542399       0.24883153703279190       0.15085247699544543     
  0.37024474947272173       0.38503628711524840       0.33843125241175093       0.45047732985810707       0.32153070112081977       0.40070796235453748       0.36742206189218235       0.52042466565925971       0.46341885433138513       0.41344883823892625     
  0.17896189248320030       0.16789082611906586       0.15711598396977872       0.14780785963066201       0.18847755027978810       0.54051458523017715       0.23465596536624966       0.34504882206438336       0.26993167465733853       0.16429050496298675     
  0.41423189439692826       0.47646386208478708       0.30647300747832501       0.39246032731477293       0.37575033214481635       0.34640551937548630       0.46286611444047576       0.43597564248387144       0.39216604859553333       0.33680490798733070     
  0.19486020448351871       0.18372157345977164       0.17045876032208929       0.16124810798161987       0.19853806123239759       0.55634570859019994       0.24158201583055028       0.35906733128282037       0.29089197160110508       0.17564723092132262     
  0.38621714044486505       0.41690761191708697       0.30558937830335053       0.41658243792929145       0.33204741067313293       0.34671222442099353       0.33813724583694454       0.46615346247993877       0.42965634658360480       0.32194374056567493     
  0.21111815322315641       0.19880170586354967       0.18512563972289170       0.17523104916886442       0.20867915330425976       0.57292835099155159       0.24830714130802362       0.37349618498027221       0.31178175406771486       0.18716344461861892     
  0.40907341229724259       0.35155595308144638       0.32759971386952125       0.35795852344257728       0.34251788343651235       0.40630561427046236       0.31377707674345362       0.35427562098831034       0.36643637936552409       0.31239918819694562     
  0.22745335858299290       0.20917466198932666       0.20046677341628594       0.18926181142992618       0.22191299286386990       0.58891123826035807       0.25502662694021760       0.38798826688736854       0.33274581856345858       0.19813479826142183     
  0.42021733788681914       0.34133928567834498       0.40775559968227870       0.35172465322826518       0.36696324111599676       0.39478963182599885       0.30558937830335053       0.37397006846482583       0.46175263276848350       0.35072290078648299     
  0.24390930541409178       0.21786667301846516       0.21679512128425393       0.20365198094746606       0.23884769498021591       0.60450716547211947       0.26197326732839404       0.40090499327762608       0.35334970855540987       0.20947697719856445     
  0.38288828130660763       0.31379664733594220       0.36487651200085514       0.38698746636024767       0.40199312289996020       0.38962525812118931       0.33577170098888659       0.35028763829194093       0.37730272131925774       0.31688065187859071     
  0.26081207805548140       0.22664539388349897       0.23351716276480414       0.21799092383725110       0.25559231538715887       0.61926157449980135       0.27038419769396760       0.40908169370101344       0.37224959822620673       0.22786784814020267     
  0.39879839028714659       0.40186865801306648       0.36144413773158646       0.41044965641166609       0.38059767860965404       0.40425536251417882       0.36469724707812867       0.35333850067847000       0.37966352723499458       0.44137009896982116     
  0.27817318113318606       0.23512575186669113       0.25038933317333967       0.23248769521698054       0.27133076919668281       0.63334179434373117       0.28094487994539691       0.41739915214387002       0.39086933260880546       0.24723386656109303     
  0.40445572533332824       0.32376340533584130       0.45105138967067293       0.42122487838037120       0.34518423575448814       0.46936099578192464       0.36296823164781694       0.32368498632054765       0.41260730684356134       0.41121315686401844     
  0.29517068536610247       0.24424732115593498       0.26734526834455996       0.24722371550780339       0.28672486695998523       0.64602612934695569       0.29141628432795097       0.42582743773229415       0.40897464287825758       0.26603161853923235     
  0.39392682467418916       0.33690610411873606       0.38291039802761356       0.38830158516823698       0.39674984921616496       0.37970228035442338       0.48113232028733632       0.35103001616162532       0.48962876399166155       0.35306986675530455     
  0.31136681667310123       0.25739858689673584       0.28461022270704767       0.26232906768374187       0.30227434127809749       0.65876366823166443       0.30183658940601804       0.43438619494300246       0.42517056495983657       0.28333120031348846     
  0.38735110582776677       0.34743628485508815       0.38962548605885461       0.42155814493756150       0.37069189931980212       0.40594840987448771       0.41176930765413827       0.35017549432542255       0.37968349257455380       0.38498513242057769     
  0.32774580016945143       0.27016585053785580       0.30160061699390400       0.27770834553027612       0.31940271018848321       0.67163842546632202       0.31214562332710338       0.44562723416545158       0.43600264342224704       0.30039895325011567     
  0.36249057686544545       0.35338885293325423       0.38116907212401230       0.35995534287563102       0.42749602540136772       0.41244523275173822       0.40293539344844959       0.35700667726061647       0.40348804792734683       0.36250829672960960     
  0.34415957185834650       0.28396120794603374       0.31891414306786009       0.29332923731162919       0.33678992248130102       0.68420566026103657       0.32261758880001423       0.45964112186705147       0.44682890725112212       0.31736659755527752     
  0.33412379988631286       0.34947181244151765       0.42941388368778222       0.43640581329257344       0.46550385496665825       0.37184420496294018       0.41093128434685294       0.39416085844419041       0.32696347232198880       0.40022028615509458     
  0.36080108476527090       0.29882810995226861       0.33591893488779051       0.30859814015827963       0.35441847672998006       0.69648465086314004       0.33396441076445937       0.47366930718696904       0.45750453371141814       0.33465997565739403     
  0.38677475461345701       0.37380945094235951       0.39146829953639767       0.38748968096463743       0.37420493351697248       0.35415859652444875       0.41157987551434411       0.42522521051174911       0.31068242856982020       0.41683148152060462     
  0.37765216746684727       0.31419346631407097       0.35160852477662441       0.32382910644561130       0.36637451666569643       0.70864563034144945       0.34545452015292921       0.48784224759238004       0.46734101136395750       0.35205014611426988     
  0.39964530332056980       0.36687113597979887       0.40620493508326228       0.36900921142619098       0.40773796143483515       0.38948553804202612       0.39195191729479761       0.42164675790579770       0.31652082331364595       0.40403517775831238     
  0.39484510315787047       0.32992139375393997       0.36579730040817926       0.33947056897605277       0.37720019643575875       0.72043907174869304       0.35684673167051606       0.50282382038646101       0.48121654193317853       0.36942810988958608     
  0.64808041010770423       0.39758365480566787       0.38666692620674342       0.41039890504828969       0.32826792361097235       0.37675357642872020       0.40888786962983353       0.42832585487644170       0.32411217278146459       0.39140777999638171     
  0.41171474143954834       0.34567833182571589       0.38093049357853070       0.35455763738167762       0.38771069540851122       0.73142691195582010       0.36826790717309826       0.51789091975386936       0.49737630022372559       0.38688693497912069     
  0.41214332106211765       0.42470773573824921       0.36601594174688562       0.40232921209307732       0.35123114358739627       0.41983866195556074       0.39757935787870652       0.39178570031446308       0.33372210858489276       0.35360089207117318     
  0.42304553287221475       0.36100958931631266       0.39604179012842494       0.36897354479942079       0.39829911145737940       0.74242412122044799       0.37992622066632109       0.53282977142719823       0.51328043522619216       0.40438714184303676     
  0.37688312658912454       0.37159539037870132       0.47251123803286510       0.41804937393285579       0.30698973855989753       0.37320470094314934       0.39575555345397251       0.37448703962112140       0.33183724916880891       0.36471416363603193     
  0.43413885620963333       0.37644028115210643       0.41120194796858722       0.38330530078418618       0.41084166109834519       0.75321139663161396       0.39156820303421574       0.54762811358555141       0.52812285671295478       0.42200039676236600     
  0.34580813146458195       0.39934816264415085       0.43078701020509252       0.34685590177103648       0.38185408873110621       0.37634831927464035       0.42534236426007221       0.44181433320652147       0.34711593921312534       0.40220410762604591     
  0.44533411494104247       0.39211477769753350       0.42052589640107702       0.39925041137765105       0.42877232753593253       0.76381401267089266       0.40295236350191982       0.56159032123913122       0.54291014165319029       0.43839937779358773     
  0.36432019197596255       0.40895649936056883       0.39650940756477898       0.38963693972634356       0.36674662100611910       0.40354088826177581       0.36577216810810265       0.40817001343174664       0.33074784370276283       0.36407640299636268     
  0.45685428538569134       0.40793375161911916       0.43057267513806613       0.41614969271352076       0.44672835161221769       0.77325214053587921       0.41142008360241339       0.57585614283219067       0.55629362361282297       0.45478632959441073     
  0.30573886122250005       0.47564503606696351       0.32752258609849516       0.42398914999706444       0.39734819623504725       0.38712938305564626       0.35080497116631004       0.40422389412505982       0.33238201502887987       0.44857094874725817     
  0.47324084231239838       0.42378259647975675       0.44102524021715755       0.43310933056140594       0.46455610800931346       0.78248299904579022       0.41976732572816328       0.59039504201040971       0.56947889790184514       0.47245322935831635     
  0.34290048573370752       0.37330318799855783       0.32982899111718578       0.38320192255980701       0.38410984416288768       0.41698333069697746       0.32470797242390298       0.43258877706570059       0.33390421828862382       0.42636132691977080     
  0.49105107493031575       0.43931167442964703       0.45150910043561160       0.45021036405799159       0.48203670921461533       0.79145237857751349       0.42810387609518841       0.60460936760982498       0.58517391371275185       0.48989548837270486     
  0.35850986824827891       0.42138592756520449       0.32991230463288473       0.35318466536990595       0.40516567901039374       0.39237967664828916       0.34610766042970631       0.36424331608296645       0.34120573732501663       0.41635975215655757     
  0.50817378470019281       0.45465478072890114       0.46598439280669096       0.46726921932595544       0.49937030687260725       0.80035748508586757       0.43649521296661381       0.61886677788079147       0.60041304309362731       0.50779927642143974     
  0.42611332114474754       0.39930701576611227       0.43689687031597774       0.37179211036257903       0.43823837321790426       0.32752258609849516       0.38001866191012756       0.37661338022038227       0.36328525697232106       0.38414329233435451     
  0.52555194170449504       0.46972912190656829       0.48327707496937133       0.48437979790772073       0.51637125828986807       0.80905135874491507       0.44752889897386072       0.63304902949383068       0.61477321310098954       0.52578787380270586     
  0.33879859780852817       0.35556495019011725       0.43023778925016298       0.35599450397307070       0.38356442315899630       0.34084802494691840       0.43977536356311020       0.44837626040193884       0.35652499110621866       0.37446367951599879     
  0.54321832930807179       0.48492934612619470       0.50093569770608926       0.49763421550255948       0.53343412388411493       0.81789985263436216       0.45972998592533421       0.64727783056787280       0.62907488194343675       0.54384652006260625     
  0.47893116993120288       0.41479997662820628       0.35654398062912251       0.32625795360847382       0.44035624466853912       0.41118147596965732       0.40269823097965046       0.38737352662920144       0.32658014139934566       0.36138897154181870     
  0.56143232217866312       0.49955816576299322       0.51860860815850995       0.51043725434635179       0.54966619856062204       0.82574568055718378       0.47165630215237131       0.65854975634341517       0.64322652740631425       0.56101073040428995     
  0.46688760715712951       0.37705068612873305       0.41962024506898749       0.35178650740120582       0.43134346764238912       0.35496026566868838       0.34913527603510752       0.32742447689883286       0.40307006879979718       0.39365253899522412     
  0.57955195370193746       0.51498183671824838       0.53546975654402684       0.52365682361034938       0.56568543969129015       0.83216317252319882       0.48362413527778336       0.66826020754315552       0.65843032661167633       0.57754201517274928     
  0.36676996788172489       0.37807113166848139       0.41626197336438586       0.35905788527268290       0.45718259556385027       0.36248245195819478       0.42593685143069226       0.33740016612148727       0.39319373544379649       0.41344034467746182     
  0.59750412391661734       0.53018900351359921       0.55224344790768864       0.53790760379501590       0.58157416999666889       0.83772612523651813       0.49495602271833811       0.67795995882709925       0.67418426025938794       0.59418492397280565     
  0.44420113969194214       0.34123446661428469       0.39684733016479207       0.37961655402425981       0.38390200431951194       0.32925729075737942       0.42716258409908620       0.33628390061620722       0.37741287496933790       0.47225472806078744     
  0.61490487478858713       0.54585873747150437       0.56959221266143401       0.55767388764144876       0.59842955829736966       0.84328940256234042       0.50660521575674933       0.68839671507375011       0.68882050992256594       0.61082825423919762     
  0.43421521374265298       0.36979295678820601       0.42352281711550749       0.40239477187751449       0.44800539131733663       0.34368887721295471       0.43247646097885833       0.37987318835990286       0.38286760658320956       0.36798286273511449     
  0.63205095242099674       0.56180099770643255       0.58696664520243491       0.57756526779776263       0.61457382064903310       0.84997513907893563       0.51862271301661145       0.70224794545210112       0.70317100711871050       0.62851915301519523     
  0.42396250762184784       0.45365395844597534       0.43310340184800561       0.36784243090915375       0.35781207259416592       0.42697321096403645       0.48327779763594236       0.40597198808618817       0.37223786281020288       0.38240698600780715     
  0.64932048984657564       0.57829753199347944       0.60437027872475213       0.59753501398366615       0.63105259446909079       0.85760471759921209       0.53106746126830495       0.71665027120431102       0.71752220849402870       0.64617318828308734     
  0.37329024549158224       0.44821754059673868       0.38360859643086920       0.38637312324656931       0.34915623268203111       0.46928519048481243       0.40611364510156994       0.39217105969811000       0.40368726025210216       0.45570098356286959     
  0.66668168138002248       0.59605511780983034       0.62166004402493569       0.61874269185810415       0.64805043038079513       0.86498062952510935       0.54395518937892795       0.73125105426423631       0.73220369784162587       0.66484233946379701     
  0.37424187583896790       0.45888098828937862       0.38992124023711289       0.37737926558850515       0.38450746842611760       0.37493462334505206       0.44428456465768013       0.38521241460848998       0.36331051935944930       0.38348778090788332     
  0.68357645722344007       0.61364804973286879       0.63823068626482105       0.63981900586314711       0.66552301865566166       0.87195770566727893       0.55623537159855252       0.74552213683781321       0.74690683422287152       0.68303978245972019     
  0.39983606767405599       0.44655484656875993       0.37511635347781219       0.36515683797419718       0.38944437348286676       0.35344828901302650       0.44839744617907035       0.37338230157813795       0.37822608396488838       0.38849846296026597     
  0.69982808794747120       0.63111395968561446       0.65366626777756476       0.66079993834728668       0.68344347902216129       0.87831130530866808       0.56820596038491844       0.76010117185656212       0.76158863920096698       0.70099086722881121     
  0.41775670983347235       0.41163611053629867       0.38416588986371741       0.33382876990168303       0.38592997302480947       0.40025864090461138       0.40724127717813285       0.36154332454879917       0.34065130355994500       0.37028020356792030     
  0.71543621140248215       0.64815886061578687       0.66825664151607622       0.68286525600211667       0.70142899316756191       0.88466082305499572       0.58137864222169655       0.77464544721600814       0.77694077486961599       0.71865117858509198     
  0.37622465587571613       0.38705570920673660       0.37595515284828612       0.37949294842491343       0.40226077750727079       0.36459526092876426       0.37772897927347737       0.33380603591127589       0.46629338319000768       0.35362485319295867     
  0.73114982345487012       0.66493102550927330       0.68569013729815720       0.70500137700744203       0.71966033535803042       0.89115593176664598       0.59447714968423382       0.78892917223848824       0.79203342977356905       0.73619039226619076     
  0.38352827020068392       0.37704966311130050       0.48390865857037652       0.35757625870929705       0.46855880021785357       0.33591445483032262       0.42039779957189655       0.38635021868893016       0.42224770575032639       0.44386515207102195     
  0.74778786880473835       0.68193532352893005       0.70335086894019816       0.72674656306061791       0.73666322430804310       0.89799633939318702       0.60708815319093046       0.80286733719913739       0.80699477404127951       0.75399632063097755     
  0.40472751615094438       0.43494202302630630       0.38885209193239856       0.35802197257295598       0.39999932357675649       0.44012925773626438       0.39207774630851205       0.41033911411570917       0.42279075889713214       0.36365156408458693     
  0.76515975811530368       0.69964333207404183       0.72161449295175362       0.74744972041343627       0.75305876649532577       0.90490780231798806       0.62007143574468804       0.81699736422232416       0.82135414474072965       0.77170160256176445     
  0.35034080259406114       0.39751326278752003       0.44646812288410409       0.41028532585166894       0.40278525677268884       0.38032212127854481       0.40462185865699823       0.39098060643023935       0.36275615406441841       0.38581473866608818     
  0.78163899276621451       0.71755355347288452       0.73945272714836885       0.76586225357436910       0.77062594681813634       0.91168190568891005       0.63378394873381105       0.83084871759589374       0.83490231637226986       0.78932232642834110     
  0.40525088734324877       0.33703071385623778       0.50144308784795055       0.35567299767539035       0.39672423202360529       0.39346280265971628       0.42801420791399852       0.40478945668950733       0.36464579440041056       0.45576433865732968     
  0.79709001034345994       0.73537216459036903       0.75612516404432684       0.78346844703832774       0.78827338600823649       0.91849996654903721       0.64721401049936067       0.84447628449542200       0.84848020316117845       0.80694333208568503     
  0.35181655730304912       0.39210505339875651       0.32544680513706620       0.35085002823567607       0.45740926627491624       0.40477878801744827       0.40010858657391551       0.41217004431158183       0.37177673774836945       0.34105644893681608     
  0.81097753325665012       0.75343914412140511       0.77234972620320019       0.80630724453085278       0.80413753698622759       0.92530566683607340       0.66005791909096301       0.85819912757683059       0.86193425289806835       0.82574497131812830     
  0.37806847811351385       0.41877068418754071       0.45784457826860864       0.42523424830296358       0.38522469875164000       0.37574327102496730       0.43650024858303071       0.38125651490271661       0.41107498015544386       0.36791272721119417     
  0.82676708681536248       0.77184826256814565       0.78908715315518640       0.82773170896403059       0.82004974919934615       0.93214153201205840       0.67306425639992951       0.87149774509285505       0.87560658983475648       0.84513183160326943     
  0.38179578452560836       0.38704371790105641       0.37802474142021214       0.40436079019030574       0.38775486680655707       0.39004509084054667       0.39279767207669231       0.46099915844262668       0.31424713359073259       0.37355704123009159     
  0.84306955495560254       0.79039860639671411       0.80577306181314512       0.84676466354847491       0.83557578820923917       0.93884305328444739       0.68684449778797041       0.88434860637144475       0.88921914373253796       0.86323648089980287     
  0.39260313845547373       0.41306526019154838       0.32006013776119041       0.33888327779033212       0.37549718244150621       0.40116845088364755       0.41151588552961016       0.36348320810924556       0.37578110152479199       0.39277548551885910     
  0.85848035027961023       0.80882483899271684       0.82251294865219504       0.86658865984372502       0.85125871229429706       0.94536115732983128       0.70172461125036434       0.89706399269935333       0.90230636307083367       0.88131322571349868     
  0.38374026046803256       0.39697330816136261       0.40421245032225633       0.38644635817042106       0.46906087219422843       0.42514200090042281       0.36446177177724087       0.38734492179503116       0.35362126091104817       0.41051908640704371     
  0.87387124530599203       0.82873482621576577       0.83910923325946196       0.88715496141365224       0.86443177299629115       0.95178900821879397       0.71668842084717488       0.90985566832502829       0.91516602727715046       0.89788905230448590     
  0.38080363722146199       0.43213211019573067       0.38144338904870689       0.43377600583975262       0.36930406371307362       0.47887105323795781       0.37847511884426738       0.34958770770273262       0.37877269648919526       0.36998398358737761     
  0.89076282471787005       0.84732954118771853       0.85542465367096809       0.90600466646031841       0.87584944454440572       0.95815978017046521       0.72979162327436020       0.92227003792742779       0.92743323092923136       0.91192642242275301     
  0.40727667370505521       0.34963273906557218       0.33711247358192753       0.38106311982573826       0.32752258609849516       0.44839954156962408       0.35768028843230243       0.37405597881942920       0.38957460578728520       0.35751169633818891     
  0.90795464133924630       0.86289769968002428       0.87372307338483168       0.92416058751992602       0.88797099253469247       0.96407820403311895       0.74236283724948859       0.93408269360272933       0.93933363453022733       0.92207273459315087     
  0.33668494219878559       0.35006027200853718       0.48763760556339952       0.39830948169630415       0.39058740575935086       0.40201844844407536       0.36248543027552804       0.41858209969931709       0.39643059666007330       0.34272556796264264     
  0.92680471682359389       0.87837175600631345       0.89316594662976112       0.94038470224070592       0.90006495984923796       0.96805183294845409       0.75494370669268529       0.94522410280649483       0.95120442970209651       0.93237411390331082     
  0.43529964197000959       0.30558937830335053       0.47623174254631218       0.37296676671985302       0.33555311459234283       0.37340933951321970       0.35854319976154297       0.33751513551947043       0.34348359319925215       0.37835522210041173     
  0.94468372736321105       0.89456519629220710       0.91195128307183415       0.95653964585584428       0.91596622492398694       0.97201062254526027       0.76868491287237584       0.95681107696268730       0.96299558996678380       0.94252015024647329     
  0.41261670732322714       0.37453929173093192       0.36791343270386379       0.42595137943856459       0.35302408290216541       0.36843301159195996       0.37803827435969567       0.40283798693177547       0.41484087881016252       0.32609315087989321     
  0.96045873300860851       0.91386060050477980       0.93025000841655747       0.97038897642272415       0.93289066393973841       0.97594763117988481       0.78400583592228090       0.96805100303125957       0.97360977963623407       0.95365501523333684     
  0.43641272766691602       0.35843740187655615       0.40106176283472256       0.40446061325087262       0.49571684564939494       0.37497225852009824       0.32333320155475376       0.39381737468739897       0.39622932838371777       0.36498427682955448     
  0.97393056555619695       0.93561009840383091       0.94808435361934162       0.98202313256745410       0.94881498606088821       0.97981772929888322       0.81014637581215621       0.97822501096401837       0.98389461591555449       0.96752612485964473     
  0.40922875772292361       0.40538134146976068       0.48760690175858928       0.50165807405609009       0.43174461763991334       0.34580487511128000       0.37688998289946646       0.35558908020382352       0.39479179295245431       0.53084627796186268     
  0.98320512202739241       0.95566772786160237       0.96587651510777839       0.98847718541209528       0.96472552691015956       0.98533979853461884       0.84681938388122002       0.98609746186090441       0.98962445747260586       0.97963878971657858     
  0.35951857332346471       0.38298599981726245       0.39422851522632746       0.37146618069653420       0.39103481734167034       0.45928683516676116       0.44014609202836458       0.33797908894398637       0.37117517222965085       0.48629019469323770     
  0.99171158548696525       0.97780125728924139       0.98282438837040886       0.99433137155830620       0.98219874654877526       0.99237900995566886       0.90625254794174692       0.99316609529304334       0.99492994118644373       0.99029174386622731     
  0.32720351396375341       0.40118808009263546       0.38151595117112702       0.39940436530211482       0.40841299624540817       0.51208311068687096       0.44498238001870827       0.32082951965066753       0.37608047317678645       0.38742997444370414     
   1.0000000000000000        1.0000000000000000        1.0000000000000000        1.0000000000000000        1.0000000000000000        1.0000000000000000        1.0000000000000000        1.0000000000000000        1.0000000000000000        1.0000000000000000     
  0.45125644937967868       0.40010653694739123       0.39984757484118583       0.50322845159124008       0.41084543915344018       0.41890056909994472       0.31810537771983699       0.33362200466316039        1.0608645449539580       0.40157871583869231     
  -9.0424047197128523       -12.933011095328283       -6.7828402539623811       -25.958738152185166       -5.2966107163816920       -8.1702280405476895       -7.8969145880589409       -8.0025686820393549       -5.8698065792532637       -7.2741839248423457     
  -3.6289438273996262       -11.636936561016549       -5.7645240619371343       -15.619081039502031       -6.9746929407827629       -17.559025243320928       -5.7327224673397810       -5.2296755995605357       -8.4286757567743074       -6.5727928962081146     
  -9.5074726994409762       -9.3560931192521206       -2.9488289812387665       -11.136397900309868       -9.1821004116405103       -6.7152977852693834       -6.1857982926803787       -7.7045145276619591       -5.1931931999241581       -8.5119198116942698     
  -5.4483155475652776       -6.7724363754020320       -7.6796387311112895       -8.6694978336638151       -6.6165461082231465       -7.5447390415460935       -7.6939270931414985       -5.9853841050056280       -8.5998698913939347       -7.6578571261259993     
  -9.4365264544859393       -4.3520506692670304       -7.2966277236480765       -5.4024721362761419       -8.3329089292974512       -7.3554310371163165       -6.6062703431055523       -5.9982504703597126       -6.5485527607472465       -7.6066795741528654     
  -7.5406445258217278       -1.9306730146255229       -5.6140121956990754       -2.6487009063175262       -5.0140154063378111       -5.4938615998546814       -7.2747917588175897       -6.5526782137218262       -7.8852837056838716       -5.3800403334557521     
  -5.1355160406112912       -4.5387741301191822       -9.6025257265127451        3.0127050310075472       -5.6862637491863657       -5.9148964213290647       -5.9683248761327734       -6.9223180615304480       -4.1812547246424536       -6.4363777518641614     
  -3.6538709687979445      -0.69375150633336413       -7.9345408318265278        17.898265678588064       -4.9286614264504349       -6.6113438516402034       -8.7498651382470811       -6.8415134808306988       -6.6224038698688643       -3.0572571097522041     
   3.3579632715869660E-006
           1           1           1           1           1           1           1           1           1           1
   6.6051530481974373E-006   4.6805356390593937E-006   1.5787761751006875E-008  -6.4013916311696004        4.0838836466513862E-007   3.7291785081386086E-010
   6.1632969296403166E-008   7.5425699313972611E-008   4.0497747303910252E-008  0.53703427483199107        4.0460668069996223E-008   3.1574464580322807E-011
   5.0000000000000001E-003  -6.0255740698024507     
