   0.0000000000000000        0.0000000000000000        0.0000000000000000        0.0000000000000000        0.0000000000000000        0.0000000000000000        0.0000000000000000        0.0000000000000000        0.0000000000000000        0.0000000000000000     
   6.6269202070885097E-004   2.0651232529654089E-003   1.5155281785280434E-002   3.6390470469226277E-002   3.2306657291356435E-002  0.36645185371668010       0.14667226041754880       0.10464914643609682        1.6765027024499765E-002   1.4256797804232058E-002
  0.41939454924753528       0.36604237671030881       0.37243368718037773       0.36968172137546235       0.33159073783994730       0.29362605137304948       0.26349990977548499       0.28241221067807237       0.46192662700631165       0.41788521094082098     
   1.2155363364195785E-003   4.2484032854166257E-003   3.0889089636909717E-002   6.3350079998812966E-002   6.4523691696696819E-002  0.58059464486087020       0.22267080531424424       0.17102966810119927        2.9404135443618105E-002   2.8754585714542851E-002
  0.63127375052344792       0.61905872357991920       0.32972592229916248       0.50986101398451467       0.35603657614252149       0.60785936385001882       0.35244984444581551       0.31791707526579477       0.39823271028855800       0.35169470783321560     
   1.7332477176719508E-003   6.4924066988041821E-003   4.6121634539357644E-002   8.2291846155089693E-002   9.8101452849403706E-002  0.61941221501333921       0.25647952448415468       0.20560048251375299        4.2452523386187768E-002   4.3065387726911208E-002
  0.44503765179805976       0.52483796822047657       0.42493814758406995       0.31041047994930504       0.38543149241993363       0.36012443366309693       0.40861963177436528       0.38122336811359953       0.35876388775354540       0.35313625441774121     
   2.2851583611926108E-003   8.4928293581171942E-003   6.1763013159064177E-002   9.9441914753352262E-002  0.12453776742758439       0.65332450093868077       0.27995419944166861       0.23004644678263084        5.4425592375388201E-002   5.7449740230477386E-002
  0.49635224046913856       0.44478631035791494       0.34852465979725578       0.31260738490765788       0.30111543780851535       0.38493135375744419       0.38863611923258018       0.36493295426052735       0.35438646806500795       0.35294813394644275     
   2.8535145361602548E-003   1.0267884947461954E-002   7.9132291128394663E-002  0.11583055593173289       0.14705584067014491       0.68120845174589773       0.29375281897940186       0.24393410545431626        6.6525973501138411E-002   7.2304734942252341E-002
  0.61566131324861806       0.37123199252301708       0.40691988195458373       0.38068569122873924       0.34115968188705442       0.36152209332210034       0.34263560309985203       0.38790500261575545       0.46605553283698675       0.38310713058247836     
   3.5140318122350591E-003   1.2229665804035530E-002   9.8541387572991954E-002  0.13144115649064589       0.16811927094988088       0.70412838133672095       0.30737087397371016       0.25783930548988487        7.9364191999735670E-002   8.8323220110758049E-002
  0.43572777463397422       0.41930317610212986       0.36119565034153245       0.45984798310139130       0.32796897403526898       0.32850152019398765       0.40068696992862707       0.35746293930291279       0.34457607796303996       0.40726832179947448     
   4.3270917529351968E-003   1.4438834788852205E-002  0.11764635772322747       0.14825321585965873       0.18998193061539465       0.72554183658101501       0.31988670597613267       0.27047446904123712        9.2199066971643651E-002  0.10569094067279682     
  0.35959653849008921       0.39437118213811151       0.37170090655780263       0.32197653522643821       0.27784787351748003       0.38247670805242356       0.33244634830517034       0.36520969276240234       0.39206045898036368       0.36564074794349377     
   5.2469260940655581E-003   1.6732127529163247E-002  0.13682055771291382       0.16454607469592625       0.21194777810811277       0.74474161218183033       0.33168880687211982       0.28188568020943633       0.10390961770446630       0.12244081419204904     
  0.44112789236238048       0.51205436223689726       0.37994602011056061       0.39603626927838431       0.46541713854001793       0.40755341134435791       0.33370290360744437       0.42768494727428386       0.32617774400310695       0.39323373173033699     
   6.2083853904039915E-003   1.9004881854830246E-002  0.15580227640241850       0.17991240760101335       0.23124464422017293       0.76242188951549217       0.34257944521269629       0.29293117727681151       0.11659818780161854       0.13962921298231176     
  0.40505795940461337       0.42178101431199083       0.36490670801221481       0.34694125769867928       0.39884156650253016       0.34540713920220806       0.30245542014225646       0.37610966498168497       0.41871726288188776       0.38042968166551222     
   7.2304257138146415E-003   2.1280995943023184E-002  0.17348091088841947       0.19671427977469447       0.24632370628824196       0.77843625009844608       0.35325036213706318       0.30484679131703246       0.12846625394564540       0.15598589945507882     
  0.36132889186800282       0.34703776428165445       0.33591566661068767       0.42232028649015035       0.38654397694849241       0.34504637544308397       0.38172545794960883       0.46417690615616825       0.35787121733697080       0.33161838673973715     
   8.4417918666738253E-003   2.3561890282785870E-002  0.19117687685879359       0.21139400713176185       0.26208945870023298       0.79406371375116747       0.36470604696029485       0.31712500126212084       0.14084022109154407       0.17248395967109248     
  0.36660003633675126       0.35746716534031298       0.37381732721793959       0.35372022360071625       0.38087919003192394       0.34527394932493827       0.41893438988170612       0.45376004157515892       0.52738779027066784       0.33892049723957640     
   9.8133236298423750E-003   2.5972991786149698E-002  0.20856545329087628       0.22658728802127392       0.27766997217389755       0.80726799241324576       0.37645288791932974       0.32895634305619864       0.15405321845455128       0.18871233888545944     
  0.36356559275056566       0.39220089538940206       0.36726251102758217       0.32510016417055060       0.37531018722267656       0.33048320577874180       0.38884916388575719       0.40507258010127173       0.40360025183188925       0.42884858299001055     
   1.1245002067248143E-002   2.8685880362731373E-002  0.22690456422528227       0.23976742325827696       0.29256053986641367       0.81982125402581130       0.38788045056364134       0.34000263960740751       0.16801593146263874       0.20261587830298075     
  0.34222520703329884       0.40124285255277015       0.39154840816205871       0.33345499324342143       0.39442636886282922       0.33687443769110897       0.32783930275680384       0.38137148225437068       0.39249416950165933       0.29505074961110705     
   1.2860415449366461E-002   3.1209108372462487E-002  0.24264999784795652       0.25326493824760038       0.30614432307525813       0.83053379695233853       0.39828613377491018       0.35073814373922807       0.18255046901601368       0.21680246152127086     
  0.37707121588116294       0.38580898296288119       0.37584701379769353       0.36584109627106132       0.36815189576279195       0.35990260469064295       0.32414962434700778       0.35724524267522345       0.41007633014116673       0.34471827919067177     
   1.4632254464436141E-002   3.3328882488874216E-002  0.25706506602806845       0.26740294711499635       0.31896245962912823       0.84040900683721409       0.40826956320015467       0.36182613517783757       0.19723103978473355       0.23079942307901030     
  0.34620448490958067       0.31987392538062359       0.32481322083010916       0.31084864974213811       0.40134672931898285       0.34188905282074300       0.40663111279709629       0.41999539795914981       0.38044700118834218       0.39305968268535474     
   1.6709856314511613E-002   3.5821367560697967E-002  0.27117042894470461       0.28026383312638470       0.33178575211509925       0.85080287964583057       0.41836316688254505       0.37262638299450945       0.21126290331405534       0.24629307444865808     
  0.36789081419489233       0.35745806240423117       0.33798640593035878       0.32290251913147339       0.34589770286884242       0.33904388602835983       0.39235273325475567       0.49378263778651671       0.37568094527634782       0.35799976969193825     
   1.8803981031531192E-002   3.8589980087414065E-002  0.28521371387321387       0.29172578156279289       0.34406298427167487       0.86153494322287960       0.42826118023294024       0.38376822673287658       0.22495357385800369       0.26335092038571195     
  0.33701104438164858       0.41985243158039048       0.34307786008410085       0.31244860998175955       0.34217129217334974       0.38818079056081684       0.30968709847798592       0.37630552997372091       0.37701782053762944       0.34950944477448309     
   2.1153979350999361E-002   4.1609500792741602E-002  0.30024677800088523       0.30362678777517255       0.35588861128111166       0.86947201115813866       0.43828001838239050       0.39426274757096524       0.24010524060166449       0.28120829983075479     
  0.40039350602042062       0.44862083529677926       0.32949494654172329       0.37224098302425379       0.38520720521065682       0.37415561421812860       0.34103437651177726       0.35722618338939965       0.43144096127884746       0.39229376681018596     
   2.3588595106586428E-002   4.4746557411155498E-002  0.31595119097058560       0.31662789005991659       0.36792246146548707       0.87686596643797998       0.44758501037961229       0.40713368688798646       0.25635540225979270       0.29926677042347627     
  0.32084036346045297       0.31724540272128277       0.37503394230949216       0.34416843826531479       0.34150173494082092       0.34539410901181183       0.34240495204948534       0.43845508178287662       0.36204929195507346       0.33173793724702377     
   2.6418250208783318E-002   4.7811457811064280E-002  0.33106038631530338       0.32977393681781830       0.38014159580630674       0.88301888400079698       0.45681881942514235       0.42132802688363769       0.27312996446731441       0.31706356283523746     
  0.37239611970747816       0.42425691990125247       0.39828229881858146       0.35698253423420556       0.40853822213279739       0.34146150295231770       0.38704761903008517       0.43262016222249455       0.32236836926008061       0.38415933009957287     
   2.9298803709054355E-002   5.1086501573770607E-002  0.34672164712471421       0.34320492841101291       0.38989973569274633       0.88906333917194469       0.46486917510580916       0.43422055010704447       0.28989424070169917       0.33512457303431420     
  0.35658584110683861       0.36329882079661818       0.38318503734130477       0.38218539165631987       0.40512800726226428       0.33637007256003409       0.37341183867747557       0.42627149444848217       0.36335540437142472       0.42004849364466068     
   3.2582840993236460E-002   5.4673452054486808E-002  0.36115586219529783       0.35636238784007906       0.39933358186002227       0.89412417566932556       0.47298484346416353       0.44530775496249253       0.30749612718204139       0.35336554050339064     
  0.32839057640770331       0.33475740428951778       0.33015888810446969       0.30485323225185645       0.35695084894692303       0.28990197956327801       0.43172622865024934       0.41136950413992129       0.36756080048000478       0.43941517387311257     
   3.5862583953394582E-002   5.8712504271714296E-002  0.37458265970014032       0.36784220704077242       0.40808716673362738       0.89910482594953878       0.48126963624236657       0.45625513521968053       0.32625774604343966       0.36896223273613649     
  0.34041089356145032       0.42125026273277744       0.32983584250842068       0.31425166302253388       0.32671203202143501       0.38099990455812055       0.42536948603720143       0.37254209293518176       0.35873235072523746       0.38065893314585875     
   3.9344112423395333E-002   6.2871296686557721E-002  0.38787273226020530       0.37849615891427590       0.41706764254070144       0.90367555610367456       0.48950367678156065       0.46743850486630095       0.34383178341907594       0.38124323414880679     
  0.30910338312810254       0.39937876470110711       0.33373992276419218       0.34660251281762244       0.33660177826462678       0.34029120039310801       0.35119864767244963       0.39863860183744021       0.38907165504998009       0.37374743924296561     
   4.2973192657865929E-002   6.7167446884986631E-002  0.40194688289207553       0.38919096162656441       0.42686480030523200       0.90815686084522385       0.49763389887592047       0.47976510998019484       0.35997223237608122       0.39331614748473942     
  0.32084015595963489       0.36382842152601030       0.33181829575747623       0.34425537220471608       0.34623820451331033       0.31822329980063735       0.34382865930111156       0.35750927332052529       0.38448733088444226       0.35999731590107431     
   4.7017473072073580E-002   7.1594657703461212E-002  0.41725875803420226       0.40209170643993941       0.43670884943789040       0.91255780471470171       0.50478557220810083       0.49313136869044083       0.37835029600139536       0.40542646303678298     
  0.32901223875776664       0.37522981508259068       0.33096498303556132       0.38754107017835893       0.38813501020255142       0.37858328004277297       0.36401790741404416       0.39388117932441286       0.38095131386201353       0.31128389913379584     
   5.1449155118923305E-002   7.5957806500040345E-002  0.43287961604550174       0.41396660966713178       0.44522440215906617       0.91698449958448003       0.51122076627773805       0.50519804011210656       0.39945896298961620       0.41946498175021213     
  0.34400042468466685       0.42265795246978821       0.41719493373039895       0.30621673302544272       0.34435701288258946       0.30022588936160383       0.34736045996862308       0.38771635372199947       0.38691750407748132       0.34860903340270422     
   5.6083094896067595E-002   8.0196984755687900E-002  0.44897796955600056       0.42410230498747725       0.45379232670039443       0.92139583648845935       0.51758204302825073       0.51596733467914102       0.41969581174705911       0.43673322222769417     
  0.40618459027077031       0.32490277956433655       0.36154345121625375       0.36638581041147877       0.30523949957099739       0.28920577927289692       0.27960098657793930       0.34237701583076208       0.38976566349558411       0.42863030277289788     
   6.0807532611318528E-002   8.4829514811456036E-002  0.46638919249502742       0.43735598902213252       0.46372400830255001       0.92564541131766354       0.52431331859640462       0.52660540781970167       0.43888784038083978       0.45283538360333342     
  0.29436555478970161       0.33049993278570045       0.37030326673623598       0.31113672347340576       0.38307657342969231       0.31069670552245693       0.36725862916750185       0.29866233589652458       0.41991246713051283       0.42247494105069799     
   6.5454333054532812E-002   9.0100257444349824E-002  0.48416542207794738       0.45017178679733139       0.47443215170760256       0.92936257078625439       0.53126242627493947       0.53796873189247740       0.45732992374863563       0.46733729059749229     
  0.35133315936946463       0.34682395129326210       0.35461553480506514       0.40296286390370606       0.36011257533895824       0.33218923659802091       0.30622084517013232       0.37264514608857774       0.37957478733040712       0.38156161321421589     
   7.0257963404571383E-002   9.5590331598898279E-002  0.50144107820014439       0.46244210798691537       0.48494175656847321       0.93282164885510177       0.53842400185552641       0.54988162117129513       0.47680953030750478       0.48352946155950055     
  0.31992489468021434       0.40149486739785328       0.44264515856536074       0.41534507917070057       0.36844586960602799       0.33408238852811251       0.38698235077488563       0.37391830426812811       0.35325443051781619       0.30726268611782276     
   7.5801445683279262E-002  0.10126492249902300       0.51812010348779303       0.47470651677361608       0.49508108186818922       0.93629934820844529       0.54769412241192006       0.56088284487883189       0.49578569282852819       0.50138754894719106     
  0.31720184192918227       0.42615314214454758       0.41997074969372111       0.32974336537133209       0.40857034087742067       0.31793065456014313       0.36000260283725438       0.32577126186914040       0.34588116437469785       0.41354359325708911     
   8.1923766088212863E-002  0.10713682341416889       0.53294729435891841       0.48910685084619682       0.50528282032276817       0.93966125139846413       0.55700260188449202       0.57136621535199761       0.51207825392343198       0.51899205252010483     
  0.35380123147832659       0.27167511297401331       0.36234133465104029       0.32787155237151078       0.34411960855441925       0.40948553552972233       0.41239644684128091       0.28203424470360522       0.31249478516745871       0.45999458932786452     
   8.8176814343897361E-002  0.11303665939742787       0.54729587058485374       0.50290854085057890       0.51634284754399717       0.94269137066646480       0.56492391840843603       0.58128411587825557       0.52807699566855160       0.53658573681832100     
  0.32452342768396653       0.34348782122943677       0.38014355365155733       0.29013478875648679       0.51113452933169290       0.31306219261314155       0.38366342875337817       0.31240599155822041       0.36306201656755788       0.43984862645458295     
   9.4123034739588690E-002  0.11896368400663503       0.56116669606456737       0.51539368327098645       0.52821173162815926       0.94567102490095079       0.57227888785928449       0.59157037659613287       0.54664660309997148       0.55295225861749853     
  0.32244998061602964       0.37665953688077047       0.47755693967242763       0.35178081145144291       0.36967424228212725       0.43706230765259135       0.35386720674048056       0.33661967297270495       0.38857092905644036       0.38512603498069925     
  0.10200357580336877       0.12471432159070071       0.57706627842031311       0.52851133556573593       0.54021622972922423       0.94857233297954469       0.57868621725050384       0.60270468406353561       0.56436489766640074       0.56796814381530836     
  0.31582656999102909       0.30896583257052962       0.34253718320351961       0.28577359615790326       0.44294704359396569       0.35611396779497378       0.38585866805467556       0.36703750660617801       0.36297657548225726       0.39884912644008741     
  0.10988594272855205       0.13078476326104932       0.59366510018814278       0.53876361273553519       0.55265214459019485       0.95115483730100414       0.58464962099948237       0.61647844332387625       0.58226176738574331       0.58259054479923045     
  0.30918435169612690       0.33505037370267210       0.38701488999543793       0.28088853442881595       0.41602869173577461       0.39847401032410101       0.33495280820651474       0.37248008586702147       0.32298970007460082       0.32026401028177037     
  0.11771016621370049       0.13705671468562275       0.60871991463179453       0.54977272400039379       0.56446853707871059       0.95356175729171166       0.59079437717157568       0.63062808426285388       0.60066785424121427       0.59604779377865857     
  0.29427748576206469       0.37365442530284387       0.33326299048046404       0.35219022381719917       0.50067331693340511       0.30347364283580436       0.32761480219767680       0.36650830514314853       0.54621056756058761       0.29799579047703711     
  0.12779476168343490       0.14388287735703947       0.62375528277155801       0.56115292564532426       0.57535677075639935       0.95593942393580289       0.59738898248815464       0.64541785774995497       0.61650319303109746       0.60928992965456275     
  0.38911184795120857       0.32589744973032508       0.37487794536371133       0.33062815167629706       0.45027148443648773       0.34186313691513759       0.38767598641531587       0.36343302434174163       0.40055637518707637       0.33903485648583287     
  0.14003501218205319       0.15207137049409791       0.64017918323733436       0.57280141637059367       0.58589524383539471       0.95829296146325826       0.60486557763235016       0.66015847297105579       0.63219802860335672       0.62335110491583645     
  0.32979726500164980       0.39360734394442193       0.40104199577342514       0.37158067599076344       0.38394070627701010       0.37737871514829768       0.33112074038630684       0.38735335280132194       0.34769021543669631       0.28799081882096528     
  0.15217878147258593       0.16062337073397279       0.65794801271376802       0.58483998944958748       0.59641596600318292       0.96050994052218197       0.61248158403717123       0.67358481673789472       0.64577174723980257       0.64030604505607569     
  0.34769987968743116       0.31501475353587738       0.38224228311065939       0.34033781517269368       0.37974171586211902       0.36819565962294160       0.35281829021378996       0.36198634114812206       0.35650681389793326       0.29028972017621291     
  0.16487966346029431       0.17031102586532243       0.67665145449341202       0.59608984964506895       0.60724410313049360       0.96260971684778041       0.61992463131834508       0.68653977852905934       0.65931446379475456       0.65875999263934704     
  0.35409416117673503       0.35207073708639253       0.45378492527366032       0.31584319002782629       0.35824519750598655       0.33890437530164813       0.32897485088372314       0.33192682767754811       0.30551062313943522       0.36033854298162094     
  0.17911724209296759       0.18031687318092585       0.69484075916664911       0.60672401428594014       0.61870848445896087       0.96468194964909781       0.62758155750906663       0.69919261622680762       0.67397501896004341       0.67785207678297754     
  0.38574566424522011       0.31174431023911209       0.36654058986464044       0.32750331428405782       0.35469294149413000       0.32736581094258776       0.43929311391076042       0.36181438445823599       0.29671338024308902       0.32721786813507309     
  0.19562463494091478       0.19042356984872236       0.71270653151278018       0.61714298337642759       0.62994080264369356       0.96665823997333411       0.63530354369128450       0.71204795669619925       0.68791966763680634       0.69819431318787173     
  0.36309836576745391       0.39298453328127281       0.36458992742695723       0.30786646998940687       0.32455019238225602       0.34198361212780731       0.43596429511114054       0.36091963449990255       0.38539633754705621       0.42207596814441911     
  0.21335209519379900       0.20100799606138323       0.72931079884502548       0.62788291601622714       0.64072964597526039       0.96865174937138787       0.64336380404736215       0.72648331651921272       0.70165646893120281       0.71760755621668038     
  0.38446951667559848       0.30832843387868514       0.42438863927995335       0.33217963075899853       0.42129385125555990       0.40559829623246968       0.35284291643924026       0.31550293171248522       0.30121735808741623       0.36864349264649754     
  0.23248675056909610       0.21161055266402901       0.74657980403168023       0.63941534468468453       0.65144117511097654       0.97067355127401544       0.65235479226169835       0.74151868222338646       0.71691088919623813       0.73659389132748354     
  0.36772723578937916       0.31916534159697424       0.41752803151481105       0.42482894921233449       0.39622703807338755       0.38047240548830108       0.39500744053649306       0.36341731282561968       0.38745475374204386       0.38986502526057859     
  0.24928449920528836       0.22317000635076661       0.76273896602864122       0.65119312977350396       0.66224860469123237       0.97274092436605863       0.66079298901812389       0.75767555158755395       0.73191396030670952       0.75514099057157047     
  0.34402065816364930       0.32643842763323883       0.44830932062193596       0.33364439578095917       0.36354553760049785       0.32452926509185093       0.43449529065785775       0.35243009769797706       0.30528700002379272       0.41654738299119209     
  0.26881454016085327       0.23599874593771636       0.77854257519886849       0.66334623097873358       0.67324240001668678       0.97467895876539690       0.66788871659324389       0.77362539660633656       0.74672011668807026       0.77277042401500551     
  0.39921607027982603       0.35116016324601668       0.31248669358252917       0.40585584454387158       0.30969215851708132       0.44050531092480971       0.33946413481379489       0.33821615394394072       0.30781131289540420       0.34944883956051237     
  0.28788872987018904       0.25009913042877024       0.79368140603218418       0.67547857130460331       0.68408325039146278       0.97657957671514894       0.67498195561080043       0.78836851963625521       0.76213825665165047       0.78830511257398861     
  0.44823067779205744       0.28241221067807237       0.36562182535118098       0.41593374717069986       0.31167887130418531       0.36240461721058564       0.31462320271641242       0.41443507302080929       0.35113424701456114       0.34782531962783780     
  0.31379461344392406       0.26574360733131369       0.80796961155678770       0.68753052713673590       0.69389605957585831       0.97846129404021898       0.68259940641559769       0.80249289032921522       0.77875734754097159       0.80226534691935081     
  0.34562637977210658       0.33625227775947053       0.35994720202804587       0.37019502582113406       0.31995084708770727       0.39593004463725856       0.40676975701012041       0.36323222558927332       0.29795738447893683       0.36474844616830299     
  0.34308197945358837       0.28245422525866370       0.82235888190845352       0.69960978817262831       0.70347299506576999       0.98034313308259846       0.69000547388944655       0.81519698513106531       0.79630263592919115       0.81692816544370284     
  0.32657266799688617       0.40833239125540094       0.39535169840916085       0.36237491982692183       0.29939778815046419       0.38956984806505962       0.37335152200183619       0.29789725052392363       0.33974818555327335       0.35027783349393604     
  0.37388558062253702       0.29874516107048465       0.83814710373961265       0.71040848833724524       0.71431458534318415       0.98217527579065356       0.69927822888661861       0.82789018427808470       0.81538050604744139       0.83161351383479987     
  0.31778859745604432       0.30614265691960052       0.33847597574946098       0.34274544715450245       0.33322677085317115       0.35810328074557801       0.42300303888102059       0.32632085718416248       0.38507602771568961       0.32895196458740655     
  0.40452517016330186       0.31540479866446997       0.85394577961287776       0.71967234002835667       0.72636007722926499       0.98384328605447480       0.70872108359169494       0.84059657768837148       0.83445443825630095       0.84814358981860238     
  0.37635078117184834       0.37728793621910045       0.30985058639649332       0.36549477478756287       0.28654807411311495       0.37427105072183725       0.33538665696091541       0.29930080134370407       0.34303190501218395       0.39230237274831020     
  0.43779511183649988       0.33175634666954457       0.86954078594822304       0.73114242801693541       0.74033356195954070       0.98540260997999440       0.71856338545569365       0.85397558872263080       0.85396214063022657       0.86720279893898933     
  0.43699555306892407       0.34958226277569354       0.30724613416469509       0.35881447088808782       0.35196061718734978       0.43192067272815321       0.39649892785092500       0.38841078242792415       0.40850131080450691       0.45130996558212760     
  0.47170447184185771       0.34997686177864690       0.88445593995106431       0.74396964915040042       0.75674068808383788       0.98691297959271440       0.72832978415619098       0.86763825844597342       0.87330409802412667       0.88324251588243774     
  0.37457367308603606       0.37817140544429401       0.35343599834108552       0.46462744162429098       0.34259547388238853       0.39201142718007842       0.35288000116138396       0.35342087437722897       0.41066018930421666       0.35437729018645836     
  0.50552284193039720       0.37535478077475171       0.89836355547264579       0.75723125424865867       0.77583893142429938       0.98837688557677705       0.73888796088668962       0.88052652253306785       0.89090857670546131       0.89595732353869473     
  0.41243586292953360       0.31158652855136154       0.40985378395149991       0.51540400532082387       0.40655935710819824       0.40596567022652791       0.45042848302966382       0.36400960135217153       0.42347094187144524       0.30268191290096674     
  0.53904045684127200       0.40462945157587338       0.91283538532941921       0.77358028804381529       0.79770305174298128       0.98978139891755201       0.75027605943963782       0.89644784856512350       0.90852857494549555       0.90934959819941441     
  0.34259876246539922       0.39130369632159856       0.36070803367355214       0.55746256265051075       0.36928031990166160       0.38860070074485176       0.34101495965336492       0.29235569982380638       0.34408410603377820       0.36444222339773541     
  0.57399449551637693       0.43681502201399003       0.92509453943996955       0.78743170131388041       0.82133536146581920       0.99124143528258646       0.76528309953279894       0.91243927057037555       0.92449163301207005       0.92246961925038395     
  0.28633466925063450       0.32907872452278658       0.35074294128774164       0.39848618189488799       0.30590854191427508       0.36467665750038741       0.41266526067480158       0.31032083729707294       0.30300755710564115       0.34924156258796929     
  0.61226402671853142       0.47165876505690163       0.93757571336771084       0.80585466782467330       0.85146923226528037       0.99270128147921732       0.78106451116722198       0.92845248667493974       0.93806444840443914       0.93543319689481319     
  0.35606387139902124       0.32441420668696164       0.31178774567911544       0.52760265538580275       0.42854397416928069       0.44361051036241522       0.36596894880057246       0.32539281956991506       0.36993562678529468       0.36071318889728254     
  0.65545041994536879       0.51137176901133274       0.94911739715882437       0.82457679735749478       0.88164773502832416       0.99418631203697527       0.79871544490993018       0.94527657738006243       0.95077009054614592       0.94860778164329185     
  0.36866178243076059       0.31776732399488150       0.32156229998475311       0.40906657790159118       0.34547904084369535       0.48050843969874957       0.40106194635218634       0.37889300274659643       0.28279743423332987       0.37631709541285346     
  0.70929128461347268       0.56578458327647096       0.95989226133566974       0.84324939643905539       0.91180536311263938       0.99565205985652627       0.81875898309726214       0.95953101609889391       0.96324692386883848       0.96181651660271461     
  0.39152512368853576       0.29661329793095442       0.34586482266157509       0.41688296668495695       0.37182049066951933       0.56609841828086127       0.45102784340577534       0.41276919795776995       0.29436573488953410       0.37047468016004292     
  0.77601320471974877       0.64579778499424134       0.97167525954145040       0.87603476796066571       0.94082263421044066       0.99697377148180844       0.84612071790606358       0.97274320303426409       0.97433521319070682       0.97428963086900799     
  0.33480184208387498       0.35911326315905634       0.33034178643256096       0.55159175206478517       0.40130011238585556       0.41633100174218479       0.34707310271725894       0.35372781716057722       0.33722594627784797       0.30723284364151338     
  0.87181646503347854       0.78397796701220102       0.98556020480722317       0.93475026571844688       0.97059969612843944       0.99841231230536420       0.89631066370191170       0.98571163119462191       0.98735938124056255       0.98691818691453548     
  0.35529951972414575       0.35878501672216029       0.32120644830090667       0.54358958141831348       0.37585702807752802       0.37013755818692551       0.35262520566018735       0.35539967334328448       0.29436276718920312       0.35513472313543409     
   1.0000000000000000        1.0000000000000000        1.0000000000000000        1.0000000000000000        1.0000000000000000        1.0000000000000000        1.0000000000000000        1.0000000000000000        1.0000000000000000        1.0000000000000000     
  0.33583899496564518       0.32021919615908961       0.33270390035815184       0.27130541759205856       0.30523581137317868       0.32606845227921805       0.29627038552619339       0.39232246521927572       0.30127734175673165       0.32040753907620129     
  -16.562832290879989       -17.809706927821782       -9.7992412274225273       -16.709491279607388       -10.276687367890306        0.0000000000000000       -10.661413005918067       -6.6497488433942404       -11.264010775633231       -13.934884663281583     
  -15.917110362777123       -9.9810672631230357       -7.8219013263320747       -13.419456022840132       -3.6637177755677914        1.6507300661812219       -11.890412667553441       -11.935131188139977       -12.103778572203771       -11.691465863795571     
  -9.5693519774373179       -7.4935528166243399       -12.731793004475493       -13.720916277367724       -12.138300034945503       -2.0489107931118351       -13.817312270935021       -8.4786683832858998       -12.096958614505844       -11.790657701843489     
  -8.4099640890396632       -3.6644353145621515       -9.2160937437026789       -12.957293201349936       -12.639007896051206       -5.8896650062536180       -11.232101766729510       -9.2280953371849606       -10.278390732462444       -9.8446342303403540     
  -1.3300531757090757       -6.8816698659947715E-003  -11.949330592213858       -9.8217085863714786       -12.632240056687261       -5.4705795858980810       -10.497715619565911       -11.493715412530396       -12.775988786343285       -11.217584441091109     
   1.1273161962377847       -1.8295569818465811       -13.587900887526368       -6.3079190274965322       -12.521002381933407       -7.0191740369995363       -12.954660593790759       -12.637937441197719       -12.123601602155469       -7.0063498775466311     
   5.8379861757917881       -3.0539213513870944       -12.559850140411346       -5.7177704025144198       -11.550299655398552       -10.860290118190541       -8.9666641067777846       -12.197016737753541       -9.6720379663630691       -12.818447807750541     
   13.735448310502839        3.1458840118511295       -13.040264992073480       -4.2597326674205824       -6.3036767725048621       -14.410590440971301       -13.887652926709240       -11.700012674893287       -12.856175683257854       -13.147356472014559     
   1.0737323169100383E-006
           1           1           1           1           1           1           1           1           1           1
   1.6465417271924765E-006   8.0481353448092442E-007  -5.6343858861747669E-010  -12.774909987288396        4.6236719152346465E-008   7.0889738820352964E-011
   3.0726532192125956E-008   1.9307726930087415E-008   7.7440669424014895E-009  0.62443146906154490        7.7417927205071913E-009   1.1312860834317944E-011
   5.0000000000000001E-003  -12.774230032295177     
