   0.0000000000000000        0.0000000000000000        0.0000000000000000        0.0000000000000000        0.0000000000000000        0.0000000000000000        0.0000000000000000        0.0000000000000000        0.0000000000000000        0.0000000000000000     
   1.9054658576471190E-003   2.4968886867969492E-003   1.8074484862044181E-002   5.0657726886617427E-003   1.9004630455759470E-002  0.35104498587199390        7.9617031800577651E-002   8.2155320062450257E-002   1.7627419063860193E-002   1.6497501787460962E-002
  0.53176965314617464       0.57112564663932319       0.42131636733676409       0.50018748276597691       0.42211291194810396       0.32141663618111882       0.27980943368021838       0.27980943368021838       0.57272387861903407       0.43690902096236228     
   3.9084489029616301E-003   5.0022165112492342E-003   3.4500990945515106E-002   1.0340505259039835E-002   3.6471868208524376E-002  0.51905150094469144       0.13895999007403453       0.14377370988613242        3.3930860426101557E-002   3.3864422579654108E-002
  0.63313544342507921       0.67365297342126385       0.43393665311397966       0.51451370444363265       0.37982374319449902       0.41208843866948081       0.45357118549070286       0.37237951180938922       0.33895817502839359       0.42248636218853114     
   5.5914770478112880E-003   7.5001866948046607E-003   5.0901221339237371E-002   1.4202406259012586E-002   5.2234777861903434E-002  0.58088854583742111       0.16980985546536220       0.18332782885912416        5.1340013576914680E-002   5.0067705937403902E-002
  0.56668511546084821       0.56703167140522637       0.32594919251657528       0.53270557784992323       0.37163786828953660       0.36711182398445480       0.42408168286234832       0.31094880554800797       0.50015713971086495       0.53203002116214004     
   7.1095418568473548E-003   1.0006164402134641E-002   6.6956575680588271E-002   1.7138502843637920E-002   6.9010254369748503E-002  0.62077435621757027       0.19995471538558091       0.20672395976114197        6.7615398221175321E-002   6.6991135779163297E-002
  0.40865687796273409       0.52057317801964864       0.38102400168256534       0.41351689735355063       0.36958513825773515       0.36533685883854033       0.45877883941123049       0.37755258009150555       0.46127129849152004       0.35458612528716882     
   8.7677365393954119E-003   1.2626553759002412E-002   8.2951712566488783E-002   2.0360412362364778E-002   9.0685563254872412E-002  0.65458289101357103       0.21444468189568255       0.22439288895020196        8.4904804173843954E-002   8.2788581727267857E-002
  0.44485651813478488       0.43724215678161849       0.43635369761612619       0.52492505063976724       0.37084019643939314       0.32575641934624266       0.32159229905212439       0.35350828186756411       0.54674313144523257       0.32249997037256289     
   1.0461909381703580E-002   1.5634059229472048E-002   9.7983024112885800E-002   2.3317087210520816E-002  0.11155273045041006       0.68261556544323554       0.22847665942559056       0.23921515101037719       0.10257554111176935        9.9109638249423038E-002
  0.53197556301452265       0.53688153053320475       0.43791323693491768       0.41654799739887349       0.45684892293885798       0.38200670034177642       0.42520421528986962       0.35407412642379255       0.45827638665406639       0.37222120975176731     
   1.2199687807457338E-002   1.8697804359903661E-002  0.11235605448424575        2.6010730682320793E-002  0.13153807021589600       0.70730874477479955       0.24143956592952981       0.25310922620028803       0.12021126510465313       0.11622212186440550     
  0.43421467413279785       0.42285406011970844       0.38914590566726487       0.54820928465832020       0.40656070510298647       0.34757862637219461       0.36421969984253016       0.37901675986613215       0.46537881372252554       0.42529588450910383     
   1.4081555767680236E-002   2.2267310721970794E-002  0.12562265229820438        2.8555278187669161E-002  0.15234508101299243       0.72891435210303757       0.25365489768583599       0.26659403567583811       0.13770669826790549       0.13204769058215907     
  0.47111310695465652       0.48672218637752801       0.34576351507246150       0.33281017046773631       0.46823633217308352       0.37286865946426889       0.36194666267293324       0.38789347310146799       0.51305848095723994       0.41465845582607791     
   1.5978856775475572E-002   2.5752595759583288E-002  0.13959851863603945        3.1319405040914773E-002  0.16508412416932361       0.74657787102678597       0.26609021703410696       0.27918564184295602       0.15417782198512245       0.15072453145525827     
  0.42234933608380765       0.51199331208793930       0.38199167018328450       0.51774905278267536       0.37450850737330127       0.41994285183303015       0.47992448170043517       0.42580162615016109       0.46805685000952491       0.43411286450356934     
   1.7935530589906393E-002   2.9381852965246296E-002  0.15441542355034307        3.4336538445393347E-002  0.17805453311232672       0.76053588217139845       0.27840709101162936       0.29203878838275016       0.17120985451293741       0.16929298505253099     
  0.47318634433650264       0.36915879919354067       0.40324307409548449       0.34026295074840768       0.32918085895391347       0.35514936714582057       0.46719022114436531       0.45318301960498658       0.34786954247897295       0.33018626445341787     
   2.0023680276973932E-002   3.3163520088003912E-002  0.16860193765188841        3.7744911580755811E-002  0.19005395582412532       0.77322190868085172       0.29071355603926541       0.30410130990142625       0.18858229029747231       0.18828933358345193     
  0.53022915763234479       0.42512957848393718       0.45455176605967695       0.39545063073715758       0.34428681650815979       0.40658540280310512       0.39221778300171217       0.42470034696804748       0.50859529997646569       0.39413903428610253     
   2.2241229045055651E-002   3.7269162528296068E-002  0.18207336992039988        4.1686636745891258E-002  0.20195442875399369       0.78443441805785663       0.30209193509937993       0.31571336708790410       0.20562162416511862       0.20717080024017351     
  0.37710437416692399       0.44178503256360907       0.35099271786545977       0.42553948057105051       0.33190093534998122       0.34304504668376040       0.54705194828122650       0.44823469000032901       0.41450873477012107       0.53480981623317958     
   2.4443775249977939E-002   4.1821475293633024E-002  0.19330698980806457        4.5899735555850113E-002  0.21407771101264431       0.79553523146922922       0.31333800042768389       0.32647391210083776       0.21924449785453812       0.22561707583127885     
  0.37724725108949497       0.38359759497851492       0.31702717841603062       0.41051500274863023       0.38332575073907038       0.33581727266043027       0.48713544419843180       0.44431089038953364       0.38771500946132120       0.44261897435079695     
   2.7141755164600639E-002   4.6511434412672990E-002  0.20404775407723594        5.0323622425074210E-002  0.22626844624840456       0.80677447753432130       0.32362753544117079       0.33705032039832472       0.23344739893806096       0.24391386100846696     
  0.38070388899819285       0.32485268075294427       0.28896777737657964       0.39206499359024660       0.38175820154202328       0.35242436743399347       0.46682757497250565       0.44199516692942797       0.36792914671846327       0.41980383348890632     
   3.0356409312381056E-002   5.1553087022206574E-002  0.21532314400387551        5.4817580571809264E-002  0.23847681981293922       0.81412976349427724       0.33226329057110388       0.34767705132892129       0.24799605673158689       0.26173175986474839     
  0.49994994738407156       0.34744957676397675       0.29989232558576695       0.46870669945413995       0.37604329179730533       0.35883211570795653       0.38694356887457176       0.36668550501097663       0.39884000616400395       0.35463433702297309     
   3.3573983699550121E-002   5.6630799896909605E-002  0.22694749685451410        6.0113431081937049E-002  0.25135495929584162       0.82189008286939336       0.34115599437163047       0.35825904603479791       0.26310245751714312       0.28071459699221579     
  0.42392574446462722       0.34859631196815904       0.33650304910219730       0.42448667764781817       0.30484259315773254       0.34149410537809322       0.43714563328771533       0.40108729654131853       0.32880015036080684       0.36994208042242077     
   3.7277618267522364E-002   6.2001569196808701E-002  0.23710411026418585        6.5163949118208983E-002  0.26485318541478053       0.83035115767941214       0.35002775131649255       0.36917094985819365       0.27392681105649902       0.29871216442697696     
  0.47615439286282607       0.31270752924270251       0.35063046452375196       0.38627890732504977       0.32923284483065218       0.36247317688620379       0.43132262416350969       0.38521510330664310       0.31736844870385839       0.42134389714768139     
   4.0889086460109768E-002   6.7476947400934101E-002  0.24827746215218391        7.0323023792130110E-002  0.27982335788994878       0.83892669463346825       0.35897236527297338       0.38054363085762966       0.28605688917693234       0.31410432808815936     
  0.44983941781307135       0.36290327472313599       0.38146824157893633       0.41310593228578135       0.37749353942454450       0.45135023741600888       0.43886143016456941       0.32307424608618368       0.38056675731653467       0.38886676693214650     
   4.4602287160471592E-002   7.2761168243048402E-002  0.26020271136426670        7.5458836334847401E-002  0.29733191943151227       0.84735635093435024       0.36786324568058953       0.39259214789095032       0.29994565461242834       0.32975303437338743     
  0.34964301364807865       0.29376207716723340       0.36113697321389082       0.35849633006745046       0.37265748975454899       0.34644599740943710       0.33091072351429279       0.34832077135774642       0.35669915761043242       0.33762839307649256     
   4.8377870978288134E-002   7.8593942912525125E-002  0.27295561567159593        8.0793294364373075E-002  0.31429108545158763       0.85492975454744768       0.37640325841203481       0.40563370072988353       0.31386191022067966       0.34604853048849860     
  0.36144803798806080       0.42939254921339065       0.32867904644777235       0.38970117000092602       0.33864677948223376       0.40606579537306076       0.40815010265182639       0.38838100083094584       0.31810744757700254       0.40450235736358237     
   5.2382283405284537E-002   8.5142134035446057E-002  0.28613669387245616        8.6118269578914899E-002  0.33058109517260448       0.86231925689050026       0.38482681995388823       0.41878908433388734       0.32782800247708838       0.36307406328768138     
  0.41563757073709295       0.34294091402556509       0.36125744644335839       0.45617433315293310       0.40031500345818150       0.34694936485827099       0.53227130931780409       0.41450873477012107       0.36258055045371534       0.44158979837742562     
   5.6722493849761753E-002   9.1371018148199326E-002  0.30182461212567707        9.1968151950177074E-002  0.34592289221412387       0.86914857294600345       0.39302868046513983       0.43067437278345466       0.34197091973737986       0.38149292269324492     
  0.37703598157893276       0.37431594652047318       0.37996102293178663       0.37994066929035264       0.41718970282422335       0.31763014678810125       0.43363792500977832       0.40834978066100236       0.42068881544813574       0.41799144109529712     
   6.1219432988162195E-002   9.7127432798321700E-002  0.31751831396039359        9.8345733542036781E-002  0.36249397161728525       0.87577026330836294       0.40041702983387384       0.44266248058235524       0.35627545726236554       0.40075474161753011     
  0.47091649311216988       0.30496841533114250       0.35743005463602773       0.38497724032866815       0.38307263835951577       0.34870063894359760       0.34256343840162945       0.42145702400604634       0.34975995018826506       0.39220210701129665     
   6.5592613263181013E-002  0.10299878728012563       0.33170688405883425       0.10479205691877112       0.37960007433218168       0.88209202763217998       0.40793460825634043       0.45365817508803086       0.37262132353734340       0.41973016831878096     
  0.31642652282137157       0.40100636936282047       0.37423181860989546       0.42746372273535116       0.41969824429529407       0.34446562001463671       0.39918517774432316       0.42514144821244959       0.45371603133962157       0.36536978908959505     
   7.0300086175658111E-002  0.10849980755414443       0.34579315826645279       0.11189458348231170       0.39783839014269529       0.88833452948745129       0.41484456613367571       0.46445667057263845       0.38879277137066487       0.43835934668393062     
  0.34855220186838093       0.32490844584442730       0.38675032482070315       0.37150078779092427       0.41456506969143714       0.36902004973457847       0.38572491032941908       0.37761185950049686       0.38406334524527791       0.38877327956136715     
   7.5752325435644752E-002  0.11520472348112781       0.36108794517873749       0.11872391537285532       0.41764927900639143       0.89439745845873075       0.42221515071128801       0.47560022864796508       0.40486928344984308       0.45563666262355446     
  0.44555777685229669       0.35017673735931254       0.38120244873023940       0.36480661841381268       0.46041733279114810       0.41373824490043187       0.43215431953912120       0.33803296203455463       0.33934981817005944       0.41507360985715613     
   8.1160488400334282E-002  0.12226513526706217       0.37566632778202574       0.12567991736393033       0.43736400744650122       0.90031917995174282       0.42917296935173471       0.48767448096390603       0.42071237491427327       0.47035270498178416     
  0.32635274852237178       0.30718376928127483       0.34134529893714460       0.34605790915391488       0.49183503373881415       0.35798857208487522       0.35899139019979298       0.49409323233077673       0.36036766910956713       0.44636387303720515     
   8.5488761743762243E-002  0.13106541400783481       0.39242787417886593       0.13252886825721155       0.45629840170365343       0.90541516119886989       0.43595818190623609       0.49990423102953246       0.43567839009794362       0.48581940028181175     
  0.29886319626744234       0.30764744305849262       0.41579017482776687       0.36482481535811556       0.37277825117932573       0.37434601063999240       0.41852338150819723       0.35115189659811691       0.36141980005893143       0.37177259752898661     
   9.0216096038070556E-002  0.13982722293285693       0.40961028334071903       0.14001703446870428       0.47426007436622020       0.91030831118642064       0.44242919277200954       0.51105134534141050       0.45034096444258348       0.50288386989865341     
  0.33405816981259012       0.38487766315695576       0.35495277366605266       0.45011104307995325       0.43794132787460344       0.36254720198301632       0.45804007010741338       0.46524263255825310       0.34865548851699862       0.48377652769379698     
   9.6178143087875451E-002  0.14923815674573376       0.42423316323955579       0.14778442901547256       0.49040396972251293       0.91485852046556082       0.44840314621738503       0.52177241977753530       0.46475140198090942       0.52003249928029704     
  0.40919224227752088       0.36130773940934202       0.34896182909009943       0.38170462753375806       0.39660359955332963       0.32603010917474179       0.37448357896543610       0.39208936303195557       0.33548674201568562       0.43388277973810269     
  0.10230872282965896       0.15879840089295985       0.43854152343277264       0.15622094827980998       0.50603114062309806       0.91933795438343213       0.45381446022858912       0.53265943281559736       0.47858906274391333       0.53602771905909841     
  0.37204782863574615       0.38421929173789826       0.32503276218677973       0.40026498511331937       0.36635823081523627       0.45455176605967695       0.32712767269291104       0.33098802294248897       0.34651349979032087       0.50916508651391568     
  0.10927943385690649       0.16966177047270201       0.45310762725175441       0.16517285480627117       0.51915664111742255       0.92350673794866955       0.45888811588725964       0.54409933898703200       0.49229749139349349       0.55148085238916766     
  0.34554972867470091       0.37711330271626270       0.41547771997280397       0.36453844094181970       0.36038912944303525       0.33784672715046238       0.36611542447078127       0.38796174126864186       0.35241263089991265       0.43700740360585699     
  0.11663804884109601       0.18132029965467669       0.46881855938723266       0.17347951765522579       0.53325227157022659       0.92754067050316702       0.46357555821971308       0.55493157866778275       0.50687532621740350       0.56691907523282292     
  0.41021699878390228       0.34567392990916690       0.36558110603115246       0.38740757313838309       0.37048010675087883       0.35489849129778889       0.30643176241470654       0.44867540912753284       0.33014494132946826       0.40519334962643855     
  0.12517199711268645       0.19377583457130390       0.47930962819821288       0.18139306333441046       0.54983096745373439       0.93146538102092702       0.46906583914352096       0.56461127848729009       0.52323166257766807       0.58167526263175839     
  0.31404895323378845       0.39653431635826136       0.39043170365933050       0.35276689782610943       0.40655484945294507       0.41218066610293908       0.29567164303024751       0.31878467631485508       0.36089447311491041       0.38960334470987495     
  0.13383550374959349       0.20614454884221192       0.49065772316444994       0.18842814747033618       0.56516222649189662       0.93527734882844271       0.47478362000590985       0.57772946036878770       0.53931393223263124       0.59829528716697933     
  0.36194945228584013       0.35604701958347273       0.37349291762676590       0.32079654139633035       0.33755918769815629       0.39458387859966182       0.34692752176664116       0.40417954142227169       0.36627492578429338       0.45239619655881769     
  0.14327990482841835       0.22057896529952861       0.50237508096889849       0.19531768760487672       0.57880597336006623       0.93866312777176808       0.48142892120443370       0.59130467368559458       0.55573284713383675       0.61490053770240560     
  0.38798376745674024       0.37377895493881402       0.34041219366012165       0.32989462801989483       0.44755885840820048       0.33761895934267705       0.42051697646881964       0.39985772649251228       0.41838278383542360       0.44151798280875076     
  0.15276720157461982       0.23561099034907851       0.51496056366496756       0.20449773636597718       0.59160361612354329       0.94166777609633256       0.48842179471032870       0.60312378426343760       0.57287290310283001       0.63268135873103670     
  0.28572465773323313       0.32910646032988566       0.33386018139938434       0.36042989037238704       0.33865836828098450       0.35240200359094975       0.40975748185017369       0.43677434330581572       0.42752507445041066       0.42957179131446566     
  0.16306127124735520       0.25261084819986801       0.52749200137493624       0.21407309483726614       0.60408259546605214       0.94449923102779287       0.49552594440753706       0.61511191452833147       0.59017971065325536       0.65201148578600354     
  0.34851317045105723       0.32571915566388426       0.32599777125596074       0.36260446748588510       0.35817019126433236       0.35483123408751766       0.37930472948559685       0.42716332766391046       0.38222745385527412       0.41170730208994671     
  0.17346334475465294       0.27025576583008526       0.54231861128278724       0.22298569172500865       0.61713982464962724       0.94709847325742114       0.50246156021863364       0.62836955704931630       0.60792306242592198       0.66927227598726524     
  0.32211453825632658       0.49281080633643182       0.34037816256319464       0.33949295693128728       0.42241349549161855       0.38807652694542194       0.37751568170757094       0.36769462760829125       0.42227746590910697       0.39830555955121155     
  0.18460308441614207       0.28903447514199260       0.55875329515799377       0.23219326399237020       0.63411595555235312       0.94964388826895751       0.50991509485559738       0.64114625292177985       0.62593416376940936       0.68101778378096223     
  0.40574764771066552       0.37350866844925168       0.43954293556026530       0.32695757118054725       0.45008051081794015       0.33195036370213277       0.40268234921716961       0.38614982339207410       0.36900518645728381       0.40323101789090127     
  0.19645426066963120       0.30608881707935737       0.57572742785712283       0.24355387115428370       0.65206321853866855       0.95209405205764852       0.51771315168703491       0.65416609045597929       0.64351794404699492       0.69314751636930350     
  0.34774543947121389       0.37741598440472279       0.40566134303394052       0.32333986703026035       0.38354903253453471       0.37140926371099031       0.32141663618111882       0.34275018556242370       0.42237042748797032       0.29513278522650277     
  0.20853562598403813       0.32164953894721499       0.59318980699953316       0.25517512628451039       0.66888468866063500       0.95453679917836742       0.52467333034807973       0.66658388117261502       0.66118853039745018       0.70497570864560088     
  0.36586306215710973       0.34266957814108168       0.36361959671714195       0.41375914842346234       0.41331529401702893       0.41636638390994191       0.38606434850098276       0.31158367497310752       0.35376894497628097       0.35683304695525547     
  0.22065368895786658       0.33671745346856385       0.61049751113799600       0.26834797126931315       0.68563425023119651       0.95713178662730791       0.53163311795080348       0.67820822104209910       0.67781555886135036       0.71600419534398096     
  0.33294258301906476       0.34358382391809617       0.32357653745785619       0.35549907947159320       0.48467422403918214       0.40537088274264543       0.33462238973644282       0.38088630977760030       0.37518935131952924       0.29217504543910833     
  0.23353129127681857       0.35254968837749368       0.62782201331551413       0.28131036751968608       0.69805698672114924       0.95979460352128276       0.54004305870687408       0.68883196460811225       0.69391705390114855       0.72683667115553363     
  0.38053765530118355       0.36805786836120036       0.38403969477768840       0.32985335119214265       0.33984272136969290       0.38340173220367302       0.35639285970514017       0.36067209918756993       0.34460902582661651       0.33967952777547777     
  0.24749571032584486       0.36957668414333689       0.64549928984633020       0.29394526708183366       0.70936504170663128       0.96259819620505271       0.54842951626027181       0.69860424357749229       0.71024381770146983       0.73989202073162152     
  0.32793692580388600       0.33361900899201824       0.51639405299202945       0.33287264404472117       0.31606843396799356       0.40623947330866295       0.32371811538615258       0.36522509540042003       0.41785777130495744       0.39534366835191681     
  0.26527354724313451       0.38542844715454078       0.66309204483070983       0.30772161513435559       0.72001103259129762       0.96527767463227898       0.55880607590801201       0.71139709134837825       0.72733428683529933       0.75459134927003180     
  0.40364294990366262       0.35965194342221574       0.36867986934245850       0.37132087170645234       0.41723512125895740       0.48178629049211519       0.40722070226629609       0.35286302608482223       0.35116115220033711       0.33720482389006456     
  0.28370651966578453       0.40098147913818222       0.67980340813948392       0.32289531728298831       0.73086054903291875       0.96781599238171634       0.56894909318771336       0.72429918113703551       0.74448318851617468       0.77093994406722788     
  0.33969904072567519       0.29781324563766520       0.35700078102472543       0.33162281714968933       0.33933131832225555       0.38005566831364285       0.43340379179775229       0.37644233658887705       0.35082657555561764       0.36560890729385825     
  0.30381391968738636       0.41585902096864968       0.69557093650802626       0.33825522539734215       0.74164035609021628       0.97036778163444859       0.57967713708060253       0.74060593889653303       0.76117080440394014       0.78684353120539308     
  0.38380216867154049       0.39180855174612522       0.44836496803544817       0.36462076712034258       0.33134119415265206       0.46300618252099784       0.42270345451307145       0.40102190175508673       0.35855192110350537       0.32147294550698341     
  0.32377575126795921       0.43175002847837474       0.71222060169067258       0.35451351469762765       0.75300292695343951       0.97301135267821670       0.59033774887128210       0.75770919359550470       0.77671631436796995       0.80327269356822195     
  0.29448219908056589       0.30615504550626599       0.40666818207871652       0.40587719329510630       0.30815391891763533       0.44367326209102748       0.42429910357018874       0.34246391399665532       0.41836674721114336       0.39981949095998509     
  0.34385682022499553       0.44862332877288053       0.73075274192376161       0.37166986658464835       0.76459598018132657       0.97565572682799295       0.60135448021257154       0.77529944153111996       0.79177508318641232       0.81863646009673396     
  0.38563997385879939       0.36459822009777787       0.45768177191175996       0.36347646008734974       0.31760422981974562       0.40131046692527800       0.40398228491524468       0.36809666390567175       0.33850357149830618       0.39018411635195455     
  0.36721377164447638       0.47504089301777752       0.74898321420100555       0.39013899155290860       0.77689365105075059       0.97808326842220450       0.61200758412291445       0.79287984743841822       0.80721488065332447       0.83310237152840849     
  0.34746363376438089       0.39437638735444686       0.48483527841403534       0.35415980019693710       0.38006529515496912       0.40613895549763118       0.33629673941266491       0.33407513838567604       0.37564262495603945       0.31734934671281673     
  0.39219546819757067       0.50740618905904422       0.76481646618302024       0.41027936326202968       0.78910513833971474       0.97993501360034940       0.62361523871990698       0.80995056619735317       0.82272685770277387       0.84650136148547006     
  0.32690029050938657       0.46419854441811897       0.39324635601823615       0.37070488308472738       0.36802426892783358       0.45421167556428793       0.38341289798749451       0.44085725672306542       0.39115762644358626       0.35062642437999353     
  0.42154797383969733       0.54015847305187703       0.78050276479551228       0.43279693924068197       0.80501814865821186       0.98175152039802682       0.63513281320017434       0.82651285376134476       0.83789046582477011       0.85961405759191412     
  0.43422395407196834       0.37653567951170719       0.43428381227725482       0.38395317926906930       0.32040767422913691       0.39632615499436302       0.30442298876273916       0.38065294558047080       0.30258407312443886       0.32397234949558945     
  0.45062571929349537       0.57263643541183762       0.79864976831641488       0.45616347226399012       0.82077494229481973       0.98327747164538026       0.64859208101684895       0.84313507442356905       0.85252078328743952       0.87164293485042810     
  0.36234938647974924       0.42643769447483626       0.37782160792634606       0.35914992894170483       0.42330146102044952       0.40937968152968918       0.41252222938706989       0.44644396516314527       0.34479013036677153       0.38279817289715468     
  0.48464362880582362       0.61296963718631259       0.81655936787299033       0.47932769504497680       0.83383556601683895       0.98477489063773804       0.66269735676545871       0.86020692026220869       0.86618464617265056       0.88359276166898859     
  0.32203684739460742       0.43967966487859844       0.41381105851380096       0.34165603203258993       0.35996703264400959       0.51587981879257094       0.41159881202249554       0.43212544812938097       0.37269582967748899       0.33240291085551954     
  0.52155502361747441       0.65508362277144405       0.83561669813171224       0.50622690170319118       0.84683553807963452       0.98641892928464492       0.67836587851640406       0.87760091851582156       0.87925143533431727       0.89719271715930793     
  0.35387675334617208       0.43708269952250184       0.37253288356333930       0.32059023856409719       0.41691786442067597       0.39318317464069513       0.40759312158115313       0.43222043038400026       0.38997996953427327       0.39110926571145693     
  0.56665081878143964       0.69541178230833323       0.85592124017285354       0.53348013268766581       0.86274511878910753       0.98809922456132315       0.69492690932611978       0.89462010172317674       0.89269457660836327       0.91111991789163704     
  0.36540168200850481       0.36388272053564252       0.45843117990835641       0.35824724266821162       0.42097145097527888       0.45994334525876923       0.37015833133256876       0.40806875354077443       0.34001102589358456       0.33512579188612501     
  0.60827905448918740       0.73777042745529364       0.87865754579070943       0.56406561119884113       0.87931461431634483       0.98971315459058384       0.71170476887671608       0.91043393898643765       0.90727881639514085       0.92488016541908324     
  0.36891683952623094       0.40995115224951012       0.49179557652186567       0.39400601077247493       0.47942485603647678       0.43493803193391717       0.36427135189504206       0.42155666743747322       0.34372693237846241       0.38328851951800014     
  0.64642580450201326       0.78764493236741617       0.90109378582005051       0.59703820552273290       0.89677852117465895       0.99128431662953875       0.72851560982819663       0.92505178975867908       0.92444115641980273       0.93842887737324032     
  0.35250996757399866       0.40409127060930222       0.48187738525728691       0.41405624009839725       0.53196030596840549       0.50411320312101338       0.36886512442025909       0.30379188142934821       0.40792836136589561       0.35326303896505962     
  0.69378725426178756       0.83627104849045619       0.92207704543120905       0.63489435673973393       0.91523529637753820       0.99286731983122534       0.74916398264040085       0.93988343828891086       0.94203584639358051       0.95064406321741102     
  0.33749030022183607       0.44714128945116183       0.46783555828816836       0.42119871405429288       0.37089022445270992       0.40584516145715704       0.35976082111393753       0.43856157716937899       0.41066727437618311       0.27980943368021838     
  0.74829711689948486       0.88154009204445105       0.94248820402007794       0.67542759358266846       0.93471335115946952       0.99446522229301226       0.77205868622925911       0.95488055865040078       0.95741198389061699       0.96417655266417368     
  0.41186111853166113       0.39785294473152527       0.46245152347052570       0.37224804568337644       0.40235391745959009       0.44095712857978514       0.33959720706849150       0.36372829220724012       0.31733060587099643       0.46108108311153240     
  0.81782976504943417       0.92606609901913606       0.96252948847902042       0.74297727943656289       0.95434298052526223       0.99602916313239154       0.80488553032505628       0.97048874331596768       0.97315107409833490       0.97757304914160703     
  0.37998466046898327       0.40827431046403606       0.42385116097518744       0.34626240338409153       0.40024958147194839       0.42866641834554919       0.34631251366865390       0.39182723034015288       0.43639451208885011       0.35110058152976625     
  0.90200674385154711       0.96350034499733428       0.98179386085632281       0.84317049245206976       0.97720197056862568       0.99781358321389735       0.86336778921160406       0.98530873776735417       0.98672788429530034       0.98931692014629768     
  0.36840579984969296       0.33730574431283766       0.49042082376062363       0.42450217413300168       0.34568503761185626       0.58053484014795009       0.33637144845973915       0.41986229749400411       0.36566501491751524       0.30763509461338018     
   1.0000000000000000        1.0000000000000000        1.0000000000000000        1.0000000000000000        1.0000000000000000        1.0000000000000000        1.0000000000000000        1.0000000000000000        1.0000000000000000        1.0000000000000000     
  0.34763971390827991       0.34247478439528467       0.38402256319339151       0.33141138591246661       0.52845506404694753       0.30493894619482770       0.29901968512500088       0.42097429419288568       0.52414854817700063       0.36057139086485812     
  -21.751210685506052       -10.534185558882825       -10.556558716708834       -14.358791744321657       -13.542526235837872        1.9702776455240423       -10.316810500300090       -5.9417363405332297       -9.5545579055070924       -5.6900264927542814     
  -10.727944577252106       -11.486636229044271       -11.164752022072209       -12.991534265064571       -11.611078821173646      -0.33747441664944172       -6.9167803745212444       -10.233793740593436       -10.561749940918048       -9.8428110529694841     
  -7.6002555055690069       -8.8482786494793864       -9.3353550996332384       -7.0292630570139796       -10.044003644458842       -12.974780613743624       -11.622622665826247       -10.793627192263081       -13.314455789122768       -9.7478691019750876     
  -7.3751943679818899       -7.0607456548383762       -13.912590631782727       -10.648953594766263       -12.139213419173760       -8.0656023106810384       -12.435711961071407       -12.748102100705005       -10.348126757592855       -8.5248022742784002     
  -1.8252190501619214       -10.870009654447855       -10.419881108108671       -4.9857781000781376       -7.4056811698109328       -5.0362455346040447       -10.192305048836129       -14.980709722032392       -11.633526455396604       -10.969555814491409     
  -4.3071575254102905       -12.790132080373461       -11.969134978019504       -7.7706228747139052       -9.1514829104604818       -6.1998900932387997       -8.2861457369280558       -8.9568580232969737       -9.9951793707374943       -10.126742144567308     
  -1.1748649614590860       -14.599442320381769       -9.8440246675092347       -16.704266837743738       -13.185342668134966       -11.595578664203561       -9.6189195523691495       -5.0838062457049942       -11.896678197185429       -12.577313071500830     
   12.264504936959463       -11.003834184820212       -7.6023392102783687       -20.644424223491825       -9.7507160794166392       -13.502838846928574       -6.5851919055731605       -12.251610056162864       -9.9989972023995488       -13.225747943382579     
   3.8052348916486655E-006
           1           1           1           1           1           1           1           1           1           1
   3.0857880590234079E-006   1.6581165232011921E-006  -8.4539512033004657E-009  -13.070725005883684        7.1446868361683891E-008   2.2376803867542987E-010
   5.3259186683776962E-008   4.2919363850641283E-008   8.7529432689476952E-009  0.43358479581989173        8.7435937315521939E-009   2.5505986471729585E-011
   9.6420368659283946E-003  -12.015291137503128     
