   0.0000000000000000        0.0000000000000000        0.0000000000000000        0.0000000000000000        0.0000000000000000        0.0000000000000000        0.0000000000000000        0.0000000000000000        0.0000000000000000        0.0000000000000000     
   2.0682384582802107E-002   2.5644034330874820E-002   1.5053467753263732E-002   2.1755521555760420E-002   1.5533346048395385E-002  0.18172496259940671        7.0823196674948879E-002   8.1080424140639151E-002   3.4687630513592603E-002   1.2978130804548285E-002
  0.30165738415901044       0.36010727907688894       0.30174292057945612       0.33426478309103935       0.31022612878195510       0.26745487982153188       0.26745487982153188       0.26745487982153188       0.33330076879885845       0.54737325747289334     
   4.0790602561456592E-002   5.1574925501218907E-002   3.0415783966210010E-002   4.2614026351765526E-002   3.1007519984078635E-002  0.34972803928060048       0.12057913261639472       0.14637338993070104        6.8374054743592372E-002   2.5767556135512442E-002
  0.41069044201787341       0.36843330296504584       0.32663191148021853       0.38347609236988422       0.32410335376472443       0.69733834241998283       0.43570017139813016       0.29923122634712557       0.46217933019726076       0.51207819099701768     
   5.7814221919650820E-002   7.6078458902530455E-002   4.6093021348432107E-002   5.9312559123977163E-002   4.7236259031994562E-002  0.38145735044925844       0.14582833252560604       0.18818116101555357       0.10115258449034822        3.9860332569962062E-002
  0.30730008005763698       0.33032444837304198       0.32493261370631127       0.31098763015527697       0.37856587900008681       0.35038228655598785       0.38841280026885711       0.36544185693143000       0.43050215367688915       0.39809799885015579     
   7.5220519083339710E-002   9.9809824266968564E-002   6.1542696602054359E-002   7.6381970122950935E-002   6.3376511827813953E-002  0.41630814056065668       0.16691447578161658       0.22026312872945933       0.13046714794135333        5.3886142896415516E-002
  0.35892537190935708       0.33023182562959214       0.31086203246047622       0.35708851309887546       0.30734290104224804       0.34276343024683487       0.33559443107333436       0.29693963804784163       0.51012181868404050       0.37261632171968523     
   8.9425126915842187E-002  0.12129468363029901        7.6376092639184087E-002   9.2676171625332607E-002   7.8853875058095130E-002  0.44076002308033124       0.18299363750922937       0.24409605991150224       0.15502014832277941        6.8920528832408665E-002
  0.37422275016264189       0.34933258426025193       0.37663554852159437       0.32585870439891851       0.37262287631806562       0.33804810318554385       0.32479745076032901       0.36782502910800691       0.33784047201654682       0.35164109397377341     
  0.10370079427948072       0.14248844579680486        9.1409820780523426E-002  0.10908590113699509        9.4479803038042737E-002  0.46560131520633896       0.19854314094786429       0.26454121618364834       0.17772478937419023        8.4276231310071101E-002
  0.33128725846016149       0.32859891678290959       0.27913787816153796       0.37490880250071185       0.31965499493842969       0.33434177717538716       0.32567549819786334       0.43818920560219643       0.40852681862719886       0.42266567036311331     
  0.11924738402275331       0.16334794672314926       0.10778478134796948       0.12468177874880605       0.11063101473200709       0.48559353191404009       0.21244414000753253       0.28259928771279980       0.19831407993920144       0.10012650470284813     
  0.30539140756884497       0.29590807092704668       0.36346958183602696       0.34333569145999976       0.38965173636575962       0.35233899282481235       0.33818495361663226       0.36796402337512318       0.37190390482893576       0.31531463482145855     
  0.13513110638790263       0.18304559820603655       0.12399042584168719       0.14023543347062498       0.12629839641857749       0.50470944364591852       0.22571172036344575       0.29907792402526939       0.21958324123023840       0.11637250813393619     
  0.33433270042965629       0.33923421153769284       0.33220947942268830       0.34005899778114035       0.39365921878149418       0.32877184943538823       0.35894953942502283       0.32651968726307817       0.35350955402316253       0.30568128371304720     
  0.15197406317591924       0.20178663161004243       0.13959436661185712       0.15496619969464975       0.14136344185608890       0.52140902884961182       0.23752919096906525       0.31374930334372941       0.24116630993582727       0.13265211723885501     
  0.36952038889833150       0.30678662034333498       0.36666198502063529       0.33487464812862355       0.33332643926295530       0.34056108407871466       0.32927558111411498       0.31711580236707715       0.36213104737527291       0.34163021911615599     
  0.16862778836021466       0.22030484028320263       0.15541727877591571       0.17000817608133698       0.15652634348193278       0.53738665119637075       0.24929170350946345       0.32830386893720731       0.26247719215992865       0.14900234697528386     
  0.31975279447128996       0.35071273983436491       0.34931716330440843       0.31994484833422515       0.33935574778936939       0.32190832388270912       0.34761357132404952       0.32209306811676630       0.39199445824996937       0.33275693565029124     
  0.18441884109515855       0.23902635185058230       0.17140159035972999       0.18470408814298944       0.17193586888892862       0.55084107697100138       0.26048688432540495       0.34247319847327129       0.28406687097007521       0.16574758208462873     
  0.29572317300909950       0.33849164593100006       0.31242457716015226       0.29520645645532673       0.33056769894322285       0.32269359425583832       0.27454678812378974       0.31790347996976936       0.37279252673415020       0.28961533083629454     
  0.20016130003210189       0.25679914669215076       0.18705996308876399       0.19953308402938405       0.18736152229679826       0.56472277705928919       0.27151083236676588       0.35656853002798983       0.30423712031606220       0.18252856714539292     
  0.29008489220994105       0.35841806778256463       0.31109567373623742       0.29613542120179193       0.35572799096395030       0.32020665611090959       0.30304431127230669       0.34225758029765108       0.30286579354584814       0.32598439685765179     
  0.21661769311235923       0.27375551825500255       0.20233173698670373       0.21394977984575828       0.20295053394564264       0.57867838400394700       0.28196326832753710       0.37028058674589592       0.32349861351360348       0.19966519028943078     
  0.35517794139810333       0.35290882969932508       0.34513974562210481       0.31150706785466697       0.36104310781201454       0.38423084709498340       0.38327833362013436       0.32180367993934561       0.37004568926630199       0.32016811241075560     
  0.23280148568476183       0.29062964596014157       0.21777083618189716       0.22823077335652855       0.21854527819627168       0.59222672208005123       0.29239687231941125       0.38337417383728112       0.34197675941714101       0.21661765002547581     
  0.35127909653718592       0.34001954314907956       0.31391505374961792       0.33100265379493171       0.32387367828110097       0.29154149646955785       0.32180910561436160       0.37407443528433376       0.37459861269092309       0.31157335169950190     
  0.24903255906031280       0.30757606842995011       0.23270290451409700       0.24297291384237890       0.23420254884890945       0.60462144718973054       0.30258000255148498       0.39570045196712994       0.36048130113436355       0.23408555977722745     
  0.35005002504837007       0.37036747402516818       0.26855989531920238       0.38693073268621242       0.34855270814176931       0.31869536447338986       0.33616206415423416       0.31017030165992948       0.30278420850486576       0.33511637504523933     
  0.26511696435003385       0.32419485312684093       0.24769761511963539       0.25778040971104377       0.25017906434522225       0.61642173019278901       0.31295645327075355       0.40788584038953646       0.37853867382981188       0.25171925725544442     
  0.30372383790492691       0.32911099204942390       0.29226549018524289       0.28617213586434054       0.30321481476259871       0.36108711319805670       0.29768738372960724       0.32494253813694596       0.32348529893680072       0.35082689440157405     
  0.28166597179336572       0.34066004744944506       0.26133111963640460       0.27217858784049281       0.26626288561716899       0.62697606661359329       0.32255128211282996       0.41983287434302607       0.39637557294940678       0.26812265309939681     
  0.30417060633626553       0.33583531269115718       0.31418275754476699       0.32034967228524946       0.33528885001777564       0.27001486755360049       0.32533537081284258       0.33388579267920770       0.34649214854929083       0.31706191480099399     
  0.29819255896871877       0.35636884174384303       0.27546888172912359       0.28643008516280249       0.28252721640760187       0.63803599668783728       0.33234733583422937       0.43239798128692936       0.41355281877207350       0.28446740855867481     
  0.28619599514247068       0.30578597276302744       0.34460026329320886       0.31637524803316291       0.33887660842377426       0.33146511353902508       0.34204447006927119       0.32846751916427291       0.35218225205419140       0.31746920612766399     
  0.31474910861095634       0.37172661045222488       0.29046929146199552       0.30140465850183018       0.29813964621772598       0.64991903381652771       0.34272247677574141       0.44538974806794385       0.43018140484562378       0.30052090509954033     
  0.37148721844277605       0.29540243320325654       0.32155524445879424       0.30718431932271811       0.37971858826785487       0.36577001908218720       0.36284480799231028       0.32609939394962262       0.33710201993750188       0.30800426130292502     
  0.33167739674501628       0.38683392392585370       0.30588053133867821       0.31626847517347062       0.31387481394566735       0.66157871384418154       0.35290552212315612       0.45835729816675103       0.44556177059777879       0.31690394888158158     
  0.40133187594518976       0.29865131801638184       0.32640123464588794       0.35455087548521669       0.31457461902854345       0.35630835694351470       0.30437817389745681       0.32188863126138162       0.36663372298319130       0.31855458518270058     
  0.34863142477862702       0.40146124615586720       0.32204716129806427       0.33108290362439730       0.32923848277726075       0.67301486739521610       0.36238097882274328       0.47127562035055659       0.46003037065601532       0.33372553684431905     
  0.31891365857465642       0.36482492218279844       0.32981251892055952       0.31945914993232555       0.31466620915927168       0.31640408511068946       0.30297362096635683       0.33453190760825702       0.33552543975011750       0.31592116094589617     
  0.36570411448700635       0.41579651545082003       0.33808990241879711       0.34585008114985033       0.34486886189160287       0.68395727553568220       0.37216875425334395       0.48423552871488451       0.47484775972728710       0.35070163210562377     
  0.35795258149154491       0.27231464346823042       0.32697210790042025       0.30395567357420394       0.31348907964733541       0.30999417481089031       0.29838878587287349       0.30095519427284673       0.29198600236442135       0.36050377703263325     
  0.38202885069836279       0.42986357613086779       0.35422932575861210       0.36106639501139354       0.36039792409401195       0.69397220788910274       0.38272402305581171       0.49746825813619244       0.48976360071972463       0.36670403175968891     
  0.31677375185306361       0.27955283692775990       0.37096741860329141       0.29530719970828706       0.29154282199217180       0.31367346690605852       0.36246790302106402       0.29301685065957672       0.29567091908589105       0.28826331856172999     
  0.39820598420530873       0.44395073647123251       0.37027289703134275       0.37652139809654955       0.37555473936683892       0.70364688543690790       0.39302504945904149       0.51106250653369878       0.50443078183786527       0.38242534267329825     
  0.32841761945398390       0.31518061276774839       0.38059261392579186       0.31842587581031262       0.32613931887124703       0.35057047425236443       0.32283145944167274       0.30519272562504018       0.29607758074301876       0.28036268631189554     
  0.41436655453953164       0.45803830424664649       0.38620637117142231       0.39193005837170791       0.39086375772956045       0.71273645231361604       0.40286389990823745       0.52498300748314985       0.51895539340474828       0.39809299850100915     
  0.35776132975152430       0.27852813111191471       0.32014870944938040       0.30927542302184519       0.32651106645746797       0.29847677270164197       0.31721331134160324       0.32343888860583675       0.32297621743955390       0.28851739731643677     
  0.43048825196263674       0.47188309674282247       0.40198975876494930       0.40745277682731745       0.40593586582536423       0.72180453582599025       0.41240303978008663       0.53838859934938854       0.53359781020000274       0.41354766604215387     
  0.31101360150314411       0.40224473829711122       0.30990367022840437       0.26745487982153188       0.32188014298282430       0.29538888171679606       0.35397150058009563       0.30380629123167474       0.32830866293418470       0.36139620854669097     
  0.44668198665090136       0.48554870839370734       0.41770724101962858       0.42286012084858343       0.42171068635164205       0.73078374464069107       0.42215928945759157       0.55129593123394682       0.54831262940059133       0.42891089578024577     
  0.31326624629750605       0.31568608530732001       0.34654556714051787       0.27966162212795431       0.32477108043994213       0.29365522514701392       0.29142433144193269       0.27348875532755629       0.31381120314950955       0.31416249245769118     
  0.46280498924974767       0.49898605855602135       0.43368223777470655       0.43841875261361241       0.43730602524160617       0.73980937495554844       0.43202193053920357       0.56355426283148147       0.56278629641742672       0.44436791382270069     
  0.35731249923389369       0.32423477357654307       0.34226109270847682       0.31145320033010060       0.34213076253984731       0.28477567652452301       0.39439042682520320       0.31071326329728127       0.31871539770981544       0.32628693359979238     
  0.47852776658690876       0.51201660946141514       0.44973997085541112       0.45354624373763391       0.45233483263331448       0.74879899082448453       0.44181634914971740       0.57498730779450113       0.57698890918003598       0.46032597897594285     
  0.31862387645641760       0.32371967260761164       0.30856138450857024       0.29808916071869884       0.28903287596592103       0.31762922493742468       0.33467679514768156       0.30873700386760117       0.30185278845647706       0.31334402243957549     
  0.49451553306697249       0.52520263599102157       0.46557104807139166       0.46828730298721322       0.46784781512274315       0.75757492283806038       0.45164304801669675       0.58731399289716291       0.59099420845506101       0.47612486385970187     
  0.31526825090421506       0.31636722691856844       0.35536940400964689       0.33853575635025857       0.31637952876473813       0.28614348024451153       0.30350753594145907       0.28690475764905016       0.37088280889197461       0.30481592702571425     
  0.50947471952750545       0.53901969557975193       0.48127848673259654       0.48354425112322669       0.48259805023810065       0.76611999831881250       0.46104329389661852       0.60059546279748588       0.60475017896042627       0.49230995778777170     
  0.30508991921158263       0.30614863102375434       0.30954254594560965       0.29635916436618742       0.30046500023001915       0.35685193032653578       0.30881395739145079       0.31647553815559593       0.34684159001750237       0.29577102086519802     
  0.52418420532394672       0.55281144473159838       0.49701723215059884       0.49900213741710225       0.49755366504590909       0.77452484681230060       0.47056427518214017       0.61380067287072604       0.61808628835819790       0.50871756094958742     
  0.30583123994813138       0.31924540623140657       0.31857515937827674       0.29864457798704103       0.30493162258010920       0.37491053828948223       0.33510980896596942       0.36581499800267625       0.28991291699602884       0.33194653921717399     
  0.53964969447849687       0.56659811071602983       0.51260256421611339       0.51541147708559343       0.51185090592300442       0.78270851808933106       0.48012549186256154       0.62669169394917557       0.63132978651595584       0.52457913023775860     
  0.33219127258138315       0.31383843169726072       0.34720026957794181       0.34056848023207453       0.31948583073124193       0.31337823003435350       0.40228847443023785       0.28896057387691448       0.34942993738608519       0.31485833166198585     
  0.55493692581538379       0.58007359246543744       0.52836698110069258       0.53212706501436013       0.52616627694335683       0.79051844685596040       0.48957676437484887       0.63926660643906741       0.64435403648661749       0.54049759168534817     
  0.32487811908116154       0.29859824791146966       0.35234043918940100       0.37733780333943839       0.33812716261564207       0.32616481404359449       0.33518010271987475       0.35398296562623627       0.30523495758873254       0.29599641122434039     
  0.56994045063848608       0.59239877113020312       0.54526092697068262       0.54911026297474530       0.54169955343759479       0.79783556426747271       0.49906013772073743       0.65176429469759689       0.65742950828569302       0.55635294157964066     
  0.31661155532052770       0.32529908967664584       0.41589202982813966       0.31233367851170940       0.33428350006456981       0.37880961186911805       0.32619501134008588       0.30877448238019140       0.36056231511453524       0.32306649317666525     
  0.58491522617633573       0.60510775140691964       0.56204453155099110       0.56638621968774061       0.55726672070127758       0.80519790339105046       0.50851970259833634       0.66457051174127191       0.67013471187431284       0.57195389516175654     
  0.32958692339747819       0.28335062622364116       0.35120332994068965       0.34035703139548140       0.35798133138573129       0.27170843994526461       0.33503617006990444       0.36319214085616192       0.31242912789194566       0.29979273637017312     
  0.59964217190248992       0.61720677593320838       0.57773254117015016       0.58434024183889310       0.57295870034612273       0.81252785206457878       0.51807791069702469       0.67802237229366213       0.68241879016329532       0.58725918925729770     
  0.32375376175639958       0.36787642152544459       0.34421580918891109       0.33636747177665416       0.31969637950570717       0.31936540610036790       0.28082069623881334       0.32649855711784104       0.34935405544438619       0.28763498428742346     
  0.61417407125860302       0.62928214641598634       0.59384877827292137       0.60280094159652620       0.58884298783575006       0.82005663231135739       0.52762938493574396       0.69165175749986896       0.69496642920645135       0.60221580075950454     
  0.35099015166122499       0.30503928657045015       0.33876349052683119       0.36799892690446545       0.34547167056333372       0.32539385346738176       0.28647820901493321       0.29717430318153049       0.31327631324891403       0.30283376988958677     
  0.62912630484294196       0.64160633781859688       0.61085495629971243       0.62067931111841002       0.60518934364894150       0.82777677788448223       0.53756196587507343       0.70543724068372760       0.70766870373658464       0.61785423451817112     
  0.35738226593425254       0.27613792281370747       0.31849107711010433       0.31304016547259911       0.31156593390281656       0.31239783417667560       0.32537432393642829       0.34938658003345835       0.32059960279793454       0.34060213369918291     
  0.64433127611178831       0.65395781502645611       0.62745714035043409       0.63806830556928984       0.62143783500351790       0.83517142534254907       0.54708989400608488       0.71916726047667134       0.72042911677199706       0.63349909137288019     
  0.30781544886578377       0.30692748625090732       0.33130302309360332       0.30603941126839396       0.30243630501437552       0.29169762180214531       0.31887034412067117       0.38873719391122608       0.32689453884569014       0.31512358437105925     
  0.65885569729737570       0.66719590424349617       0.64289919484395563       0.65558967489821707       0.63763734479972389       0.84240636869489771       0.55676067154353792       0.73271327039265799       0.73334232892159679       0.64951413700169314     
  0.30164243062248891       0.34695612632658301       0.32226451979803794       0.31430327894596932       0.32449958554152936       0.35471261149995192       0.35333328594663277       0.32851279733501082       0.32195965035748303       0.31783475533097422     
  0.67298649597589744       0.68047342768786223       0.65838985713676668       0.67309266915178034       0.65361122332890509       0.84954631834358829       0.56628471683008785       0.74610107538162695       0.74646585877670646       0.66577790224253852     
  0.31847858447244753       0.30458664726483620       0.34705468099218828       0.33775188335048489       0.33641644517480562       0.29963896598891510       0.32195183807724304       0.34299262085492460       0.32506904288478616       0.31785800495351973     
  0.68534277685599765       0.69365144333900552       0.67412883698593096       0.69064638506567666       0.66978766407468771       0.85645892844713278       0.57645663357770971       0.75903299539713043       0.75993007023665471       0.68041705426190668     
  0.34684757236130370       0.37653644930163765       0.29938873082143358       0.33689821251199942       0.29892719090908187       0.30681770175587542       0.31792134615656020       0.40915553309846936       0.30230946875776082       0.28831185393677827     
  0.69745921875398653       0.70679934709908354       0.68994688082220879       0.70819894479351886       0.68602648276504075       0.86324558983551625       0.58682134634446181       0.77170086724267439       0.77310562321853582       0.69471237822005205     
  0.28438165520839220       0.34972622443014245       0.34406368595112796       0.32969961476057302       0.37168549881242807       0.35216581847223677       0.31864565196853484       0.38648567799121453       0.35576023670734208       0.30390949636685111     
  0.71226824884257234       0.71991508814964367       0.70622328199984241       0.72573541686572918       0.70184102870197262       0.87002556288250821       0.59721517186173256       0.78437043043431798       0.78549121665119714       0.71151727214132676     
  0.32787432409156131       0.33432098905623275       0.36241553801565313       0.36051481319288947       0.31863950889962861       0.31406894549467840       0.32532965347077264       0.32155714221872844       0.28209131368318097       0.30349307904665002     
  0.72693866910048710       0.73309194081511542       0.72230959407432449       0.74323497109572201       0.71783141114077653       0.87688334297411574       0.60750832490973894       0.79698505883062265       0.79808752253322779       0.72853918620166447     
  0.29081652629374716       0.29155444499763139       0.35526217528401438       0.29541210199178197       0.34752766079528696       0.34525910406455890       0.40362593725575413       0.34309039834856569       0.28443526652203471       0.30489121354602933     
  0.74130455849956334       0.74641565764892248       0.73814747381443035       0.76034067314005149       0.73409070655387509       0.88380855904623734       0.61809511220609126       0.80946245103298009       0.81102333520026171       0.74587029288599371     
  0.32073198577887685       0.33218474724452030       0.30670025375891830       0.31090272956836440       0.36516800518607190       0.34356296472662290       0.34018177639836522       0.29877381862631114       0.27934226517600974       0.30581012847538686     
  0.75563263903424871       0.75982477200151466       0.75390718157462344       0.77749912441150615       0.75018835534567851       0.89079307927697704       0.62874422717013756       0.82172316137320089       0.82361860482354632       0.76343793937779691     
  0.29972423281706229       0.37123255360740648       0.33349081612782655       0.32540995974602427       0.33784474947337578       0.30275994496204539       0.32466194778311097       0.30220027941693606       0.32046812497587107       0.31203859054252425     
  0.77192533387310425       0.77331148282372786       0.76936556887583907       0.79502537695843689       0.76607191191709845       0.89774326196561627       0.63983215123816128       0.83407004518445371       0.83573406589706845       0.78154636546916600     
  0.34812470320262673       0.33116925566625005       0.36004112345748518       0.31377885102529524       0.30806513399211921       0.31313288052683363       0.39395520820843016       0.30576618160077351       0.30253618569999574       0.28533913398113131     
  0.78816134539493532       0.78656315867750837       0.78493932961384405       0.81249111140031205       0.78139465017322340       0.90451347864327003       0.65099380036824228       0.84632335588000562       0.84782828871999427       0.79985231287384029     
  0.36446400418163111       0.33349835150442031       0.31033696048444598       0.32607676661702140       0.33578111255149529       0.33344439256934266       0.34657668084050813       0.36140097964662032       0.30214232219252379       0.36018156734285584     
  0.80217103371777376       0.79974381063769684       0.80050316179468217       0.82976779765521758       0.79510569784184038       0.91108037275733900       0.66254182710958787       0.85800825067661368       0.86025157995663248       0.81754126498595914     
  0.33080453481047717       0.30952054824908487       0.33988179019811166       0.31970419234122960       0.36841424077265167       0.32816660783821511       0.31953065194317071       0.35890034443569696       0.36427640290636937       0.33405861890542038     
  0.81593943127778390       0.81289585017171351       0.81604057315068845       0.84707198359553426       0.80915541736735885       0.91758273999478202       0.67421489047922367       0.86993963584965806       0.87217829621145682       0.83497545070006240     
  0.32817137272994035       0.29510938081411670       0.36087712279725287       0.37119518969032900       0.36132165500684360       0.33529754904493730       0.33215655863423726       0.30218864253964151       0.32071813889159501       0.34898114005103409     
  0.83276344110392453       0.82636194077085379       0.83170842787948807       0.86342953206001838       0.82503912002907243       0.92405044197143582       0.68650482546463021       0.88120426725382728       0.88288490687321275       0.85236232303975323     
  0.37213887340648100       0.37548923136620771       0.31801566486234217       0.33619693382053450       0.34824357627552971       0.33849874049691897       0.32225832517347019       0.33436446749405868       0.33167506065243080       0.31536453012823534     
  0.84959012970156689       0.84014245251892705       0.84743912943868016       0.87965801332275095       0.84112770960327565       0.93062137336670692       0.69925096799596698       0.89242053074481853       0.89355855309026089       0.86969957690297528     
  0.37405182122800290       0.31582258651359468       0.31357661096182621       0.34311052765780031       0.31482337851138509       0.32891870038621185       0.34092147685513458       0.38195985923343845       0.31631522495018632       0.32987272135828649     
  0.86540170168591479       0.85416592159305837       0.86265501196643724       0.89501603100996985       0.85705585405547824       0.93731342031737352       0.71249076249743082       0.90394352614356932       0.90469647889985860       0.88561894354210369     
  0.33849442674696789       0.32252948199032877       0.38222276479545897       0.31045916461474876       0.31338547824248830       0.35983130323661477       0.32755319158843998       0.30607511541957705       0.34383319865110668       0.35316445710797467     
  0.88133548395839578       0.86784691907956790       0.87764719895648202       0.90995777255491361       0.87278572146489686       0.94402400846220158       0.72605606618312102       0.91519043993058102       0.91604894504092094       0.90143131723609393     
  0.34135892367229342       0.38603309369918304       0.30705287509377366       0.39490980995931779       0.37100463764358166       0.34917706830439732       0.34853565521674257       0.36218602239001796       0.29771879014160152       0.35374757058690481     
  0.89637195407628767       0.88339030532794771       0.89289944525791443       0.92443972686206799       0.88935466137545305       0.95052313191038795       0.74078172256244113       0.92610333393137756       0.92651230362902581       0.91536413831958363     
  0.31567195165680395       0.37687287179888745       0.32746405084113217       0.31509048508178811       0.32246738658210722       0.36617469837347533       0.34521756593735109       0.35313315280190083       0.32557251766477524       0.31045427700471628     
  0.91111036154477920       0.89882336200847157       0.90809304597592200       0.93856191152502899       0.90583058658144233       0.95695624619660402       0.75638851446225353       0.93708995044379328       0.93715793446023110       0.92912810229885689     
  0.31312735336422315       0.33581483543111112       0.32313438165113906       0.36828577288055198       0.36820637843392795       0.33459474138568090       0.37453721824133801       0.38773053423682075       0.32129826380416204       0.28865103587690921     
  0.92605072418050471       0.91462375877525071       0.92375981726066358       0.95180097216989845       0.92223302466418633       0.96360343193089659       0.77426581216189927       0.94737751641456014       0.94764430259570098       0.94274798473847443     
  0.36822251286237467       0.34372779482919319       0.32343527450588794       0.38014333776286680       0.30379890197435977       0.36211011796825426       0.39251334442193825       0.33240254170595229       0.27564576880941133       0.32101660918829494     
  0.94112753148978945       0.93070097809493479       0.93931530381803896       0.96434274261856456       0.93880887969397275       0.97026546726929297       0.79389070198016065       0.95774555710759435       0.95806038567551910       0.95665816705018847     
  0.30865345001464328       0.39720699289354466       0.38085850326690646       0.33874941963924549       0.33093756666849639       0.33296802175290469       0.30043126842192375       0.32755037449749175       0.28257154876047913       0.31701273102298172     
  0.95618410506090745       0.94757079211285022       0.95470559922800857       0.97376488563918151       0.95386138993953606       0.97740195058060209       0.81844061782945576       0.96811972541981284       0.96856125989439756       0.96793214331595645     
  0.30169433373486809       0.37799555584806432       0.36396480752743465       0.35664622912300986       0.33288529372135084       0.34698071430970545       0.32611072923959156       0.34568569303899305       0.29306099333090585       0.34519284982252935     
  0.97124295942098116       0.96471102392307573       0.97045402425990457       0.98326260962409739       0.96902507156551321       0.98476001769667965       0.84847608482124981       0.97845605460800333       0.97897702432468237       0.97892953642783298     
  0.34243070233628770       0.38404255654826519       0.33105574693315637       0.45836128433403217       0.34035528670129594       0.40461663235151257       0.29907925486974157       0.37834235316221881       0.27215824292648982       0.49867057174950069     
  0.98564448135322491       0.98252219319590572       0.98517961695947964       0.99147763680382628       0.98455139064314023       0.99217931276139437       0.90943413677165319       0.98922266204347464       0.98949528009707255       0.98955490751699127     
  0.34802250415580199       0.41191857872162430       0.32514101000679457       0.39084648602661226       0.32379720082900537       0.39621915335743102       0.42276375259980198       0.36894464583559383       0.30676368199869725       0.40621904365534739     
   1.0000000000000000        1.0000000000000000        1.0000000000000000        1.0000000000000000        1.0000000000000000        1.0000000000000000        1.0000000000000000        1.0000000000000000        1.0000000000000000        1.0000000000000000     
  0.55483125648774845       0.41439520538449576       0.31567445878535022       0.53457081527044359       0.33876846104867403       0.30859352235522092       0.26745487982153188       0.38545596261311793       0.48342280321765213       0.56777064118303711     
  -4.5781595036421221       0.82122080595165370       -1.3646893763970911       -24.549533780088961       -2.8765109351058755        6.0181599523479914       -2.4179655015807673       -4.7442512718268635       -6.7975415762720379       -3.6078153872900907     
  -2.8094128775926475        1.0592675290980642       -2.2510731012270067       -15.674512871850165       -2.1921757660252430       -7.2455396876476010       -3.7018323042814516       -2.1091362402927731       -5.2292522719865833       -2.2162552687492019     
  -3.9437505733399503        2.5509125558723698       -5.7370104769995240       -11.272421626621501       -3.5264470610554062       -5.3664610302421663       -1.8693988482520008       -3.9364082318610785       -3.0009483459663158       -3.5554723329397264     
  -3.1072951538487921       -1.0774659466294125       -2.9822372748982917       -8.5961826265017240       0.56728963258996401       -4.5077970712425417      -0.98836656582405547       -4.3225391461186922       -3.0924155665950566       -4.9429732637248485     
  -3.3001822878071909      -0.88538425317120284       -4.8103077200452269       -5.1882195164919400       -4.4381223757622887       -4.0942162406119031       -4.4437255159402662       -3.0563836663250949       -2.6961761633819079       -1.5413172951947200     
  -3.5860942366652657       -2.3919811347697348       -1.4402489453606038      -0.55625721628616609       -4.9983986109482901       -3.0259623817120502       -4.9637141322356158       -1.1334542173399986       -1.5185131517087616       -1.8136084062266056     
  -4.8783421021971272       -10.660621714570526       -1.0115397052693458        4.6039779603196846       -4.5760769416044607       -2.6752871548156265       -2.7712069929990690       -4.4489266637708367       -5.6909296074292559       -4.1217538760079186     
   7.4145015788626201E-002  -11.515234954617451       -5.5404300225631129        20.020936716306263       -2.2874927741509756       -2.1678507764923505       -6.4593516700502231       -2.2263031054954983       -1.9996581799855551       -2.9401332265975668     
   1.5369572975073552E-006
           1           1           1           1           1           1           1           1           1           1
   1.8154733579626651E-006   1.2760046730726255E-006  -2.0386764261149549E-008  -3.7110190739526963        1.0538120466123342E-007   8.3674680860153163E-010
   1.4855346036099312E-008   1.4655357339332700E-008   3.9551672063553577E-009  0.17979758738182974        3.9283237038698597E-009   2.5191257674186509E-011
   3.7674779611376108E-002  -3.1884756911346246     
