   0.0000000000000000        0.0000000000000000        0.0000000000000000        0.0000000000000000        0.0000000000000000        0.0000000000000000        0.0000000000000000        0.0000000000000000        0.0000000000000000        0.0000000000000000     
   2.1677987110939163E-002   9.4577448054104427E-004   1.4497550577273543E-002   1.5912368657631792E-002   1.1530114076845040E-002  0.25543091068804485        7.6116097835800645E-002   7.5922326068101093E-002   1.5371457633118202E-002   1.6350163784854984E-002
  0.43431675054452906        1.6765863130760377       0.69207508597265077       0.57444304067235108       0.50157516774737476       0.52550176042411190       0.38754071874972029       0.61743376419665663       0.83082569867999123       0.50891632341326332     
   4.1363558671216161E-002   1.9279168402577757E-003   2.9000959580727063E-002   3.2087703774489773E-002   2.3676050302379077E-002  0.43985865253268969       0.13288403003436153       0.13740542909720246        3.1161986626498387E-002   3.2964886962854295E-002
  0.64932578059698876        1.1806525182485874       0.65542058114428769       0.55714143738757682       0.63282811788507676        1.7227212624249659       0.67245946841692938       0.68682564609385766       0.93293102709900555       0.61930598500494505     
   6.0428673058717769E-002   3.0052401568307920E-003   4.3214743748382606E-002   4.7243178851557988E-002   3.8740427460805964E-002  0.48385171689164941       0.16042701366070555       0.17846095290340422        4.5672505888921196E-002   4.9893383356604565E-002
  0.59072528263833168       0.86828979447800914       0.57996411990342323       0.43930086290252096       0.51289474880793551       0.61238299109610683       0.65723009872515714       0.92602389956513920       0.78492039707022565       0.70803426628283073     
   7.9326788223205533E-002   4.1531250459116370E-003   5.7256592397576467E-002   6.2687772889009716E-002   5.3712697120892550E-002  0.52439483814128796       0.18589523042598546       0.20906449484094711        6.1286331146836362E-002   6.7308671271687354E-002
  0.66986828934926923       0.78213953695221472       0.65342851823907111       0.52594491667518484       0.44822504118357948       0.98956131951219428       0.69711383157012563       0.73948868182022554       0.71565156409752861       0.57990189572161421     
   9.7371341274614553E-002   5.3064936403824838E-003   7.1472420015390198E-002   7.8680219274659791E-002   6.9413539097978358E-002  0.55693587962631630       0.20177133967199432       0.22842152504475455        7.3273646056635805E-002   8.3944474479632325E-002
  0.66195297468063430       0.68816306935525218       0.57816016685307348       0.54693257658763472       0.53742974759917228       0.71578580443355089       0.57103502326362021       0.54447570763403430       0.68387877852096657       0.54028046459398105     
  0.11526662565044789        6.6279091722601354E-003   8.6067854690753454E-002   9.4800712915271493E-002   8.5132763335201908E-002  0.58730583380468937       0.21803045265272436       0.24629468054261713        8.6258498897268443E-002  0.10031463995339876     
  0.53789871390867017       0.66223944497235565       0.53280737313310012       0.60158713000911135       0.53980146390636108       0.74137216810135720       0.66710525883860128       0.74766664129156735       0.65370686763378583       0.51386495589686276     
  0.13174041585732435        7.9529317016953580E-003  0.10084131932273187       0.11184208825264594       0.10127624476956504       0.61317529633434353       0.23169130460291279       0.26254008993882877        9.9260128713270085E-002  0.11690928485273552     
  0.58056964085660945       0.54563675491802999       0.63299390585170545       0.50948508253550417       0.57195791354462966       0.67809920122477563       0.57895876957107484       0.72138368836223465       0.58149296384371929       0.57374922896636027     
  0.14788703518315027        9.4369913864464621E-003  0.11540371857128573       0.12867913176721743       0.11693333458561812       0.63689205864808862       0.24509805889298580       0.27883938522190732       0.11198202506161864       0.13359036111283584     
  0.62120771933625618       0.59141640229941161       0.62262256892658241       0.60293338419850684       0.63338036709549406       0.63434276417411994       0.62553017269511091       0.73813859077310962       0.49093217321109406       0.65264022423490653     
  0.16336614321055135        1.0994587388967707E-002  0.12975574202423534       0.14753521402651920       0.13090697590722319       0.65874078831214955       0.25670128958626615       0.29136688053660864       0.12389535330212138       0.15030022061070250     
  0.52927674384645462       0.58507601530929432       0.57325800870202781       0.61694661656252703       0.57857785505985915       0.67330265675331280       0.54680047464255133       0.65786870378182372       0.68362052982568189       0.62353785610148627     
  0.17851205034381656        1.2676960795339242E-002  0.14427465393342373       0.16626060634500781       0.14443866728202120       0.67725668133942141       0.26739465948414715       0.30321990751761951       0.13669695180586583       0.16717926949209980     
  0.52714728047319592       0.50175066390701573       0.53809473962971688       0.58011167773376260       0.53859254882573127       0.55566539114881641       0.63022700529288311       0.59142885526566069       0.50804315799968758       0.62416625442668983     
  0.19418228932332057        1.4380336645643275E-002  0.15845073009087346       0.18499140838477482       0.15681194478107172       0.69425373583599193       0.27768675462464676       0.31468113233781042       0.15054533074717422       0.18308147330766561     
  0.59317782225674565       0.51884057903296965       0.55934692482157256       0.60924403819236750       0.61225673263965397       0.63352772215990327       0.55023781462883459       0.53984635936435765       0.61671858230944321       0.56611780327727845     
  0.20975049360635944        1.6315127509976966E-002  0.17221177112364031       0.20332689781269553       0.16898540107565493       0.71046355768118408       0.28762774304625105       0.32591240659504894       0.16509199370742181       0.19884139206455023     
  0.56140562905842539       0.57685642760680822       0.70706383873777623       0.73419994665218413       0.48913112413352677       0.53665709158175812       0.67828053549605127       0.61113981275463991       0.53328691069146150       0.50798840988763494     
  0.22585545105615779        1.8485754185226570E-002  0.18554310697676560       0.22168844089226045       0.18121304835853838       0.72623104242540526       0.29755384170127402       0.33704140171143082       0.17791508712983786       0.21454157176496133     
  0.61266446880693959       0.63982358039293341       0.62275994288986314       0.53873904360647185       0.43610359989156566       0.53473864749832334       0.58103523609870589       0.59454535029635269       0.55071245246603240       0.58461151146576684     
  0.24218606609518173        2.0794219006979947E-002  0.19850351956611934       0.23962288992410818       0.19396286058991966       0.74022116974414687       0.30747088719036370       0.34808551371223051       0.19047007046761133       0.23069322533639927     
  0.42679061074986263       0.53374509293372185       0.56850019809616548       0.61396001046140269       0.56901134676612142       0.60328919505310041       0.57552278241827715       0.51015075353138917       0.48803719227014875       0.53062011125764563     
  0.25758358225523942        2.3416888522713817E-002  0.21063273111184658       0.25751176755237365       0.20673700638085360       0.75408684502142320       0.31714832437946394       0.35980756468100505       0.20301716016265337       0.24782673494715005     
  0.75828676202487966       0.60394005589023525       0.52747705807150835       0.65556703646988590       0.51916810226402410       0.54823809470321649       0.57275849704773518       0.54111489767552723       0.50931223413026605       0.68866692301199051     
  0.27285112354356389        2.6014631225626143E-002  0.22194003139681584       0.27546975884076885       0.21956283781360608       0.76650358336146240       0.32643968882735352       0.37124935177709301       0.21530432584378800       0.26555442294084219     
  0.43488356433504155       0.58930104174464693       0.49014909190996486       0.72225852591662565       0.56617342950347849       0.59072067023503616       0.57455831232351495       0.55853744804115135       0.45717522031243718       0.55291001063486400     
  0.28892988833090977        2.8897865648882116E-002  0.23316854319028657       0.29329583002991610       0.23237807542655523       0.77875132595796470       0.33555379332260304       0.38222544434542594       0.22689323053116928       0.28268159789951025     
  0.60227382754479064       0.57368321999530392       0.54175899021574547       0.54366509055236056       0.54419364020072081       0.73261571244116219       0.68810541169041128       0.51707083557271993       0.50159015455929290       0.65424114713069292     
  0.30542577363692824        3.1749633978067703E-002  0.24491856433846981       0.31089775396704972       0.24660013055273974       0.78985377226654507       0.34447811427747010       0.39204750783997450       0.24449317183750158       0.29936052184500050     
  0.54184798995910222       0.57028399344969849       0.48570867195058642       0.55861537122195160       0.48377759195123082       0.50198118915831969       0.77689714227260165       0.47618731962774408       0.60613874267630896       0.56167265344877659     
  0.32330457036957672        3.4587789469301099E-002  0.25788614982889535       0.32742233967930345       0.26096807540473016       0.80084461757063918       0.35330046924976699       0.40180355674669405       0.26184555056621245       0.31523823577693838     
  0.61929635535638772       0.56813120356575930       0.45447987690020747       0.60837850259335580       0.70958296763432394       0.44873929903044679       0.50158456732597456       0.44152004838415521       0.55925073077040743       0.47283804801065976     
  0.34073723117507093        3.7387674510603222E-002  0.27112620792472869       0.34302759685992718       0.27639343792739157       0.81115753871919816       0.36181498921944411       0.41112716857371029       0.28045708436990496       0.33030491762842634     
  0.58212011055924884       0.45529729804352226       0.58927031870690394       0.61335815664037707       0.60960923703753489       0.45653101817662400       0.57386309147715175       0.57574804803581725       0.54339068664327472       0.53776657768848768     
  0.35734633836069452        4.0467082335417404E-002  0.28348859008620636       0.35768914552312742       0.29180422513600862       0.82131544388538025       0.36983144936292001       0.42063870763689004       0.29910690271185947       0.34591664490381291     
  0.53879699037666162       0.51331314016169027       0.50624117739665853       0.58246118667625724       0.63159979975281744       0.49258579485775678       0.62520272360655804       0.54392084471514446       0.55166772117369800       0.46633398581273694     
  0.37379421589065909        4.3501724568233618E-002  0.29559396767407065       0.37182100079141656       0.30721387427054053       0.83034231382859136       0.37745344912763040       0.43009315431217526       0.31805712032738831       0.36159482555990141     
  0.55972653493256552       0.51283918509550452       0.50090036754505229       0.58446554374174464       0.54340364483873371       0.55923013083024442       0.57777981754862673       0.45159512033702981       0.51205066329395421       0.51797758074969702     
  0.39045615260065497        4.6831464948634952E-002  0.30728317750241413       0.38613144791205972       0.32284028959211925       0.83907646742056674       0.38506046079189293       0.43918409424940930       0.33674253787980490       0.37788639562405496     
  0.69770386876016721       0.46069151858158158       0.42966881776028615       0.53105355220275985       0.59062036759061443       0.52563698927169911       0.55556634612253586       0.48229077525347669       0.51305573001981164       0.46482651175869699     
  0.40724252776816133        5.0260807448448422E-002  0.31934599279290593       0.40080502951578828       0.33867024601494128       0.84654655220590747       0.39186969293872476       0.44840596914307457       0.35575857015677842       0.39409083975625614     
  0.57167867889076940       0.48259676138093283       0.49510262546852779       0.54316011749477844       0.60551801045536258       0.46450745846034225       0.62276447510048305       0.49097469919877107       0.61908080250976871       0.52079937921078412     
  0.42406706420435158        5.3818173793057415E-002  0.33143528552796381       0.41384052553880474       0.35434321281376202       0.85386793303329445       0.39916380487386066       0.45639259139538368       0.37523624963920604       0.40900080295891300     
  0.53039005142301499       0.38792401518741759       0.45103974749238490       0.50238427621755810       0.53772705950224231       0.51433804061789223       0.48027877222323345       0.48490439091104148       0.54112076954440891       0.57477338200359407     
  0.44038359877899674        5.7486421256849843E-002  0.34467173130499151       0.42609083916155033       0.37085581450243921       0.86040845520833820       0.40579336425996954       0.46416286239590293       0.39322121388347581       0.42353873347186904     
  0.59680561928383014       0.50966593641898994       0.56422640833245097       0.48214650130340214       0.60815680076280754       0.45127384758468281       0.55117916747951690       0.47978422064628923       0.49912513037983591       0.47221258817848633     
  0.45730945389532196        6.1553636361273617E-002  0.35852235789872189       0.43743664891338746       0.38714937256526316       0.86682870398185974       0.41246701757956350       0.47446880698678484       0.41077486766719146       0.43696696115770950     
  0.67595953689858668       0.47055788823138400       0.45578475085855541       0.50616136856667060       0.63134089549899086       0.51598154199915236       0.53882907512165090       0.59379927242814579       0.46386199921944876       0.45826408653212325     
  0.47301205099919769        6.5669810051613542E-002  0.37324290787837855       0.44853851023047592       0.40506119468234525       0.87272574663784985       0.41891700687787398       0.48482410647832885       0.42879328392569088       0.45056207299336026     
  0.47046412853016484       0.43511173285307131       0.51938963466383270       0.47711191313718615       0.51658376258665328       0.50959743821573855       0.48666467557701926       0.48479222391798077       0.54140234429360901       0.45476548669965666     
  0.48876411171010697        7.0037858954496351E-002  0.38869007670022271       0.45958644961087469       0.42278827236643124       0.87856763805463001       0.42524177782223360       0.49697946335329068       0.44685463114598961       0.46405909570407122     
  0.54254283952303062       0.47713046548133059       0.59978451362610274       0.58805530361201119       0.58996717361282258       0.49664375499320956       0.54509189124668167       0.48823729198254506       0.51958058621842196       0.52520281907890087     
  0.50578178308255450        7.4537800435869703E-002  0.40454737469534030       0.47188008354233413       0.44103336135699611       0.88367810944433101       0.43195044649281045       0.50884700262024796       0.46418667400543412       0.47725915114632350     
  0.65497424595422715       0.53216373837468900       0.53227833160527793       0.52204253474784301       0.55099921128141682       0.47389880747654112       0.60443401856116441       0.53258543466589636       0.60469967960579485       0.58708962492589978     
  0.52350022160412124        7.9374430327279366E-002  0.42056136417956913       0.48528369474361771       0.45892961796009540       0.88872255603166128       0.43874812028376586       0.52147544030116144       0.48109206248509429       0.49014082160911721     
  0.56759107272598452       0.47294546604676041       0.52276151595802611       0.53252840042921545       0.56955669146500076       0.46660619444647428       0.56387645749246540       0.56340395883142114       0.49352341765975766       0.82753547541033545     
  0.54112805510307771        8.4202920033669401E-002  0.43685527532033930       0.49918345985737528       0.47609617658851522       0.89357475129085373       0.44558029385245246       0.53414596497992151       0.49806482559604087       0.50192570987727847     
  0.63983981563227310       0.43196097286152207       0.48193997195755434       0.47900209054356807       0.53403424370328778       0.39905051000645531       0.48513129103374603       0.52844164810792471       0.50857433659505824        1.8046309338737696     
  0.55833538537578464        8.9111869150477668E-002  0.45306648469927618       0.51391780023810330       0.49314808624708911       0.89837769958495206       0.45255525804861074       0.54765262449740992       0.51467806264809857       0.51304727951429474     
  0.53365482301538547       0.46914268197790243       0.54971992727580399       0.51929579778913348       0.55092794282504454       0.42077353122175670       0.60331907335373147       0.54514686318328576       0.53069798300755555        1.2397808621915098     
  0.57522819936963732        9.4100494556687148E-002  0.46912192588931545       0.52934033079500409       0.50964971831102102       0.90308647102070239       0.45891362166028155       0.56091726408018394       0.53206097443800759       0.52416516101595656     
  0.55584474974933751       0.47667356207418493       0.64654367294846926       0.57830276134778247       0.60761525660148208       0.43305579173637632       0.51174158257550961       0.47350986691522196       0.53344607851694570       0.65093068288844635     
  0.59193133122898445        9.9994401616956330E-002  0.48555443277399379       0.54502722910872514       0.52641528825239459       0.90763304950188983       0.46544460061081960       0.57367900708181785       0.54942128380885158       0.53565522488044404     
  0.65741601315501585       0.44245736871696212       0.62710539692571643       0.49588244597301134       0.60372471023649332       0.45821886449364391       0.65161020652004709       0.50069753335509548       0.49497442086809795       0.47076122943543497     
  0.60934135084574359       0.10598274823835604       0.50225519668489960       0.56060536454263465       0.54322130073136266       0.91184558579559305       0.47251987995256101       0.58657004183600669       0.56558351613071822       0.54762538285551643     
  0.57880607917462612       0.41317140821328785       0.56953410797662085       0.59369559888374812       0.59893005166851754       0.44659799196613353       0.53890715214920726       0.57526014303567086       0.46110287805327804       0.55684447972445983     
  0.62740800349787529       0.11253739781108431       0.51912906670115933       0.57724594483575375       0.55881787159866003       0.91612074904046892       0.47940634489971268       0.59963015297560029       0.58132032391725730       0.55965815242696215     
  0.77204451814698138       0.42641212375807186       0.53991448881959803       0.57682549896417334       0.65392196863445617       0.44347295392811875       0.57913502096593106       0.51888367756048215       0.50927297059914411       0.44158614522053663     
  0.64452215485758280       0.11945087353384456       0.53461836152597753       0.59388388435387751       0.57464661457582678       0.92053852481803367       0.48540917109429549       0.61309150449610761       0.59647746750456776       0.57171704985975325     
  0.52228852131217718       0.43720137662810776       0.59222327135623409       0.59651315199961108       0.68907489420266999       0.43145381574329184       0.54267401466005327       0.54594005263864509       0.40658222807240324       0.43407971334894985     
  0.66074005833749438       0.12767813865620198       0.54983090264407897       0.60971633582048579       0.59072695565892663       0.92485689232023360       0.49185535715558465       0.62735938235946975       0.61149414247711331       0.58448374442807138     
  0.57752614309913042       0.46843474003950492       0.59106112726061877       0.60753761446937382       0.71918385855698275       0.42665176844544406       0.53555438808922773       0.48975678198490230       0.42876891012510981       0.48335679698847572     
  0.67626243762302196       0.13602394821630492       0.56627523710992056       0.62536251865488046       0.60736001055520461       0.92905539168637263       0.49850801422738683       0.64146505057256042       0.62708222818547621       0.59797030390573724     
  0.58524755957928687       0.41103271576774719       0.58577228858661390       0.51626802111294834       0.57048525055653143       0.46034731350967373       0.55138691311945676       0.58605069305772006       0.43007340974953029       0.45146351411489699     
  0.69030321471167211       0.14492264591656839       0.58262161777749089       0.64024796371571757       0.62476826801992480       0.93305608900488612       0.50618910666244143       0.65533561627151893       0.64274831182984726       0.61243559446907181     
  0.59444039104208635       0.41754436223942015       0.50159669851433775       0.60797182022094320       0.58339637843959635       0.47221134573846602       0.48220557215485044       0.57360829112027079       0.44597401416402493       0.52484309888012359     
  0.70507873316132819       0.15457710981767792       0.59969092145798142       0.65531249921033585       0.64223399511261348       0.93688351342177612       0.51417322062800375       0.66870297207250351       0.65794086134616669       0.62680523917852871     
  0.56753154111329784       0.45199256221468970       0.56443981085838968       0.72364745659036633       0.58190278959282959       0.51484539600216916       0.59388331820367024       0.43870155727015492       0.45639802744845182       0.72637004920321724     
  0.72051421757072609       0.16570005857125666       0.61647168066747948       0.67074290908272627       0.65963578835479642       0.94066359669128485       0.52251940229715110       0.68142263878818710       0.67289420359088137       0.64209281047014544     
  0.49892371966058097       0.53461601509076773       0.56135451917684365       0.55303946197774601       0.57736760307708490       0.42740948444815957       0.50251066037055925       0.47018612825039319       0.51207623709544481       0.50286124336943827     
  0.73580687390242294       0.17702426877739255       0.63297390320666302       0.68587963332236024       0.67660453721615699       0.94429260807380944       0.53100450607622962       0.69536035029348298       0.68845438938130044       0.65764857235376206     
  0.52099552458444687       0.49407422567702480       0.69268090573897645       0.62997204525725969       0.66235553028338023       0.53011882925768083       0.61348328444657785       0.49194003545428366       0.46619213066427878       0.50928503024652250     
  0.75081830563099372       0.18928083958266434       0.64953888207373922       0.70101477567035408       0.69345372646970282       0.94787106510463470       0.53987482489166627       0.71061145689096739       0.70489272121780788       0.67469037824526989     
  0.58821879953477685       0.42762439597293267       0.50310756867734552       0.64837376455215845       0.51963301417782803       0.49978016985738943       0.51964788419166486       0.52141076041089229       0.51978054571602461       0.58017051383058538     
  0.76576430178532440       0.20246865666716105       0.66675979656005613       0.71609007690820481       0.71009008143484253       0.95136170771423589       0.54878402212000299       0.72609679559522489       0.72141058467865882       0.69201690431659746     
  0.57085451302256640       0.48233960714874546       0.58493852892933762       0.60002452601811096       0.52005183609267847       0.50430295498305977       0.56862824782516908       0.57679336504186107       0.44487440699015968       0.50490939565776538     
  0.77950412685349613       0.21776814750201001       0.68409336199365778       0.73157433379443004       0.72736246092771639       0.95480560439454221       0.55785062992015411       0.74198105829824290       0.73765025580274379       0.71021370343229073     
  0.52379348525615099       0.52771253900867121       0.63336078547691033       0.48449999075308725       0.57975421286604845       0.50006217825081833       0.51291420264714749       0.57022911656496988       0.53841818866660862       0.66031430526401347     
  0.79342167055230006       0.23407410491733951       0.70097448682093844       0.74688544085389363       0.74426794978547550       0.95818064312569740       0.56686765535792416       0.75798413643329776       0.75406793784761006       0.72853036963016382     
  0.55432878957715170       0.57062881239665419       0.57787385667472280       0.59351740763166538       0.56712974463516619       0.49535600471077801       0.62630299794982580       0.69566952447136787       0.52638511252700526       0.54446873385768402     
  0.80704859367556059       0.25168918691072140       0.71809194548843469       0.76157720944066376       0.75999263835719488       0.96143964732185849       0.57637661113058247       0.77470631729069550       0.77117246266785300       0.74753661234635049     
  0.44141037738382577       0.47037666050288940       0.52982170584234278       0.58327964281355293       0.50723635767282527       0.49513882896119804       0.49921627125730178       0.63830650728943183       0.49266592441335999       0.66264221963971481     
  0.82059026792510059       0.27218363656618627       0.73545238592824347       0.77624824757734345       0.77543513466072134       0.96443352936596827       0.58603788258684542       0.79134652797097793       0.78874740521364539       0.76591571125031976     
  0.44880412542988118       0.61236157891493581       0.51456670686283001       0.45622536513422929       0.60920609544762927       0.56124949606664654       0.63530164393206046       0.64553795054910124       0.52005214194399940       0.63505374784583268     
  0.83428640173832846       0.29553824255818401       0.75311839726573915       0.79182430280376515       0.79235537336154416       0.96746006922985650       0.59808964196266667       0.80773090092571787       0.80639175862821133       0.78335683902131892     
  0.55422710380343254       0.56008948583148654       0.54070331805233074       0.57358129241652744       0.57910127622755925       0.58877541081594831       0.54407337346565809       0.56073942893299067       0.47870096129734691       0.53201221980456992     
  0.84794211662684815       0.32032761159877304       0.77112916853022861       0.80814266936671508       0.80913868087757124       0.97027736228798767       0.61107134882184744       0.82386857701096539       0.82360671208007641       0.80050697573667695     
  0.56883542037557178       0.62917137206149576       0.57894079105134921       0.53577008754116662       0.55215617002540562       0.52116247464805787       0.63072653713035698       0.57799068624063787       0.55049402049157425       0.50470230297063501     
  0.86133058279658459       0.34621932840907393       0.78885715515120103       0.82432055085773503       0.82639722775884095       0.97314149020671159       0.62372701741370951       0.83933079243631170       0.83998947791507039       0.81750878305045904     
  0.56691832510943596       0.50038477419725169       0.50750946372681283       0.51816722888771816       0.60384404337101261       0.51825624613338406       0.71054599306537325       0.53988978452707759       0.50960997582308754       0.53333937064683978     
  0.87496886869035362       0.37624462195359287       0.80711862700697379       0.84095585056430788       0.84364692970819355       0.97579106706305951       0.63570804146971605       0.85487538044294620       0.85608107973288339       0.83463498677672621     
  0.59000005992886917       0.53574483571163622       0.66452504407445656       0.66437155145649895       0.53714236406317428       0.51524707020047811       0.60671284500277034       0.50960658079899790       0.54722851388633398       0.56089733156534904     
  0.88860095397370287       0.40819423976861691       0.82563052477410481       0.85614625680109946       0.86036851298103278       0.97830376314742584       0.64794043642305799       0.87087329679983505       0.87148138453427770       0.85252476644170005     
  0.66598352094883917       0.53568690211671000       0.52406755471521527       0.48361710714692446       0.59178901105031989       0.55719894327797947       0.50786542017595526       0.57137118390998054       0.57021202633865276       0.52472031743952563     
  0.90242258331889347       0.44892294216564632       0.84466327901567984       0.87103533596536442       0.87720675871441667       0.98090166670153756       0.66014349035388986       0.88607753528679012       0.88704518749236350       0.87022216445920320     
  0.53771221356449739       0.61383430868255706       0.64032325580654204       0.50824129013649666       0.61152090724061903       0.62389245185560682       0.56970341971489880       0.55941278652474324       0.48862415447898122       0.54004389064827774     
  0.91687297791251721       0.49210308291849975       0.86402307535460943       0.88707200950931819       0.89335215515717903       0.98344651316725362       0.67328185611139224       0.89948841203470387       0.90261301879977696       0.88714815868276031     
  0.63523464070361435       0.71305706184809026       0.59193806209902555       0.60280572355890738       0.55322091290783626       0.63730360989015900       0.55694826610829595       0.44076231357572410       0.65893133217751698       0.59632001139993196     
  0.92987136166830908       0.54290859777567413       0.88294145444942218       0.90356423275607012       0.90897506092269820       0.98595021348697898       0.68794055282743061       0.91322283845316188       0.91817423909499940       0.90410245046079518     
  0.47203100608426485       0.77715696760391084       0.75609120813771991       0.52706737956770622       0.45997516040126990       0.77487871414195675       0.62477825185510460       0.61033345206940881       0.58328017467332838       0.54718132862806346     
  0.94286935746643163       0.59828348940350418       0.90126620187385842       0.91968117772421298       0.92416323729046401       0.98843745470074362       0.70658272119542731       0.92740436329652742       0.93376242479626603       0.92078109873449143     
  0.46844785889347923       0.60936194579685354       0.58209587284099906       0.64894593643190501       0.50688837213988347       0.79044867228412097       0.45900193981741794       0.53123946231071073       0.56068263457413170       0.61990137238414300     
  0.95504079610857273       0.67593651543778399       0.92016687577916301       0.93607853002533503       0.93955814776578672       0.99089256835414441       0.72927698043938627       0.94188555307956612       0.94899048518025453       0.93724263717777767     
  0.48200037643512389       0.80203315431391897       0.58087393768263773       0.64666458318683406       0.58634263851808033       0.78266086178897643       0.55517394281816868       0.67976705608468979       0.53133617486394102       0.50951370111406802     
  0.96703912938050607       0.75716438396734753       0.94071317369711449       0.95252024379641598       0.95487709444519286       0.99325155940995447       0.75662914436408768       0.95658083769289848       0.96281777055718376       0.95304206156096194     
  0.46525743099873823       0.64071800586823335       0.58881369278697704       0.57278086322628619       0.58817016991933668       0.71713508666047598       0.58786431234320669       0.62457351188055021       0.51136304413686917       0.52142019355074865     
  0.97885624692005524       0.84003118828719137       0.96092493074212448       0.96889770236584372       0.97075501549146814       0.99552044886603652       0.79019878470624005       0.97074716791479032       0.97623020381516090       0.96873017987995458     
  0.51966643539805280       0.57576182969534473       0.68141674777544259       0.63750146829956633       0.60715116420692017       0.95166574919300539       0.51223719803624990       0.64705168684425007       0.57402603781799699       0.52260972134441763     
  0.98967371700718076       0.92110354735728861       0.98019324528971163       0.98452265563005492       0.98546872289092691       0.99779829645211371       0.86866367561448843       0.98565104277936377       0.98816478510058370       0.98439821212567624     
  0.54165474929306912       0.86247004166869301       0.68263697598956663       0.48915698845107058       0.55730672754746668       0.97762565389291167       0.51318026228022129       0.74838667303771134       0.73576395239240511       0.55572410256957583     
   1.0000000000000000        1.0000000000000000        1.0000000000000000        1.0000000000000000        1.0000000000000000        1.0000000000000000        1.0000000000000000        1.0000000000000000        1.0000000000000000        1.0000000000000000     
  0.93554297865860547        2.2396665509829288       0.60157031343375456       0.66889424936344533       0.49682124533526040       0.98226082346415378       0.39155410306692717       0.85061650065354832        9.5968895176807809       0.50041567669996734     
  -16.137836847244298       -19.033000596988501       -6.0750047602924244       -14.674454342460542       -16.769762637357292       -12.415467632163141       -12.313415234072922       -11.337147470510844       -11.237919910159096       -13.586224748618077     
  -10.177837267943342       -7.6782063578527762       -12.666946318829241       -15.744643412994252       -9.8625502944322587       -5.6130622646063841       -10.846074326708761       -12.437667567920062       -10.832357960954587       -13.689088272109569     
  -17.049886548390997       -5.4228513524104507       -11.106135833419536       -12.006853427312818       -9.6868981102498175       -8.2541663149343840       -11.124311124885738       -11.690374803861632       -12.674729673044201       -9.6481876929276105     
  -6.3952054464298582       -4.5311620749148647       -12.489138092332462       -12.350812086873800       -10.798022181478387       -8.2090051513914091       -11.846910175374255       -11.204202070631466       -11.489617527768063       -11.656585406295070     
  -12.284587213958163      -0.26396740220282155       -13.959729046707444       -10.897821169302537       -11.595357289434560       -10.571985099444358       -11.295594910311101       -10.253509515825497       -11.725649294637186       -11.975417828953347     
  -11.804063752392011        1.9011336781100365       -10.597063177213283       -10.089237831069429       -8.6334648358426946       -12.534851094995673       -18.303466984104332       -11.370755629173312       -11.870214425846299       -18.126761194088267     
  -13.285566865168613        4.0988339048255513       -19.492945757584216       -14.249817433793073       -12.703092906031234       -11.852572464301323       -10.392626321716646       -16.257480006156111       -12.048000852018117       -11.019964338854653     
  -9.9635519388940192        16.515980919431712       -14.752217413655341       -10.956029615782722       -17.470530929159423       -14.171898194005317       -11.424260376544058       -12.648791178050862       -15.752628242114664       -10.519796524739316     
   2.9084356509851192E-004
           1           1           1           1           1           1           1           1           1           1
   7.3457716311475099E-005   4.0447271875430637E-005  -3.3950555366730893E-008  -13.070201052662231        2.9927299654261583E-006   1.0039374936503418E-008
   1.9926813934042692E-007   1.9055105375069415E-007   3.4654317591815944E-008   4.0710081512345939E-002   3.4614477784343527E-008   8.2939324886512143E-011
   1.3973552343659502E-002  -11.303226681279154     
