   0.0000000000000000        0.0000000000000000        0.0000000000000000        0.0000000000000000        0.0000000000000000        0.0000000000000000        0.0000000000000000        0.0000000000000000        0.0000000000000000        0.0000000000000000     
   1.0055292824241544E-003   3.0748082054696778E-003   1.4763726918766838E-002   3.3324584134507645E-002   4.5157877979454683E-002  0.36583483834202257       0.15568667551150264        8.7087933717429677E-002   1.6658267896393832E-002   1.5971750976717273E-002
  0.43881057960929942       0.43513269799227156       0.41063022449162451       0.28171875082342168       0.34965496454869094       0.33981139638531105       0.27011959680131686       0.25899567828887732       0.44323743518550413       0.42498105047322710     
   2.0189139564264053E-003   5.7996066211156126E-003   2.9328960942856586E-002   6.3663211463012209E-002   8.8699010490220664E-002  0.51927336236255506       0.22542931669243127       0.15572928802654076        3.1246534218871982E-002   3.0527184831557599E-002
  0.49978032698186653       0.38784800594153185       0.34397623600361016       0.48422394889874909       0.36242793468701140       0.46032456534591820       0.34931312965109079       0.33548185120184210       0.35917400243756537       0.32954423593858134     
   3.0122116831198947E-003   8.4075684523712349E-003   4.2796567972569144E-002   8.6542146535482450E-002  0.13119793528832413       0.58459746112285171       0.25685987859498294       0.18677871660512124        4.4292179202599771E-002   4.6681087232913976E-002
  0.54630684061824608       0.42714224761275676       0.44154484080705353       0.41655998363870217       0.34805722580544307       0.50136878272208429       0.35463276850233172       0.35062780811029304       0.37729390885400127       0.31068324750861054     
   3.9598268821742204E-003   1.0986048289109429E-002   5.6104235095722620E-002  0.10497011788173752       0.16496093396735048       0.63661906853124628       0.28051690612761931       0.20971128487656229        5.9255913124953825E-002   6.3665931508300244E-002
  0.62322385029442628       0.41908018732577340       0.31310659491735271       0.44139333160843808       0.32548429412733382       0.36932045120767887       0.37675556181809206       0.34469657599142156       0.37773074102893539       0.40764948107179633     
   4.9175723107272515E-003   1.3567262496245560E-002   7.1338245006195566E-002  0.12165493849221087       0.19119799213016886       0.66892051125319218       0.29944890373083172       0.22278355437415551        7.5674965724043114E-002   7.9821041865434303E-002
  0.51490925052672809       0.37887310769670179       0.40764662668071483       0.35834990813112744       0.38186463975917917       0.40553987293345961       0.33774565785304445       0.33038452805897384       0.48132165590198206       0.33576882979286826     
   6.0279574033751133E-003   1.6521430364688554E-002   8.7098818939482361E-002  0.13658564486819258       0.21535327206981458       0.69373527775204502       0.31245640907128791       0.23619776968669726        9.1350201370074102E-002   9.6002601047824501E-002
  0.45536543429957255       0.41982628994712806       0.35841889628804807       0.39176824696312046       0.33262523208661610       0.28934399240934366       0.28463095464711607       0.40219201378429481       0.39844194935744198       0.37498073292621215     
   7.2383587463619118E-003   1.9371598440298336E-002  0.10364465253106506       0.15089310239303208       0.23715204198972265       0.71440860271072970       0.32271419105378524       0.24854122203603718       0.10667281153053881       0.11150291605939164     
  0.41647327262243677       0.54488271599401972       0.27598599482266928       0.31299472735934275       0.30265827339024337       0.35365169986944145       0.32773961412389324       0.37141731062502131       0.49945782742633782       0.34983055671536817     
   8.4899134307506660E-003   2.1555142498173776E-002  0.12115922446322977       0.16595826473049646       0.25735012943046381       0.73271756551777611       0.32942527647561748       0.26073515237574563       0.12034119935690889       0.12582817531939525     
  0.35658841420449311       0.33004440236959354       0.39179420296671735       0.45608511847807243       0.35180988518982814       0.30956257500449258       0.26983404259678712       0.39752778645829162       0.44954406394299279       0.29465127444559597     
   9.7470777659396865E-003   2.3743540450708978E-002  0.13888830636346988       0.18024340837561256       0.27595320530182904       0.74900541000461363       0.33571496380667892       0.27376629919766310       0.13431437304182706       0.13983002626778412     
  0.33949255791638255       0.33207949737417791       0.33338164112549623       0.34375227972470818       0.42722896261085053       0.30120625175319693       0.28152756822794694       0.36447643398316143       0.42626681582440396       0.31140514634925642     
   1.0992544301800106E-002   2.5599963628373003E-002  0.15636448213031678       0.19359256645495640       0.29258098893329371       0.76395590384659251       0.34280173233373706       0.28742854215183161       0.14952550861895267       0.15386849968440897     
  0.36154857120666067       0.34585722157875265       0.34287178043837485       0.38903206382904448       0.46019318361963379       0.32187742009674347       0.28950701556265479       0.41051902768775927       0.36157807649965851       0.35568063191377552     
   1.2417372801273360E-002   2.7641093798482549E-002  0.17287529248036598       0.20510144916594997       0.30771319025345506       0.77773807665742567       0.35216742428019571       0.29853208133403825       0.16588227374777861       0.16810356460318401     
  0.36296907016050517       0.37113113039849549       0.30569992643075194       0.36120289984155002       0.37435778880824216       0.34879523390424100       0.30820603698290139       0.42791507189198519       0.43932192255382435       0.32035448724749493     
   1.3882803124853522E-002   3.0388178064138769E-002  0.18887580388614844       0.21718380863573808       0.32361505763222820       0.78995408619909280       0.36229902930577473       0.30988598680204965       0.18195837348696814       0.18287494617653954     
  0.39803689471224230       0.34410552302013592       0.43250910272934462       0.30884716882790036       0.33175310935167340       0.37245669985047086       0.34780034660934200       0.39105740540888584       0.40114765416873577       0.35457307045203534     
   1.5406574497846215E-002   3.3295324072291410E-002  0.20480905554224085       0.22937049588103797       0.33484696972944739       0.80198199009496540       0.37442275196453961       0.32145639186873581       0.19780646059395557       0.19901266450337282     
  0.31971117350100586       0.32453592597936443       0.36389590568192354       0.33391696976421975       0.31978174680756388       0.29076772976707504       0.35785706235970433       0.36906477483405392       0.33555940232342418       0.30787021496753370     
   1.7033012215400028E-002   3.6766563189103298E-002  0.22067065220336926       0.24180679675241157       0.34602146092723457       0.81334065763647012       0.38587437427653820       0.33233342471506178       0.21252716979946812       0.21240336224637188     
  0.30294202000522019       0.40302723416795422       0.43126910027302562       0.38789305287455317       0.41680560537499939       0.32750571961626157       0.39621854122796035       0.39687190833613412       0.34711686580118134       0.33606859188631355     
   1.8919294039963376E-002   4.0452335376321799E-002  0.23661272243439324       0.25344505961593400       0.35776405547569506       0.82416045550238770       0.39671786874486881       0.34277823493139731       0.22736027688631991       0.22699902322468793     
  0.33905577675046278       0.38687758030336317       0.41091901718746282       0.29264766164965733       0.37299695612829137       0.37147512425768997       0.31593222472868088       0.31285658624867657       0.37092057044674870       0.37665845022200234     
   2.0933448590245186E-002   4.3854975882262622E-002  0.25295180806489787       0.26396759053892149       0.36943408048312082       0.83470555725265605       0.40715547905186134       0.35263614375569396       0.24308783274824594       0.24411144302711882     
  0.33012444420120990       0.34249238128492948       0.33150106411307828       0.27546298901763494       0.38942705551301421       0.34400985927509325       0.34131238121706042       0.38054887580048063       0.38198586020130954       0.28950701556265479     
   2.3240678749926316E-002   4.7254236320131544E-002  0.26929220125392112       0.27254250930186225       0.38019219270175625       0.84308649512569034       0.41702680577355034       0.36240463507675702       0.25816697492873519       0.26141279419000318     
  0.32626051423227448       0.41831620282738508       0.39956219872882520       0.28346035168679479       0.30321866085459076       0.33142286114339253       0.31437402873150389       0.34704119044666498       0.44527996681402304       0.31941122805687316     
   2.5755145497883568E-002   5.0883335386853350E-002  0.28651107856015862       0.28007015229352838       0.39001257800775530       0.85150853424904793       0.42759427036149961       0.37245930974241737       0.27223194756841268       0.27717419823239176     
  0.35199081916841318       0.41977659813445301       0.35956406458373846       0.30605330982521767       0.33007893328265664       0.30998803300607330       0.35814020228696025       0.30344924039294763       0.30411444271737470       0.31436932280022267     
   2.8432357796187687E-002   5.4788924101126249E-002  0.30299489185724110       0.28840299594440705       0.39983956072893501       0.85915278908934878       0.43769956573822255       0.38358613199639829       0.28530811551268775       0.29217253093392226     
  0.33015452222182595       0.30196939985726373       0.34302828559999304       0.29495877017727234       0.30777417584798605       0.32131927578546288       0.30267516623551821       0.36431969980866807       0.27846920284488996       0.31594387018847220     
   3.1418132401793607E-002   5.8860489109948892E-002  0.32065177189262600       0.29974315729429257       0.40981267775036018       0.86549691522739092       0.44761615792553888       0.39563092133880529       0.29912095903294406       0.30689297344884325     
  0.35609284659855955       0.42636525439359491       0.39822132312926339       0.29043043429924126       0.31792028365785441       0.31279936093382693       0.34236404068045151       0.39016336390400652       0.37375985103822368       0.32416401740938600     
   3.4603515585787635E-002   6.3277841205801474E-002  0.33777661076882026       0.31089021859464833       0.41946746435710242       0.87115107125486235       0.45691641769117614       0.40778463038443641       0.31441301909261926       0.32160717258712190     
  0.33622466655400574       0.35245986293981507       0.29490475754455064       0.32177189805517159       0.38293613433674423       0.26860046327541315       0.37561965183996560       0.38218199593573654       0.35131115574072375       0.32933303206485881     
   3.8162132612580654E-002   6.7627255873526138E-002  0.35417029472809952       0.32064562882055042       0.42926377056716153       0.87773242549901831       0.46604155678386283       0.42033512860996919       0.33095788691669886       0.33724332632426485     
  0.30143183345027891       0.32901051971472084       0.33709839623115329       0.26102888586106293       0.35218035505301515       0.31299912156684867       0.40348592077722900       0.50397778936508109       0.39010142994644914       0.35423908739433879     
   4.1803559857508665E-002   7.1669336288835830E-002  0.37114425763242764       0.33085426663053386       0.43862986242590146       0.88425304040479213       0.47511363868822237       0.43346957584581880       0.34910417947039885       0.35298204345321504     
  0.31990978278140714       0.37658883111830482       0.36154699347244035       0.28004176296793892       0.35422410458229808       0.31411498046239011       0.51832941146809952       0.39845310509653276       0.34259203843765135       0.37837495690640727     
   4.5603206356107269E-002   7.5786673404120569E-002  0.38791888121611673       0.34170625588875425       0.44726361187665081       0.89039701459824150       0.48442028833905615       0.44636834026064487       0.36693247417379554       0.36803829251591608     
  0.42195015752117271       0.35735738635837538       0.39126089182275320       0.31384507722878990       0.33510058530350423       0.33218375458947724       0.37585852450872831       0.41607153084047255       0.36479809962898763       0.35051573166566791     
   4.9776434066985918E-002   8.0174592882505308E-002  0.40474714372681964       0.35224175043564232       0.45582614595353282       0.89606558353446697       0.49254232949265986       0.45924933768134280       0.38303192154814586       0.38296639659833859     
  0.29603668063726563       0.35327447994005867       0.34095055155712378       0.34689043881991766       0.34215727838744897       0.29868194955328015       0.38497429106863229       0.35367391083972266       0.34152940271815879       0.34330012677738425     
   5.4079550633969915E-002   8.4808716798618969E-002  0.42171291696611157       0.36279610067802998       0.46509162337993865       0.90122558474815917       0.49970484220270006       0.47252853082784463       0.39916403329213823       0.39876085470427319     
  0.29817294816875001       0.33704446483666139       0.38167952480328882       0.32793816170637291       0.31315960147157329       0.29064942123743209       0.37441663698849159       0.31141803014661268       0.38349186164292726       0.29166556404580751     
   5.9109995138326564E-002   8.9820727821335086E-002  0.43880535668971038       0.37374637325485821       0.47482677706126614       0.90607558713887559       0.50647414767550902       0.48594633032861684       0.41679781422418660       0.41519431155701358     
  0.34755600747068732       0.38089895791142708       0.29019555302712358       0.32650963241821523       0.36413778212276832       0.33074059197221173       0.31948094790157577       0.32745435923096483       0.33330488464994412       0.33565826046185476     
   6.4275671608562485E-002   9.4910171357393158E-002  0.45516502686608995       0.38548450464463974       0.48528938218989809       0.91055854254558444       0.51354115953632584       0.49985548263038437       0.43370046429131853       0.43069692401747206     
  0.33804078452984648       0.37056554806774061       0.31420011737723758       0.30372060995014566       0.35679532042268292       0.29934439625135473       0.34353014122903258       0.37510995704146100       0.35338672600069632       0.29508362748172651     
   7.0136830794706187E-002  0.10002751120963409       0.47124264112961778       0.39717716012350168       0.49540641655093487       0.91503880951532590       0.52116992070372681       0.51410552547194155       0.45112508596257983       0.44624734060795512     
  0.28353923569104433       0.33987716652479094       0.40956021326407455       0.33677959841182342       0.42251561512997121       0.40870916486910469       0.40468094915028041       0.36890807861811770       0.36425863706089895       0.33791038199045120     
   7.6261755489866759E-002  0.10488573712405452       0.48629291228970395       0.40809341108082436       0.50452661578725833       0.91935360634920338       0.52894934907547408       0.52825249618294412       0.46814572964073070       0.46189921423112251     
  0.33416924872755921       0.39589770710919869       0.33010064118526000       0.32059741800101543       0.32470097209579191       0.39900895443350926       0.36429295320560345       0.35680657290762574       0.31481881747974583       0.33682108167993297     
   8.2442721134148828E-002  0.11009494217104822       0.50268258354144546       0.41825375136211235       0.51309609798374878       0.92343459442416598       0.53667990955668099       0.54193511413457207       0.48440182522181086       0.47780414644938152     
  0.30946453519104916       0.31223093949263447       0.33071731022551693       0.30295203048796904       0.32928847993087468       0.31137212959411614       0.36253713180365321       0.37692323806363537       0.33972152173735876       0.31018128721990518     
   8.8801146650622456E-002  0.11544797770330380       0.51937102833072868       0.42830397055355551       0.52163368224598006       0.92740466322308146       0.54399633523791369       0.55526399423289996       0.49953869206133561       0.49437257874021190     
  0.30174935943072040       0.38122666543668776       0.36622954646115885       0.31202177205953530       0.34546711204718822       0.33125036863437246       0.34312802363180844       0.31551131694842066       0.29813974017163658       0.49853053113486623     
   9.5673492644940905E-002  0.12119830476190371       0.53547750506781411       0.43895528196420358       0.53007056345000503       0.93106470504836092       0.55107047735185988       0.56819812674354742       0.51403033870844550       0.51107831237221824     
  0.33551734677124789       0.34233203991721595       0.36667548083486529       0.28599413664548806       0.37228364655430635       0.31468272226306521       0.49681236316352878       0.30097017956535888       0.30462948511716115       0.37899152849997858     
  0.10301882693334993       0.12686817342920356       0.54967076814318216       0.45075405811693964       0.53823978151031837       0.93457316101597832       0.55814621192804770       0.58061145304120332       0.52908753833968258       0.52889300006340034     
  0.30433162643246514       0.36872066727430775       0.34528290706871190       0.29721969411261773       0.34763438961286003       0.29023371654070046       0.34816703576422509       0.32667860710958535       0.33106193526973282       0.51343128543413341     
  0.11089425514377819       0.13264039217248733       0.56367075827149482       0.46237021660037925       0.54641304506630817       0.93792388506026403       0.56576771836142026       0.59146536674734351       0.54356681861562162       0.54665027659556020     
  0.38073877852378230       0.30448780308892037       0.29185985442375589       0.34063786170231170       0.30525589751108467       0.37618687371698273       0.34087699211287548       0.29714005402914934       0.39208284484354655       0.44499338803604283     
  0.12032149554547830       0.13973924618113270       0.57777738160286107       0.47470442703612636       0.55486178052679191       0.94116557554273317       0.57298507856142467       0.60066411313734847       0.55962954635644946       0.56322887426950718     
  0.31287364604547219       0.32187308663567643       0.33839553110596576       0.38619370599544739       0.41613977521593887       0.35006463593820913       0.31405232752455842       0.32014729932818914       0.31313434624327435       0.44366885115853638     
  0.12999426541035403       0.14764379996729182       0.59306360251954382       0.48746199426130876       0.56360897170732760       0.94415509882390791       0.58016373669524002       0.61183560876387877       0.57459097027001327       0.57940203891286368     
  0.27515100583080282       0.31411197591200918       0.37491027680223971       0.36327725139228273       0.34277195211010436       0.35527269212876389       0.37236728446258943       0.35228205224483172       0.28357984667297342       0.34685692617086228     
  0.13976666729316975       0.15513877600937195       0.60866010820391048       0.50039910152953992       0.57291440948359840       0.94696920940294027       0.58721050659312446       0.62434878361791168       0.59106118359962978       0.59596344362638065     
  0.29962429408024904       0.28065411071210267       0.34479574579764333       0.33212498495716936       0.43520519152697673       0.35606981972044460       0.33269143701565046       0.26116122615568482       0.37185747360261406       0.37443064321078218     
  0.15070226162734621       0.16254557953530985       0.62380979749828080       0.51292961573711848       0.58251025054561811       0.94962672036481455       0.59410378366940508       0.63855659582661040       0.60655601823065874       0.61180953495069668     
  0.33996856016162025       0.29292673787444373       0.33088749341948903       0.28784531429176963       0.30074188147517339       0.30719846269252804       0.32949956494608684       0.39573712716688775       0.35961987057675160       0.37000086622231065     
  0.16269367190069028       0.17109943648552281       0.63871759822100416       0.52495545948690836       0.59137828511609247       0.95219004779430438       0.60076970160342036       0.65126022415276330       0.62098717710103390       0.62802906086743204     
  0.33698173065011744       0.29904438165434366       0.31866763789188485       0.33987326168371762       0.31871281521317280       0.33537483253752570       0.33257489256925266       0.42211735473337514       0.31009892103656983       0.37167998687522974     
  0.17541456446998174       0.18064132381842740       0.65375689587395758       0.53684936430950447       0.60016542490657299       0.95472096085860225       0.60757395202378206       0.66339683831284635       0.63468621943064385       0.64501614811968533     
  0.33503595897532606       0.29727060292167279       0.32056039597454694       0.48039863332683058       0.32786992609163429       0.32283266830142715       0.38191931273541402       0.30823488859752995       0.34215665191008859       0.34483842419216537     
  0.18847359014409348       0.19031819872661693       0.67001687623589434       0.54906443880012745       0.60880723599180542       0.95726992554746149       0.61582292543765982       0.67516589819898842       0.64866778877910081       0.66290922268952535     
  0.30919724136460153       0.31766321814961512       0.33939331503255388       0.35914913549614907       0.34827849808238159       0.28265142390690290       0.33822849044396264       0.36550793542295740       0.30011267212970771       0.31315568631451585     
  0.20179917043262705       0.20029873733661885       0.68798063851926727       0.56191561081753283       0.61735352563309076       0.95969091534357820       0.62431187574268254       0.68753147472500464       0.66244655013091391       0.68178423227311991     
  0.29330129375585257       0.33424925685244333       0.28702825533760218       0.34774221078679418       0.28262561435393119       0.34454274017401160       0.33393184762210371       0.40752018115227584       0.29783593040365652       0.30082886775037154     
  0.21630883391517025       0.21088217847915736       0.70652456204527414       0.57486883268605737       0.62569532076499090       0.96200978245123481       0.63328256374853753       0.70070770311266484       0.67580306643367638       0.70020896053341553     
  0.37582082834146752       0.30689483667850692       0.38581957734653111       0.35618818947908071       0.27525891823673987       0.33135716359584227       0.46772315604140474       0.28572334549851169       0.32473363395250920       0.33247581907080176     
  0.23176095104826316       0.22231655631080674       0.72681067643980357       0.58772014796727701       0.63407093995009578       0.96429893099937136       0.64204448430931471       0.71426995650262559       0.68917908503220948       0.71885082089937913     
  0.33226865645252740       0.35091908186851728       0.39455532228092932       0.34585036559614546       0.40610496815918712       0.35234008704417585       0.37338552630641131       0.34481919579336495       0.29537712837310082       0.48834729485585754     
  0.24743286916593085       0.23420415120835614       0.74484207274537029       0.60023014263864638       0.64320184565883898       0.96656471541469813       0.65090531654494832       0.72859296000459273       0.70285191024181159       0.73760307960333293     
  0.33911529326726175       0.40773668395968687       0.34240725158230961       0.33788288981406928       0.32771070109100353       0.33042655082254641       0.33359346450755345       0.37541307845466054       0.32253118963655208       0.35953660710003493     
  0.26454425147594318       0.24632551203444880       0.75780708248827300       0.61274646357220652       0.65390742041165650       0.96874936187022231       0.65933785740635176       0.74377324359118435       0.71753338727325455       0.75704228915295002     
  0.36535660908408352       0.33194956250845087       0.36964696697321481       0.29830504759585053       0.44763080607305511       0.33050562016614793       0.37085993993482974       0.32620379901972008       0.29764319003061696       0.44940423657768552     
  0.28285085007894462       0.25931060099047892       0.76945471903722762       0.62507325706249828       0.66534333371313714       0.97073418514299381       0.66782639824766976       0.75996622689228510       0.73336564001542903       0.77591056597064878     
  0.33292055337341819       0.32396068786405396       0.27011959680131686       0.31677624949681754       0.35349114058235842       0.44848055920966312       0.32543204288823779       0.29928817127240082       0.29192325789722962       0.37279351624182688     
  0.30251660699729860       0.27367550558007830       0.78156728900207073       0.63734921836351532       0.67636894154246052       0.97261566627086471       0.67600999326128408       0.77500062718139417       0.74998906403452481       0.79361056060488877     
  0.35415382514631077       0.33079712820951612       0.28969847784707886       0.38641067067033075       0.31380122577092956       0.34002711872969443       0.32823868182413712       0.35796078488797894       0.30868642762108828       0.39018657564623521     
  0.32522948414784469       0.28859290575303648       0.79487873478497117       0.64808520806468939       0.68727733169495075       0.97457402963437600       0.68486730183019984       0.78990798696329556       0.76625752893955523       0.81116247676048336     
  0.35937228538502686       0.33456295330403524       0.28897266440938391       0.32076174030398341       0.31902214100954585       0.34970628078372468       0.32918334868559973       0.27582085647120086       0.34764524330473734       0.34647827043029150     
  0.34760589126450930       0.30307683919523420       0.81044501412395042       0.65795385072584756       0.69894391180776316       0.97657816735790981       0.69508300447236748       0.80554697890168003       0.78234425550501241       0.82819616155993947     
  0.39723288686193514       0.39138675850899701       0.30071420338101790       0.38705001734014283       0.35810538653209384       0.35258679613742144       0.41943944839362018       0.32170224811342152       0.35502923825124816       0.38044555607269342     
  0.37143655225398886       0.31683430250421735       0.82605252949975339       0.66901910833228850       0.71179684910879226       0.97848600133910701       0.70422022806163842       0.82157265065291407       0.79818250784851208       0.84479996268430035     
  0.34857344041193605       0.32215449562449988       0.32950441711173362       0.34542502418695498       0.33058621079777062       0.31557157609289826       0.35314794156252816       0.33482036059867004       0.34775059754083437       0.34332289776467784     
  0.39964977857089090       0.33115627536279696       0.84343948082120290       0.68009111736760852       0.72603229184162821       0.98027837969307674       0.71261391258771900       0.83649175162926470       0.81547723057617849       0.86090842620397645     
  0.29260335623961264       0.31498885845228103       0.37134401305067188       0.34735745939935314       0.37649768090109742       0.42351972901068413       0.29365004474532447       0.33018921191941009       0.29377893899019153       0.31932966313251382     
  0.43045060418909681       0.34863080546005210       0.86188885796893688       0.69118719721547328       0.74160029905765579       0.98198910454044208       0.72072752596758372       0.85138058211625989       0.83291181566617323       0.87722199528269218     
  0.41779584623485116       0.30986756318156866       0.42928226044839418       0.37062768245670746       0.34964722218649030       0.35394166169898428       0.34130890786115453       0.33731595150579596       0.28955869789263367       0.32010692308472444     
  0.46118513519347554       0.36590375367704009       0.87571778738950412       0.70272771016342728       0.75694657170798785       0.98365099209167828       0.73025813201442602       0.86620559596385138       0.85002075489562490       0.89284485054210050     
  0.36376162962897196       0.29208521798720299       0.32816365441508999       0.42042152528322674       0.36763883757974769       0.36637074562046684       0.35683726473148869       0.33757123613935003       0.37432158416705441       0.31417286963345009     
  0.49467571890650286       0.38644754726839142       0.88792579817158857       0.71537665301778020       0.77266184325901688       0.98489040534843486       0.74037815016803943       0.88068339249281358       0.86702360586177785       0.90765459646001567     
  0.39743800858168687       0.28745589112632042       0.38119572704924787       0.32121444873034721       0.31259273772861124       0.27992235325033699       0.33538854039395460       0.35601662857386657       0.31379628872509208       0.31061046125146541     
  0.53069976380112505       0.41093132729736759       0.90027619532347158       0.72935123757030118       0.79079777506409732       0.98610747390772602       0.75358910631396281       0.89460132538897330       0.88421654523691118       0.92291393041752579     
  0.33217213903600484       0.35709473547331683       0.35021733367374003       0.39019577406309419       0.35346447695132932       0.35199123108420077       0.34267952252658568       0.28870294243872524       0.31356020528105394       0.33104420732214296     
  0.57478733978294372       0.44140512897507084       0.91453736574755451       0.74421020840927810       0.81408577466450649       0.98738514634769681       0.76729287232679755       0.90827386424542911       0.90234052557379119       0.93889113584135309     
  0.32207018393878156       0.30524979752232156       0.30467458013855364       0.39481042979907799       0.32489297321488758       0.32588460690212523       0.31231928239690271       0.31302438646248765       0.33462543334873673       0.44007328679305452     
  0.62025044316518363       0.47611649334069384       0.93073264109935006       0.75990050443534352       0.84109804920094711       0.98879846847560193       0.78348177508106498       0.92197405987262904       0.91988708536538411       0.94957939319580864     
  0.31824355411401528       0.36533322610982144       0.32630962884854448       0.39906454841997430       0.41638292420885475       0.31809361852057144       0.40819515726710121       0.30596731009683825       0.40027941089607105       0.32354398083782021     
  0.66968720963370898       0.51989889668660372       0.94757357185618873       0.77783864415971093       0.87258692659666581       0.99042237318800064       0.80028393129062336       0.93578325497486259       0.93616588898397235       0.95689266970449149     
  0.37688241006545781       0.29004821606720949       0.40381989386144101       0.43802012943036306       0.34755614450539063       0.43100703587031447       0.32798793663584241       0.33395814745638186       0.29697381523456506       0.28989909117725648     
  0.72096264677662192       0.57904958116256244       0.96210971199642070       0.79830003418274709       0.90643982212124108       0.99215072267476645       0.82294636465513971       0.95077882305697858       0.95208209954231493       0.96571088169819863     
  0.31414674819559524       0.32843720114246844       0.34283264817498665       0.46250701246072923       0.30112281050974221       0.50841218065476035       0.40909118280592160       0.38936630423805041       0.33300384944033223       0.29760080296446945     
  0.78709080064570225       0.65837298414720646       0.97533139950538472       0.82652048866880468       0.94320611965152756       0.99464923304123765       0.85065201590097306       0.96622779769954126       0.96763216607559943       0.97778844124833042     
  0.29612471588627942       0.32214489589151074       0.34623846638779299       0.47787886081846148       0.34098294448910954       0.44792370177028190       0.34391261253510641       0.33527551014232088       0.29932543009988999       0.29987080288554363     
  0.87819246790351646       0.79242160405550499       0.98743663955086891       0.89386762886533766       0.97173450787771021       0.99740981427654207       0.90311966475979477       0.98263787780599032       0.98371740764272753       0.98907099906811924     
  0.27083317170549132       0.34207881485639807       0.27685972004288700       0.57245076713104515       0.32854875412256623       0.58142901536567715       0.35816663937175419       0.35649519203202412       0.35305547275121119       0.33187378605855050     
   1.0000000000000000        1.0000000000000000        1.0000000000000000        1.0000000000000000        1.0000000000000000        1.0000000000000000        1.0000000000000000        1.0000000000000000        1.0000000000000000        1.0000000000000000     
  0.26634464981701039       0.28763024315368002       0.36096415858513786       0.27011959680131686       0.29558553140115801       0.45825818885753578       0.27011959680131686       0.30769119389358340       0.31001201086207503       0.28964164935713732     
  -16.703869680374822       -18.009871696192416       -11.671532903584955       -18.600451017765099       -11.673147691905490        0.0000000000000000       -9.7682087883562794       -5.6180171445763776       -7.9032872861028887       -6.4074997626173591     
  -14.626001694814960       -9.8213043614077140       -10.271073203439057       -14.283321570268743       -10.071866016555878       -9.8944901313466165       -11.616801680076508       -10.752610532419737       -13.620093991819138       -10.824285577733372     
  -12.157538757483895       -6.1316603602968893       -13.180509439468961       -14.216976111404723       -7.1024569803275153       -3.7525101327838111       -14.197372587397238       -7.1713282491958203       -9.1484589318851679       -11.689019502796635     
  -8.8555009264183564       -6.2939692329726880       -11.370469048008070       -12.546931790073726       -11.248534863433488       -3.2772290248455209       -9.8946284743366473       -11.355995970040659       -9.3293020999260179       -14.542974234538038     
  -2.8629332742885460       -3.4287965421050544       -12.314073721300382       -8.2152592840924630       -12.628837338709509       -7.6278005294590709       -11.523356180455581       -11.672509943301963       -9.2446725721381888       -13.969668732188465     
  0.95716937812441227       -3.3388767779439816       -12.708380168063751       -7.0175143059378868       -13.521027680997138       -6.7267108576177153       -8.3888217928368540       -14.224019711921571       -12.674408318164364       -9.9425132139279313     
   7.9256132410528801       -6.1135057469255614       -9.9888836334438800       -8.5141926158329362       -11.161811822273398       -8.9438349626889675       -11.403720657575237       -12.631036567584266       -12.267469448452816       -12.572859216133979     
   10.397913802354001       -3.2296203731572724       -13.803434385395740        4.7161530343552895      -0.96506980970106948       -15.082475211582185       -8.4638781569663255       -13.205294048839630       -13.398087063719107       -12.836494369718967     
   1.6524813661429608E-006
           1           1           1           1           1           1           1           1           1           1
   1.0603709603364804E-006   5.0833241313838657E-007  -7.2574845847603758E-009  -12.083712019099965        2.9216033783327671E-008   4.3507674239304800E-011
   2.4466077514751875E-008   2.1915012960090761E-008   4.5030518985430577E-009  0.61140826892232170        4.5020799795845971E-009   6.0576485966187427E-012
   5.0000000000000001E-003  -12.177637672898758     
