   0.0000000000000000        0.0000000000000000        0.0000000000000000        0.0000000000000000        0.0000000000000000        0.0000000000000000        0.0000000000000000        0.0000000000000000        0.0000000000000000        0.0000000000000000     
   3.1667995888536166E-002   3.0708015967441594E-004   1.0185822481322377E-002   1.8737082299461503E-002   1.6088427998602869E-002  0.16174514884404056       0.10545321992578034        9.9721550585661956E-002   2.9087293034522999E-002   1.8467502369622767E-002
  0.59391712232128924        1.7952163495040721       0.69765751529547337       0.86665137836926653       0.81650085491028068       0.39439229547151050       0.41061569017898525       0.63840372592394867       0.78236250788451289       0.58301500504076476     
   5.6346132401970110E-002   5.9227521879674251E-004   1.9033763287099527E-002   3.6848963820249866E-002   3.2283389965760835E-002  0.24124350200908823       0.15353043493861429       0.14774223959212479        5.1713734991649642E-002   3.5907453438746247E-002
  0.77005970361040799        2.4291393177581120       0.70346788964603413       0.87541030667710329       0.62263086010275714        1.5599648943705735       0.79627050227980423       0.68440781375834614        1.5151262682264885       0.74056815209640492     
   7.4763535889146235E-002   8.5256228337090081E-004   2.5764977123572973E-002   5.4378226191056478E-002   4.9131183916522748E-002  0.26546721693659364       0.17475466128278355       0.18033467247348331        6.6200713783885465E-002   5.1331251501125004E-002
  0.71263894983581755        1.7387819637215922       0.52588512009892985       0.64945002626186732       0.74690842773534927        1.3076794728579253       0.68597425545291735       0.57987694170106940       0.97836836943906735       0.63434782455054795     
   9.3479715532128291E-002   1.0908518354227868E-003   3.2532850179503303E-002   7.0951887447846168E-002   6.7216676345138879E-002  0.28437359259555267       0.19503378455711540       0.21180658575981048        7.9401527241364081E-002   6.6698137865989465E-002
  0.81530374173137810        1.9627434116698159       0.61223541381224822       0.76460328927614818        1.0484155056234084       0.75450160750972528       0.70709009364915076       0.60094210311696461       0.98480075671317147       0.64261416674141902     
  0.11172000208728475        1.3272507167259137E-003   3.9240726433139930E-002   9.0871785468559993E-002   8.4307932050958420E-002  0.30134923226505145       0.21530666999128001       0.24162581770075323        9.1591609269858015E-002   8.2295458569481172E-002
  0.85102421084550872        1.2209549782318698       0.65403400512809362        1.1140030238969774       0.76225830082512380       0.84559099991458231       0.67759448426565405       0.60016007325994480       0.79626614581254040       0.58807091975363790     
  0.12968792385556061        1.6005095457425943E-003   4.5544462856685494E-002  0.11069610346834785        9.9988437591552237E-002  0.31631889770032273       0.23528431897840585       0.26835679538311719       0.10334512218934153        9.8421467464079537E-002
  0.95507098895255282        1.6293981368826145       0.68937718721060759       0.77023494403317738       0.64880417029649995       0.77356362320723560       0.71358161744334181       0.84506425514508454       0.78807463068182837       0.74711267735609088     
  0.14695836862415237        1.8750624629012924E-003   5.2151952150276307E-002  0.12746582299134301       0.11418547163451624       0.32837262470456374       0.25368011326978152       0.29102455009579259       0.11485212711562030       0.11145817885162940     
  0.75216251914732846       0.91102575127194685       0.67927745213337332       0.73176742641651549       0.51715385751794274       0.82447125652148223       0.66469480981673956       0.60220708734780370       0.60007169620762235       0.67019571746374518     
  0.16172853961975164        2.2009355589128780E-003   5.6745344986888595E-002  0.14355509520285512       0.12709845847884740       0.34065163133965143       0.27035367143479416       0.31077476344490718       0.12829193377819606       0.12548041356279110     
  0.69477334196022233        1.0008588326077870       0.45939144490803235       0.65601626338533647       0.64207413319506002       0.62368395040880198       0.71786641997167955       0.66489934462431355        1.0539864560763912       0.54721712724795613     
  0.17558878422638277        2.6149294878846287E-003   6.1711456879432296E-002  0.15999677024766387       0.13814753770054120       0.35234113057509853       0.28576147742817909       0.32854225144561661       0.14308810052156351       0.13901482793867545     
  0.76283766459756552        1.4266098318477194       0.66773788372819831       0.62898746846615361       0.51386496412253868       0.77995178838317181       0.82763452876479748       0.70272288621318668       0.99978577892539711       0.61254392680763592     
  0.18927371761776798        3.0639450802323566E-003   6.6871577372331847E-002  0.17406527972787586       0.14731815968021778       0.36340196179018958       0.30077054181537366       0.34540399228986102       0.15862095126775827       0.15730266270786575     
  0.44468835102746213       0.92765291952712770       0.68866165864864892       0.81400945022431737       0.59310701896567986       0.67009885632974175       0.71916934697022084       0.77786352122043656       0.88830745722657312       0.69123458798315462     
  0.20551066100312956        3.6175756144480641E-003   7.2523977222692590E-002  0.18788298812154697       0.15520933268632392       0.37407946233368122       0.31522986069222514       0.36178521602525426       0.17518298707788682       0.17589231604470962     
  0.73128912272570057        1.1422796902014891       0.93148102274519118       0.49867014750538252       0.55838015584857992       0.92745939444115089       0.79543543934329464       0.78017767226984758       0.91390178245551446       0.71732627967867035     
  0.22239535803413238        4.4856083686010606E-003   7.9388173540509491E-002  0.20299710931562262       0.16708481764308286       0.38478118558181118       0.32923828216107209       0.37802532130860178       0.19212872418463392       0.19466930239570096     
  0.63666954791922925        1.3433506496869836       0.70124964567398151       0.84798226647990060       0.58248092485093550       0.97867767854239252        1.1718209134913096       0.62341508612934171        1.0685454895895281       0.51949249468631209     
  0.24009678461148820        5.4156465233172702E-003   8.6217646644392021E-002  0.21927730863926442       0.18083127695122167       0.39548041052777283       0.34258985733784303       0.39428484893124144       0.20774687159051347       0.21176839044557380     
  0.59993918985114858        1.2363024804326206       0.84494147466302616       0.63186897264849440       0.69263831772934359       0.88523372715433613       0.63032036931083346       0.84925354737610736       0.91774833225322550       0.66893809614086652     
  0.25830627827092506        6.2860373608451545E-003   9.2969413126517630E-002  0.23685074478934537       0.19522240323294460       0.40641110639677569       0.35560882638434815       0.40969187666649831       0.22258654583977977       0.22738246519870889     
  0.64285694700995699        1.2432461892880595       0.76252440858862203       0.98219828777190987       0.60594191721718116       0.94205864109243564       0.87091654100103588       0.75343683788823190       0.88158773065950968       0.58081413625894374     
  0.27575142846609596        7.2379971639150685E-003  0.10040084362764662       0.25455635516685632       0.21046043763866579       0.41730935010122244       0.36848260384250819       0.42397716363213478       0.23784701482525525       0.24378886467155425     
  0.68743709220788529       0.91531923890725075       0.99368957463647334       0.78331941463663057       0.73929607525089247       0.70470152651946971       0.77701277170515348       0.83321820907547139       0.73325466862452604       0.73258702989772995     
  0.29235364794827606        8.0517450327904430E-003  0.10776209106361842       0.27252696730276094       0.22642875011360125       0.42843382514945888       0.38072777774726724       0.43811791860137078       0.25308398194438020       0.26082563569702144     
  0.82138558793130823       0.74070308893439429       0.92225738022891979       0.76067845144888846       0.68289067529000835       0.64705944295682960       0.68656879555461514       0.85220757988109042       0.95216312675979864       0.61008166568796596     
  0.30880174801663002        9.1485228820135465E-003  0.11578701009964568       0.29050153389743705       0.24231776602143393       0.43952453125583496       0.39180871685542462       0.45323466181119304       0.26789049107034557       0.27871189196015600     
  0.97249088973600961       0.87018686697889402       0.73704114130755449       0.67576921908805521       0.78095101882916362       0.71764160651934872       0.61071585067383727       0.71733213440030086       0.86759333632653524       0.66223674361272589     
  0.32479345433321105        1.0452865369970542E-002  0.12393977904136827       0.30627245235877149       0.25804927661357668       0.45035450119800646       0.40320473305114163       0.46646830658275423       0.28318380970352564       0.29664948353992560     
  0.59229281188936389       0.88229982332318624       0.83388863921308687       0.85387220034210654       0.70040660222815110       0.61901670444814860       0.82697345032114478       0.88844302843048228       0.74045075022911711       0.61042563610972289     
  0.33942683475978919        1.1992300768377841E-002  0.13196731296072101       0.32313476775321176       0.27349464381189975       0.45973864854638602       0.41534300734909352       0.48229186948994113       0.29823725578435750       0.31520079831326703     
  0.57881721696116917       0.86485583889518214       0.63804747855702837       0.71592889095284951       0.81216745160988835       0.80212651185797113       0.72380677904940205       0.75891436746751528       0.78588386377677166       0.67264986759052636     
  0.35370159189651196        1.4021571080757021E-002  0.13972570170101273       0.33882597581261498       0.28852915614771502       0.46842151660177150       0.42850957276237234       0.49469474379141515       0.31357930893777314       0.33405781680953478     
  0.63669684788419467       0.92553409154031119       0.60490147249594006       0.92056332282974274       0.73732385237377218       0.74901636240805225       0.80952914528802544       0.83289619616320554       0.65372540645219557       0.68635727141780978     
  0.36828980940776446        1.6054869021512694E-002  0.14754784891252737       0.35385949033347180       0.30420757527668052       0.47763306770124153       0.44121055582498020       0.50662772517864318       0.32972832083442316       0.35209134842837736     
  0.68322458884632709       0.70903020690066432       0.83796551196370417       0.65762684848397124       0.75794068051202934       0.75669840533745458        1.1482929504313899       0.83627468840226649       0.71500466021705078       0.63313291847466990     
  0.38271460384645878        1.8099194567009702E-002  0.15575011651221149       0.36827676743214333       0.32123544487874334       0.48652344980503676       0.45261111397330511       0.51655530485130907       0.34613172382458046       0.36998650584253845     
  0.58372870868381732       0.51912254101146371       0.73943799976450020       0.66490942190919411        1.0350862291468854       0.51336000389333325       0.83480583854473200       0.47245738805174414       0.99975663210221832       0.70550895967639060     
  0.39724760022623345        2.0616087903117294E-002  0.16394946303622426       0.38172181740249994       0.33837679070510668       0.49719886727075652       0.46374947920191784       0.52732390404508511       0.36276218467463966       0.38749359946221906     
  0.68355861372854765       0.85248984290840901       0.73136139591917360       0.62985408538480425       0.55978062571816567       0.73982533302654629       0.78442506510481735       0.80011812590481690       0.72983920669817781       0.55962344464410085     
  0.41279664760529033        2.3945906323947389E-002  0.17177149354634874       0.39644370809713997       0.35505771983575479       0.50842774309535554       0.47493086427847336       0.53940489726081353       0.38014808289458890       0.40492571057403887     
  0.76537008098884207       0.85891058893833383       0.72386130541251847       0.62178486826557233       0.88374077332834566       0.78544936991440428       0.59698484381206773       0.70876315879528029       0.83331430264480133       0.63379353536306948     
  0.42826102995990900        2.7975075503739146E-002  0.17787507650652992       0.41215831629830829       0.37223115010079616       0.51872896121392620       0.48643163845111342       0.55255831341398387       0.39497995328566582       0.42095871645930028     
  0.70191349047568030       0.79699435801919005       0.55745564066659126       0.82427524504923566       0.73834944689911797       0.86635892858417540       0.87928377813587566       0.74464136908883449       0.50473688746696044       0.58784047363082925     
  0.44220941434415145        3.2656289721702786E-002  0.18345176033741650       0.42875304437521128       0.38966204256252901       0.52863608445154864       0.49891305824091503       0.56627858587041202       0.40724550722669300       0.43738782275510274     
  0.72729317043019348       0.87126889254843842       0.51876887194805577       0.83569387463064104       0.68731607131038985       0.57871511016208110       0.90004271167997751       0.76128620343431674       0.57164354731844180       0.56849653014664869     
  0.45399229671052033        3.7049283899279813E-002  0.18948524117301682       0.44543991244838971       0.40648960862615063       0.53824725974412002       0.51177944918975415       0.57975170239345941       0.42129968010961033       0.45084924231630319     
  0.65557467764530519       0.52870952231858137       0.70211177295517280       0.60676757648411339       0.77018636928850204       0.61342624997863615       0.74717698416401757       0.98203297754406071       0.76474442947730159       0.61721501919178712     
  0.46710053902456544        4.2293140022153682E-002  0.19714754540603344       0.46116428352034006       0.42342716619744103       0.54842189189261537       0.52430204173806849       0.59243436439406361       0.43738783518541735       0.46536953127496694     
  0.56962672325486585       0.60433460960715313       0.95964914355501030       0.72923051856917098       0.72152871189886114       0.61119324406149700       0.76898323214423525       0.74873997386926461       0.86270841850239244       0.67217923703505389     
  0.48434458414644782        4.8017595828074883E-002  0.20557964909005297       0.47524697624138706       0.44152941349427904       0.55986004775820686       0.53623762933206154       0.60410107041382788       0.45497677000859776       0.47544192365369231     
  0.99874493895432381       0.52221354564704570       0.69311540743501465       0.65278763810117146       0.65685782639910395       0.71447384868152219       0.70227202504975594       0.76992215348858672       0.80209157305228118       0.51601643628441995     
  0.50275443925258767        5.5486477162819250E-002  0.21381540335064800       0.48904399781992985       0.46012178573039808       0.57147636026968396       0.54798828417744427       0.61511630078809565       0.47280499356800204       0.48423910200310394     
  0.83725849127013485       0.81843894835836939       0.68958313214274125       0.72561198977411756       0.91412799558123359       0.62389965246088530       0.89205593353903589       0.81014567451913633       0.94161900222936823       0.70749296215913826     
  0.52030108223352611        6.3693977994359108E-002  0.22222840602673369       0.50110583172790890       0.47819968821374115       0.58187472076982205       0.55926749602522796       0.62683083007870288       0.48961118720628222       0.49075066761416208     
  0.79379156107198956       0.59689014970504017       0.61173475231332686       0.51828609828336880       0.73392227509149044       0.66759815057524718       0.73663298557047885       0.83643512551563615       0.75359339143812398       0.92357101778368067     
  0.53755523150324680        7.2467332721194391E-002  0.23126553500045793       0.51406221606201485       0.49512885624695696       0.59193236882296796       0.57042238078930774       0.63961374865795839       0.50495676487657559       0.49600486299544427     
  0.79705450538329548       0.59514807808451076       0.61838321311690503       0.62170199186966812       0.68457724109101648        1.0296221263235363       0.82205090683694837       0.59871238095133794       0.57352953543935725        1.4017832744933691     
  0.55463287431403385        8.2051958970871100E-002  0.24184789211702468       0.52815505986198419       0.51112830128121201       0.60305832030373152       0.58205295030476867       0.65239240393256404       0.52001417489200819       0.50105873181539384     
  0.79206227939477991       0.57252560566009747       0.87598385983801197       0.63467725910694073       0.65471389651219214       0.73441962905158298       0.69226171851463458       0.96358997938724433       0.61703683110150154        9.8841067031411445     
  0.57221929810664851        9.3057736803659571E-002  0.25379947748484033       0.54102961939051886       0.52697011869501920       0.61498576017138151       0.59317766590119281       0.66508546577334415       0.53553857983984121       0.50621236077191489     
  0.83720325936010964       0.52807253734660120       0.74577145200121320       0.61843303436116881       0.95458235216666987       0.73239205399630591       0.83555973915474879       0.62818112363902945       0.63317095296947412        2.9356053586155468     
  0.58771208167075573       0.10528334874495600       0.26619884506653435       0.55238928188325764       0.54342696096738141       0.62775500770389392       0.60212088102973838       0.67583802968483708       0.55184844390143262       0.51166107004527128     
  0.62273909792783044       0.72873808464026368       0.75582347579953635       0.62609097857379103       0.86960619387842164       0.81273980348968078       0.79856670872450641       0.66160760577457101       0.61839965054416279       0.93767137043220894     
  0.60224411773645814       0.11923971017745204       0.27848433717278603       0.56452629102574492       0.55962916548545016       0.64066678542652089       0.61106407376854277       0.68606119630131635       0.56767051293480997       0.52046259508504877     
  0.82286110084358544       0.56678753477259924       0.68269562445996912       0.60022014320034134       0.72202313932734774       0.62497765259418714       0.66936945271355808       0.57986480537907092       0.59151818675778356       0.88620688815268578     
  0.61634332479621967       0.13508892850686288       0.29100255227541544       0.57638782082405093       0.57431454270495075       0.65314936910995491       0.62009926806238036       0.69635858374135928       0.58356096520792977       0.53093706304534838     
  0.84444033611899993       0.49049554890492936       0.69888888849275488       0.76655009495199056       0.73951284125003025       0.57275622729721243       0.54626500569657965       0.71759268294782452       0.62784249204832288       0.80461119090005473     
  0.62970776541833318       0.15350006426806972       0.30307295124079758       0.58753358076162421       0.58883489882155349       0.66420958031354682       0.62946463790206708       0.70756799651994617       0.59974468635651612       0.54165507230888532     
  0.48771490895149738       0.53834723493240388       0.69799511752162247       0.55670386794088922       0.72319665924487719       0.71747051122552585       0.62074775615622746       0.74376326474539001       0.59019809576472249       0.80318989468837487     
  0.64392711321663432       0.17316994369129787       0.31407227552038269       0.60051695570525321       0.60312664541694538       0.67441153754431260       0.64120756683015789       0.72029767163946767       0.61553402677788482       0.55675990093187921     
  0.77107765219002611       0.53955334812928457       0.71106829014160366       0.56486069554191498       0.60312521100438632       0.76118408103066781        1.1069512443145235       0.69511088493804007       0.79386229512132322       0.62681339847129458     
  0.65923418842595638       0.19339876959305069       0.32520455553683442       0.61690435324070336       0.61613300516225600       0.68413128120044508       0.65257843140255301       0.73332475582269308       0.63084360985854948       0.57289978924033502     
  0.63490657857453670       0.57274776221302115       0.61991915751171112       0.60785792977435316       0.71737255150076873       0.51496940564057403       0.66759829105653423       0.77600819522221864       0.66199877096700388       0.71339193279082547     
  0.67611346857815879       0.21485846225346861       0.33655626685363071       0.63428695941349567       0.63080438535440309       0.69442051372619273       0.66379998385335870       0.74645589280674340       0.64617785671791539       0.58797390799246219     
  0.61699656260217917       0.62408731256575301       0.59471538320620110       0.73728338674671312       0.57960091681445280       0.57204804215688176       0.56193636046956674       0.86658835901095210       0.55636441821157356       0.53557596658767403     
  0.69005246872993176       0.23783277911920303       0.34938246233034170       0.65129961027373751       0.64684588548508359       0.70713627721236472       0.67518449406893144       0.76021775922601109       0.66173112833771164       0.60472535002995342     
  0.79439273211074557       0.50197876878779779       0.73450617124055850       0.71810534229687029       0.68127645958848138       0.89052966327893712       0.50299012329769854       0.81769129056089174       0.56293399990025184       0.59378074708007078     
  0.70291704696974922       0.26363424262434915       0.36356562362651401       0.66696632968670255       0.66459094733773549       0.71998882221275318       0.68608624283618103       0.77410554115134556       0.67691117320803218       0.62172982684219591     
  0.65980358361125924       0.64156185706150637       0.85873395199121050       0.76063513769991475       0.81569493455583042       0.58198303189667488       0.63919548831319595       0.80289675270302685       0.64528215261242772       0.58056029444399337     
  0.71547807102660277       0.29005218694431778       0.37730898804093843       0.68232055046634110       0.68375286138293379       0.73327107056997520       0.69645652045743067       0.78600655615670700       0.69255655610566147       0.63803117562118505     
  0.77231503726344641       0.50417981957623337       0.77298489249753566       0.79987257045762905       0.83062091038943808       0.66054239724727815       0.75256088540847776       0.74875443423658661       0.59899630491499789       0.62915992702346524     
  0.72819470832617306       0.31880779858184632       0.38980941068483332       0.69858314232304886       0.70280639060258887       0.74593132346487590       0.70612781438294647       0.79507110572593287       0.70947792258712850       0.65352202776754487     
  0.67572241256471566       0.55567452649569915       0.73074762444737917       0.69641568520176111       0.69917016733591431       0.72418507844838731       0.56209488484572490       0.54121301905151098       0.66667104673357547       0.69754354615696201     
  0.74354556516676573       0.34889004709830440       0.40192483557776637       0.71475070380417072       0.72018777894976393       0.75849462743186069       0.71569304051100391       0.80407403580000614       0.72650633194922876       0.66530772898808388     
  0.83095270184265391       0.60052473711347321       0.61497439656357411       0.66448860856767600       0.65734898929420738       0.83853641230045761       0.62965907690638900       0.57835529732142366       0.62864660470771849       0.53821778889907590     
  0.76016350715367542       0.38032175599300855       0.41443844277313480       0.73167704030032277       0.73610419297477359       0.77130240199606037       0.72521331570356828       0.81337873187850718       0.74369416143055378       0.67889653272458439     
  0.80684883585591038       0.50629348045576283       0.56248660576927312       0.98762281825141762       0.84021476204512002       0.71734088011438923       0.73901340855575859       0.59917032351169885       0.68364944215563728       0.47039519633295662     
  0.77737911166137563       0.41318629336105223       0.42798546953364597       0.74976142404292545       0.75171159615906658       0.78354709277909385       0.73597969760363058       0.82379883438831858       0.76163067887019931       0.69732564008269271     
  0.63196248245950837       0.52889727415378462       0.61796401255556588       0.77291651877700518       0.70461800119432461       0.58107625186825174       0.63309901736813101        1.1158986242832862       0.52299681649559149       0.74095159981625913     
  0.79399983489469150       0.44763456691089998       0.44141748128835856       0.76714780875450828       0.76733513049633473       0.79650223232688233       0.74699948891387669       0.83575440801909717       0.77949018999517428       0.71547598861044315     
  0.63379034187478223       0.54598243346023789       0.61667842463957079        1.0581620358521306       0.72316731653491517       0.70210851673261565       0.69645260365072070       0.60185649072196767       0.51326470106733291       0.67871291995595107     
  0.81104284890447298       0.48250801886392514       0.45535146253857278       0.78372794284071856       0.78184188166056656       0.80938635123657199       0.75689267995359377       0.84733350685906261       0.79736734663713393       0.73278786590642053     
  0.63227573558052674       0.50707205577346837       0.63964970813879818       0.60859996227200841       0.53669574671494935       0.63285451035213114       0.83833467779451254       0.61871242076387811       0.43536509761268427       0.61442669423270180     
  0.82696249318987192       0.51719525702373148       0.47407643240677999       0.79948363879826911       0.79610693480694239       0.82206221047636163       0.76587900267477660       0.85883415403308139       0.81499839036210164       0.74975577958001605     
  0.98817370330084731       0.43263487984510035       0.92815574249379973       0.67950988091280440       0.79854543167197078       0.55222798259082106       0.61916876694261036       0.63737711929586738       0.61457430689505321       0.66221694500170136     
  0.83906501893790775       0.55146525515551770       0.49514170982094596       0.81342746428302581       0.81267264733698275       0.83353006072593039       0.77448282711580219       0.87050198201383355       0.83318462136307481       0.76798005283702064     
  0.47057554418396369       0.56913996893951224       0.58854620855054263       0.53814007840675671       0.64065130311944374       0.60449511566985625       0.62810034867580766       0.72440683182191823       0.50460010158373680       0.63342618802462136     
  0.85134787012133906       0.58509457285294586       0.51624539046012841       0.82770387949419155       0.82867593013716223       0.84489224577597744       0.78297916657235178       0.88212399830871624       0.84982608707018314       0.78680045115121244     
  0.56224007745573756       0.42616839945356960       0.94204237597115192       0.73644756799899536       0.71018966549936891       0.63444317647128823       0.66611956592271981       0.63786666049479013       0.64806326199186459       0.64833817167208063     
  0.86407493960426596       0.61808809859950176       0.53687535293178001       0.84318066077693110       0.84464184324750513       0.86119737071364399       0.79312955761766413       0.89371256218849970       0.86603372157852720       0.80551300711019547     
  0.77331864774280323       0.45985815709399552       0.73878483612570034       0.82493676171794816       0.61685901458144765       0.96075968462257577       0.48267868467631803       0.76494142016863087       0.54014775946070648       0.73514053533850510     
  0.87622452972043818       0.65086117561564227       0.55825822360677846       0.85985078575670382       0.86189238726792439       0.87666407194981577       0.80541561552624819       0.90535129622949606       0.88100804373710995       0.82447389571427709     
  0.67862847038639662       0.43857904405397063       0.74780538081174597       0.65817272559849016       0.74555837806250025       0.89083600531412732       0.63924086282719861       0.84554602075908647       0.47362296492893796       0.66415042776187116     
  0.89037230137101531       0.68436665521367457       0.58302413216686111       0.87541568346415988       0.87982442383872106       0.89144104369822030       0.81566561120882464       0.91710207094494778       0.89615508281246126       0.84363513659559064     
  0.59765330936591943       0.42461984906512340       0.61573804700433665       0.67541630716655210       0.76114825733766955       0.70945553740376210       0.63560516311592885       0.62758229372159258       0.59503977773616124       0.57399133874102659     
  0.90528516275307491       0.71949205256643256       0.61144518718569807       0.89110701938165182       0.89460900845495217       0.90448722411493820       0.82615149047311986       0.92824487431902936       0.91054940059707479       0.86395695280749418     
  0.75847024359463500       0.48296222334615702       0.81493109850468959       0.70188377902710153       0.63027118451203512       0.58377700382215558       0.63625966311287274       0.58964744074685960       0.44574577673882548       0.66921874022663241     
  0.91990738010089601       0.75529785257316484       0.64150783148142254       0.90713198060884448       0.90697503674229063       0.91396677804229032       0.83673097944646280       0.93944545571024241       0.92496700987721903       0.88362785549611145     
  0.76667321863366311       0.49887780648026980       0.74791347684634724       0.70345897607146313       0.60751523980808431       0.45669254895725314       0.57601953797215710       0.61393606681248636       0.54586132481842431       0.67170995202906603     
  0.93508412940800256       0.79108334389078994       0.67362560062595889       0.92244446939699232       0.91896830929091211       0.92503569258165230       0.84861765973308789       0.95085227021348917       0.93843418474972196       0.90266006937614762     
  0.70635927436636503       0.42352604794713244       0.70495019675665016       0.64910058823497541       0.46237346305761545       0.72027488103331094       0.71261475551671838       0.58319826410245090       0.53487406648310676       0.58135492396997801     
  0.94937280498825527       0.82800568670663843       0.70908044691603911       0.93677174703489208       0.93158484538702324       0.93780739109921807       0.86186833794624296       0.96261658289911722       0.95182633427009367       0.92141564236840101     
  0.66363926710341625       0.40842503210727682       0.76349005220139865       0.64195778659253522       0.74331030528136866       0.56734825999346994       0.57885956643727110       0.57881431883590528       0.43629332564020640       0.60746548643176856     
  0.96411290013341444       0.86638834136250142       0.75986191144599691       0.95048807827604187       0.94587643778144670       0.95190267287987929       0.87720068566723786       0.97327091413319067       0.96710766373639101       0.94219921409593221     
  0.82316610635240051       0.44619940130412827       0.79932414166840304       0.62623161427668361       0.67247844512443267       0.62164791658798668       0.70779901869382089       0.68419650895786777       0.47981456393955496       0.88104617846081290     
  0.97700345179998960       0.90676519370977215       0.81613287900174347       0.96605761632093590       0.96392992483844964       0.96415786772609480       0.89606881211230194       0.98333774805551699       0.98052196306914507       0.96189923924660714     
  0.72713408974505112       0.48749311763120146       0.85351582792567748       0.54751387202740942       0.81890015150411921       0.51454340853918179       0.86120051292201460       0.59927377864433340       0.55793322016980385       0.77920847593051157     
  0.98781753798144900       0.95171503906515376       0.90400591561134502       0.98337215108783649       0.98169176088053600       0.98098846887825764       0.93177107117338587       0.99203549733714291       0.99065682829115465       0.98099090232926789     
  0.67754770725147007       0.61698944993243465       0.75318330839553149       0.68827290842369737       0.73150679999118950       0.62491274944552222       0.69372180190657340       0.64214274569080387       0.46312859300606962       0.57443067444487961     
   1.0000000000000000        1.0000000000000000        1.0000000000000000        1.0000000000000000        1.0000000000000000        1.0000000000000000        1.0000000000000000        1.0000000000000000        1.0000000000000000        1.0000000000000000     
  0.65885932991982354       0.49683318366876755       0.49227355695944758       0.71142081838167892       0.79159029925326629       0.58606783415140462       0.45124834143240883       0.54265734943326394        4.2270138933244610       0.64092323455294264     
   2.4044693232879184        32.864504260843383        14.688432502697205      -0.37881823880414112       -2.6294553304057979       -19.220886665878272        1.1965190541021897       -1.3557481513226928        5.7334929956409750        8.1849178921886327     
   7.8281648083683653       -3.0979096175630625      -0.92833578523332783       -4.1882623461976456        10.338049371149175       -19.804871790349026       -3.0882648114499869        3.0758621992426489        2.9528931288457203        10.779119969742903     
   1.2188659676253775       -8.9190929561405383       -6.2211901091154420        6.3411808843550190        7.7716037703494525       -13.375398006544085       -1.4785002418818047       -4.5197000063069757       -2.8538176827955675       -1.0935795650109295     
   9.5336071003771981       -12.492271878215156        8.0936132695410343       -2.6146087072303805        7.6141032990385216E-002  -5.6245335986656144       0.83485184329931472       -1.2448023755038546        6.0430783090971367       -2.0108830076910018     
 -0.75286620685233352       -16.277268432103263       -4.7392617513317221        1.4619873059739494       -3.9557909845704304       -2.8706114311260911        2.5112835996325322        12.461772656195068        2.2564194295919551       -2.4587426583930916     
  -1.4613470914586686       -22.884545930595991       -2.1245272263611348       -2.4665984915192176       -1.9608698142987711        7.4431890938098055        11.846918726063814       -1.4381572761903774       -4.0089943015249148        2.6284146035146660     
  -3.7383498275411013       -27.994929291725938        1.4205719443571578        1.7269588352777718        10.577808242908691        9.0361699096533670        4.4364943776245136        2.0403087787877845      -0.91658696985725341        1.7571365694580789     
  -1.1738154529107718       -44.591637789890413       -16.109185243049225        7.2310692987682872       -3.6154265124523879        27.833921435163987      -0.49527466556708916        6.2672660573807280        16.647146509421574       -4.4502103365667738     
   1.4675063464357702E-004
           1           1           1           1           1           1           1           1           1           1
   3.2466932358563155E-005   2.6744008293671336E-005  -7.4869258178857535E-008   1.6542327192201207        1.3863420812696712E-006   1.1103934277702810E-009
   4.9102726166720419E-007   5.2424572278463779E-007   2.0192892807456993E-008   6.9417243188452521E-002   2.0185427168132479E-008   1.1337514171326940E-011
   5.0000000000000001E-003   2.3670672714012992     
