     
 Soft #          40
 ME*wgt:
   1.0050827188190206        4.7740864580957924E-017   4.7499438292057972E-017
  0.99999080930772111        4.7499001739337208E-017   4.7499438292057972E-017
  0.99999442133406891        4.7499173308559825E-017   4.7499438292057972E-017
  0.99999942780943274        4.7499411113327429E-017   4.7499438292057972E-017
   1.0000002141599189        4.7499448464533828E-017   4.7499438292057972E-017
   1.0000028988688943        4.7499575986702134E-017   4.7499438292057972E-017
   1.0000239267904012        4.7500574801162163E-017   4.7499438292057972E-017
  0.99976308070883213        4.7488184758806945E-017   4.7499438292057972E-017
   1.0000000005000009        4.7499438315807732E-017   4.7499438292057972E-017
   1.0000000000500002        4.7499438294432954E-017   4.7499438292057972E-017
 wgt:
   1.1111111111111109        4.3720408268753421E-005   3.9348367441878082E-005
   1.0101010101010102        3.9745825698866756E-005   3.9348367441878082E-005
   1.0010010010010009        3.9387755197075151E-005   3.9348367441878082E-005
   1.0001000100010000        3.9352302672145294E-005   3.9348367441878082E-005
   1.0000100001000007        3.9348760929487365E-005   3.9348367441878082E-005
   1.0000010000010000        3.9348406790284871E-005   3.9348367441878082E-005
   1.0000001000000101        3.9348371376715218E-005   3.9348367441878082E-005
   1.0000000100000004        3.9348367835361769E-005   3.9348367441878082E-005
   1.0000000009999999        3.9348367481226442E-005   3.9348367441878082E-005
   1.0000000001000000        3.9348367445812923E-005   3.9348367441878082E-005
     
 Collinear #          83
 ME*wgt:
   1.0313104692469099        2.6958304288270203E-023   2.6139853217970204E-023
  0.99931291059445104        2.6121892801761532E-023   2.6139853217970204E-023
  0.99876319985807838        2.6107523443800407E-023   2.6139853217970204E-023
  0.99950617250742402        2.6126944639799268E-023   2.6139853217970204E-023
  0.99979940499900510        2.6134609694087938E-023   2.6139853217970204E-023
   1.0001858192496789        2.6144710505881881E-023   2.6139853217970204E-023
   1.0021052071627718        2.6194883024198479E-023   2.6139853217970204E-023
   1.0261188076354999        2.6822595015790570E-023   2.6139853217970204E-023
   1.0000000004105507        2.6139853228701938E-023   2.6139853217970204E-023
   1.0000000000000000        2.6139853217970204E-023   2.6139853217970204E-023
 wgt:
   1.0000000393263313        7.2374397221560847E-006   7.2374394375341442E-006
   1.0000000037694270        7.2374394648151442E-006   7.2374394375341442E-006
   1.0000000003753846        7.2374394402509668E-006   7.2374394375341442E-006
   1.0000000000375229        7.2374394378057132E-006   7.2374394375341442E-006
   1.0000000000037523        7.2374394375613010E-006   7.2374394375341442E-006
   1.0000000000003753        7.2374394375368598E-006   7.2374394375341442E-006
   1.0000000000000375        7.2374394375344161E-006   7.2374394375341442E-006
   1.0000000000000038        7.2374394375341722E-006   7.2374394375341442E-006
   1.0000000000000004        7.2374394375341468E-006   7.2374394375341442E-006
   1.0000000000000000        7.2374394375341442E-006   7.2374394375341442E-006
