   0.0000000000000000        0.0000000000000000        0.0000000000000000        0.0000000000000000        0.0000000000000000        0.0000000000000000        0.0000000000000000        0.0000000000000000        0.0000000000000000        0.0000000000000000     
   2.1139482581958812E-002   1.7102979159903924E-002   1.5928166002411336E-002   9.5775387751447227E-003   1.6085740072419023E-002  0.19300063619336347        8.1363036615633835E-002   8.3931821797673986E-002   3.2925303753519049E-002   1.5303265072980436E-002
  0.33683713516021813       0.34765625571253284       0.30587364317218613       0.52713314769298691       0.36986804972432680       0.25802715653337327       0.25802715653337327       0.28665130034729114       0.31654422480301392       0.32607796730609101     
   4.1880223768715238E-002   3.4123756420129187E-002   3.2348256324803808E-002   1.8916661028043878E-002   3.2061259474959039E-002  0.34887026670520560       0.13319420012735561       0.15089513659658887        6.6625337161663675E-002   3.0478130015342313E-002
  0.41128482817417894       0.35870281064080600       0.31936205656924960       0.42323217817512776       0.28669784123803371       0.67107117351863022       0.31926359486558653       0.34203472376723826       0.46898265404486544       0.34678339536898756     
   5.8057042059260856E-002   5.1766633305839194E-002   4.8105020982563987E-002   2.9171834063470865E-002   4.8865026737644701E-002  0.38524554706639091       0.16256285261556833       0.19027560536916438        9.3606136204309631E-002   4.5113040504598467E-002
  0.33639218105341284       0.35518227979976352       0.30012934088822790       0.39787674532496375       0.35980011708710674       0.32006814016390944       0.34667944750283036       0.28376909882823759       0.35447484400159213       0.35781487105263360     
   7.4547086268188623E-002   6.9807234034457308E-002   6.3987059836750682E-002   3.9584915518710337E-002   6.5798392484048396E-002  0.42189217696143166       0.18456039097207080       0.22399227188918644       0.12196156016776877        5.9826485376303765E-002
  0.30524270608986392       0.41694554124457384       0.30353371352551850       0.40202839375572347       0.34973325444514719       0.38211539071176676       0.31642602547319354       0.36114162668944427       0.37978040430624022       0.34758230240221955     
   9.1286351129652346E-002   8.5269961563679816E-002   8.0077485499800732E-002   5.1027725799160088E-002   8.1522141578128399E-002  0.44344292034631205       0.20241125079844979       0.24607624763551936       0.14559352728499000        7.5422538659951729E-002
  0.28830015031306727       0.34620622220131070       0.36883594790835139       0.35202948567442871       0.30377141610772723       0.36408089286605144       0.36185524238039329       0.29061921568674581       0.36154335617044780       0.29894935165515302     
  0.10857446862911935       0.10060097667717499        9.5982524886968207E-002   6.2293965246702929E-002   9.7274792824396161E-002  0.46538327586162037       0.21764777382417613       0.26845567537992793       0.16935076150722819        9.0764116429579572E-002
  0.32453380727324910       0.33975896518166121       0.31231619524397758       0.28036818818954862       0.35927382695037402       0.30887655705886258       0.35720433806155122       0.38475929347680793       0.47602047014147664       0.28324454763253371     
  0.12552444141313993       0.11452614673587580       0.11219090598834096        7.3423491920077161E-002  0.11341176116880367       0.48405820582152476       0.23134470277021463       0.28554566365303347       0.18954722226243972       0.10631487449824706     
  0.32393973793428454       0.33128247213686141       0.43935397903550233       0.31486110974376236       0.32261439139255055       0.33369588773481129       0.31969341630304049       0.34525759005300627       0.35010209945303405       0.35582114527454478     
  0.14119246284550277       0.12870874860351225       0.12826292217273547        8.6013237574013551E-002  0.12952062294767308       0.50164822516338714       0.24361782822984043       0.30261156859211302       0.21077886884655680       0.12148567401024175     
  0.33017880214803363       0.31746839942813343       0.34733628563082719       0.35405447148463531       0.30972606266410896       0.33084733999514793       0.34904843660565438       0.33969085985908243       0.37586357192680014       0.29901511376477963     
  0.15653242732525213       0.14281485916221473       0.14386117997746686        9.9609742493600037E-002  0.14460664082286548       0.51695226177080034       0.25461190373273496       0.31781610062651067       0.22947863025638782       0.13782665345260370     
  0.35762525382822419       0.37360375499826248       0.32455897532489547       0.39657245753074843       0.29871043491192539       0.32036478634558641       0.31263458842840780       0.31891710033500759       0.32666737898680204       0.35777590902306056     
  0.17193138922409940       0.15683075165175403       0.15923035253459727       0.11362831051970465       0.15943143683992292       0.53176194266669119       0.26533759922845462       0.33312078192661210       0.24816599025087910       0.15432809372228803     
  0.31152106593533374       0.38307995827963320       0.27674268614565234       0.30489549224010565       0.33246296617980303       0.36241992362280429       0.31217408185773665       0.34196057188509849       0.32221211516256654       0.29918736685595404     
  0.18829660871390502       0.17025887152554101       0.17548071355254546       0.13032991122295060       0.17519381352774324       0.54515554045331083       0.27534137032131989       0.34752130509717100       0.26676501048687418       0.17086716346766517     
  0.32482117537642585       0.29121247166339170       0.32251095037353911       0.36772362131845560       0.31269341521526622       0.34325868983119340       0.33408251567098068       0.31257157061329438       0.29986274068530083       0.30446646638755770     
  0.20511458117916581       0.18367138158892427       0.19177165166125412       0.14675710064302330       0.19132796379624678       0.55783311244115463       0.28510010700978378       0.36172431752240536       0.28568673086558666       0.18760911105521497     
  0.33355208908622752       0.32061969827442133       0.38574451626060186       0.30523635713065617       0.34577598445437513       0.31030308264034034       0.29621557838746965       0.38041197305683849       0.33144585817866984       0.29675636574664832     
  0.22051862966170047       0.19662924850290975       0.20718712611028939       0.16324408511594260       0.20639215308461556       0.56933237265366776       0.29468902850537371       0.37473571834721592       0.30559690588137722       0.20484875782651493     
  0.28136947316487670       0.29625930245202448       0.28803778823220216       0.29066377592253545       0.33665888174603559       0.29705461569935182       0.32675654043504015       0.34707633299081181       0.33900854289393312       0.29372196893335922     
  0.23525993861032490       0.20955256075087308       0.22258336948111726       0.17945598604072627       0.22098967641220740       0.58086380543169869       0.30408196265694709       0.38792405830929322       0.32518608521195036       0.22230058771416131     
  0.30983694336619405       0.30772763395526359       0.32213231052313807       0.34187215011099925       0.33505491388631414       0.32317884027050359       0.31365062631495028       0.33869062717072612       0.31786643515445417       0.29104704081237553     
  0.25080009146980120       0.22270663755515924       0.23866920790639784       0.19567306456209946       0.23635954346367088       0.59214218115793449       0.31344584779657420       0.40139830807752186       0.34450443662824526       0.24000155375217813     
  0.29766004684140834       0.30490097755002016       0.32516322514125778       0.30319167888676413       0.34898127994827205       0.36554799229752921       0.35758137879642293       0.32394148889126201       0.31591644742911829       0.30615392515656337     
  0.26690050306926172       0.23595612930597037       0.25512515510101286       0.21205331277999614       0.25194994302188189       0.60241045677999250       0.32270033060671766       0.41473811261877863       0.36337654318822243       0.25791721370837184     
  0.30904885034026525       0.27962988038517905       0.29248904628114936       0.30001788918689903       0.31650177345968872       0.27317324897475903       0.35960859036527332       0.30291028778884094       0.27798328212886880       0.33154579807076595     
  0.28304489623862100       0.24873033831628891       0.27205012534380868       0.22978009762873150       0.26731311933125207       0.61147186979765089       0.33164270230301135       0.42846824937037570       0.38200380857561639       0.27484457599780504     
  0.33314303844343923       0.32259896911791452       0.32376936645480742       0.31076012519475021       0.31126561965947963       0.29431350274647655       0.32839813939027329       0.31880258610470652       0.39109520369409889       0.34326477135675376     
  0.29896621832576126       0.26148434327704934       0.28901309915506740       0.24727577813817816       0.28306773282664133       0.62143421887449934       0.34040314666763444       0.44218624868528006       0.40019448321445655       0.29177627012247476     
  0.33237330087368039       0.32312496045348688       0.35635973184467812       0.30688087664702463       0.28753451212914938       0.27939399442073887       0.31868734076230332       0.30827398292885111       0.28890131308838113       0.26473682865459502     
  0.31447760636213740       0.27474027077898899       0.30579946702707428       0.26506955754088074       0.29875943152570467       0.63241429750638944       0.34898182617372175       0.45575370680262089       0.41791781070090267       0.30994068398030744     
  0.30400745800666329       0.27920104845081778       0.35521492903040547       0.28433300889052177       0.30200038325249934       0.28334317980713325       0.27905951397670142       0.29580491771728634       0.30110125629849316       0.33587325373281196     
  0.32994794264702754       0.28814572483703693       0.32259103765059743       0.28284119186667422       0.31448032216922039       0.64328548829390930       0.35743833298754585       0.46901619734407557       0.43508150319754957       0.32846371045328238     
  0.33421830530111862       0.37222239538238916       0.31756414163979335       0.30644558651653031       0.33858490324881518       0.37740743789623066       0.33071875689701236       0.30116782594301139       0.33791786473565294       0.34339322373112924     
  0.34353570252334387       0.30112323741194130       0.33888003581786746       0.30111466543260174       0.33066587541458131       0.65425023545217331       0.36573989779691563       0.48216021193644071       0.45184139958263991       0.34558284593313537     
  0.30012997447293155       0.33119836555516502       0.31809026617244307       0.32213642069397852       0.30463547079725167       0.35900494892150087       0.32503964211240188       0.34168495520606973       0.33788584401817379       0.29368328948857803     
  0.35676288711931825       0.31397979512515961       0.35489681741191748       0.31930566079707506       0.34633089441761156       0.66502380086775925       0.37415216814372876       0.49532288364450522       0.46784864030554513       0.36260699307549404     
  0.33702160399701386       0.29511514876322886       0.31793889512922302       0.30520114275249466       0.34675305780056020       0.33070964553089344       0.41121644790768530       0.32969818943684365       0.32321325607424084       0.31487161235006272     
  0.37233607699706028       0.32734067792939514       0.37057812315438204       0.33716505794845686       0.36212407814519726       0.67553060181000590       0.38243253264393184       0.50822895774921129       0.48328697894486211       0.37933119767129769     
  0.30119172204680333       0.34752213511950242       0.31959039295800484       0.33383496878468572       0.32305977787414475       0.30667527721923754       0.37575954167157843       0.31306892867431146       0.29226773596583178       0.28221810620329751     
  0.38777945842475325       0.34082684107546563       0.38621809147868769       0.35479095825261203       0.37675184175609272       0.68576349609728504       0.39079904887680600       0.52135646190411666       0.49847897683694736       0.39626834243170111     
  0.27695118986014261       0.34756823622285365       0.33619477255345298       0.33749838582508246       0.33179464838463951       0.32626418867817769       0.28734780673509874       0.28751025067644403       0.28450626093253711       0.33798532816134402     
  0.40351493751596212       0.35473687384247510       0.40084062695059797       0.37159976157141622       0.39119639021526414       0.69562910742799666       0.39885999577604875       0.53413861852549038       0.51356338964782411       0.41191511884197968     
  0.32772368690581988       0.33317490713525560       0.30752519598708689       0.33942118187939591       0.30080415868699611       0.32541606263241624       0.38843181341556399       0.30634851640878996       0.28370492385856438       0.30893827414204056     
  0.41937860719827025       0.36907036591319270       0.41479986790784762       0.38836425178924661       0.40580748254266696       0.70529971372602829       0.40692241053063094       0.54723550173517033       0.52851664607647542       0.42734869735699627     
  0.31433432020797936       0.33273634727508694       0.30443247109107641       0.29397537252072853       0.29272352740520446       0.32911685799247786       0.37731229083718226       0.29203483344817133       0.32301996286135487       0.31733935469794589     
  0.43469259157842915       0.38296018546430960       0.42787653312412516       0.40459582202435423       0.42116251727611420       0.71478949702144734       0.41456527829489948       0.56030535950830196       0.54313666949366224       0.44249578132521794     
  0.32527828622317395       0.30613405787655362       0.28459190446409410       0.31335238793657233       0.35221205092300029       0.32613731042766653       0.38720370128335152       0.33939818221597018       0.32126045479832965       0.32174001267821578     
  0.45019315537587146       0.39661215894363488       0.44059027379164661       0.42067277900073802       0.43672934370382283       0.72421280390402665       0.42230393105371400       0.57339350829573632       0.55761757131434631       0.45722534687388677     
  0.28892533602338244       0.36814343274902955       0.31286067053591815       0.31131822518584040       0.37463358990984774       0.34359115870253826       0.33759034461725196       0.32167014398112209       0.35838288427598430       0.34151371092988431     
  0.46421786451722979       0.40956094534541376       0.45546893269656841       0.43643474028778861       0.45290896336170067       0.73344505686841854       0.43074726900342236       0.58719302724190725       0.57229636937512895       0.46994453334945574     
  0.34466428768539176       0.30638251361584629       0.29068853755013790       0.29544219455018900       0.34764615869856391       0.28665824028779874       0.37112197856569901       0.28752956515581307       0.30860676289286448       0.37283444280388012     
  0.47831016863694364       0.42180721375808633       0.47029941762302568       0.45198544192316914       0.46900840800406174       0.74257253694281444       0.43887814127012897       0.60098835698287556       0.58602707333100956       0.48238830734780941     
  0.29306328796646791       0.28077422354209464       0.32255108979257580       0.31382623772162621       0.36299306612782228       0.30588598968058101       0.34118198499491198       0.30167041578144360       0.30269763707084213       0.36546286071302858     
  0.49243670877012602       0.43413478746392109       0.48576604539275187       0.46762409681497863       0.48509758644607753       0.75128073961059416       0.44693876103582486       0.61511890397223012       0.59930854001621792       0.49222642757790086     
  0.32964899040629964       0.35156104139546440       0.29333712770465392       0.32055772544203703       0.32028396572601270       0.31404437466604618       0.32288390678729950       0.28748699878749628       0.28314002495008728       0.45392864613211353     
  0.50675190418339455       0.44659015100935967       0.50100402514834808       0.48386555889293498       0.50115104447720871       0.75991527919549540       0.45490605355244890       0.62910652367920739       0.61168847232249379       0.50251439334955561     
  0.29206944199756957       0.31793567959452279       0.29766813081162641       0.27158156412555751       0.32559237028937477       0.29990427625404614       0.30165883048915992       0.35120346613341064       0.32305184603531900       0.46554771850925775     
  0.52234493832153162       0.45972660198677651       0.51656162247405479       0.50050042013305485       0.51706568353075477       0.76840049692569101       0.46311349902085513       0.64218164481985196       0.62377261473723322       0.51371876190757337     
  0.33609300202502884       0.32140758962776522       0.35521304554359440       0.32253972488357147       0.34314101041218170       0.29780472847975270       0.30247876912511951       0.28310584420422569       0.27618651063643151       0.62852734442452740     
  0.53772573940203172       0.47361713724278076       0.53195648406797580       0.51690850365291774       0.53302371927418524       0.77667713185018761       0.47142746179831596       0.65561769094329858       0.63584181046802946       0.52514674592572130     
  0.30031227932796523       0.35591438635123629       0.30509255269486224       0.31055514054924926       0.34444288871740153       0.31230021168943606       0.29733221122932091       0.39448505516067967       0.29733192982915391       0.44855928126321165     
  0.55409071552224431       0.48705640608353234       0.54687781247971112       0.53333038479888417       0.54891450786057627       0.78454643456381878       0.47955913784384641       0.66683616322444239       0.64747457447130019       0.53876958943466235     
  0.38045283853441553       0.31678436850372260       0.29096221207447365       0.32205421790310285       0.29605484004026095       0.29387514652497781       0.39925160705441426       0.31624185088297541       0.28334323359773916       0.36036186485088556     
  0.57102085136323244       0.49988984223095662       0.56261008641402888       0.54974261587652606       0.56525432372529238       0.79234531506480721       0.48761629566915615       0.67843441245816993       0.65992077440774899       0.55246927019916792     
  0.31389559787859034       0.30170695517070245       0.31136000290216748       0.29953422160784110       0.36073388538743789       0.29699786936622108       0.30151961312269743       0.26959989074505220       0.30649933192049239       0.34702019927698285     
  0.58646677186136742       0.51383095888055774       0.57962593987968758       0.56609394591606832       0.58177245655374987       0.79992439808048210       0.49595042033466918       0.68973961648691184       0.67254551907198867       0.56729752189035254     
  0.40946501681679287       0.32475675303492302       0.32784449257493353       0.31485110287866985       0.32050399775069893       0.36600209855527127       0.37741330888346425       0.32078020071390373       0.38092163442507254       0.30180416895941309     
  0.60191537293312036       0.52861078002957651       0.59689710971808729       0.58239832945684045       0.59820536984780692       0.80743197360077779       0.50418940622496311       0.70096164419206519       0.68518392769683434       0.58196139000137248     
  0.27997172302925571       0.30257644486263657       0.33749030994802892       0.31361036946976439       0.36693865877759491       0.29633271421740587       0.36287596257596422       0.31624251927917446       0.31544418324175422       0.34815974443009190     
  0.61768027742376597       0.54393871090471779       0.61340514052715622       0.59852885658420152       0.61396351010453953       0.81493410771232822       0.51244881731577385       0.71258545784160432       0.69797369604278769       0.59680300794463947     
  0.28423982678447951       0.34065081715235013       0.32294938113470506       0.28826369371934402       0.31163680077381972       0.33495509230580739       0.29348062939821568       0.38400888858855264       0.38018038625591050       0.31236735396135190     
  0.63334726766737237       0.55942312934127758       0.62945261376102957       0.61468821801913365       0.62918744403109395       0.82245757069365966       0.52084042407967845       0.72468655261178705       0.71116282941050668       0.61137563528127148     
  0.32693886242366715       0.33439859138285910       0.34020543206520942       0.31721867404202236       0.34846211939155464       0.30532970672589149       0.29225704014821563       0.28941545867750812       0.31685702106898123       0.31874818038522845     
  0.64990610301411922       0.57462782107957477       0.64484950825684650       0.63036496642778661       0.64435731234219684       0.82992859889511017       0.52839264136514108       0.73536961326950556       0.72442211221066311       0.62754057047213263     
  0.35150433761222732       0.32205534009699693       0.33459927236039200       0.29318180352104783       0.34020198791236961       0.30183686172093077       0.32406853429980759       0.35350024010250275       0.38311977645970102       0.30343337385138386     
  0.66622745852785670       0.58964985765284506       0.66042101468563819       0.64616176708546569       0.65997437774832046       0.83715211171090242       0.53507617809902808       0.74612524983324935       0.73733890653330458       0.64409221087886803     
  0.34576080231052941       0.29539740290033417       0.31836260375434555       0.28572160391744644       0.27082634503751352       0.34524678853498592       0.32586181987264445       0.32519259513179610       0.30868580614375629       0.26862330571098003     
  0.68274163762905282       0.60479401613562078       0.67663084148836539       0.66165697084931274       0.67527063706695101       0.84381791357630886       0.54216925167878205       0.75703415831284648       0.75030438055149240       0.66106544515189403     
  0.36082750370900651       0.32057855505629052       0.34710427019421680       0.29659365162494145       0.32314787954012891       0.30548724215249262       0.29531011075960256       0.28669634296591157       0.29050010124415926       0.32054295636555535     
  0.69899040987076588       0.62015099001395735       0.69337746639104836       0.67698594668082868       0.69028171854161213       0.85052411992331411       0.55016554642653481       0.76820197473475704       0.76300728341677337       0.67713594311538594     
  0.32417739177933674       0.27514117136900085       0.30155971634661161       0.28685172450724405       0.30322493827020103       0.34903416086903061       0.29388075739777109       0.28990901237728472       0.33304374458019514       0.30096003554156037     
  0.71429850309285958       0.63593951050546815       0.70968895260092169       0.69182718718799729       0.70525143589876838       0.85717819356799330       0.55876128015685211       0.78072276260888507       0.77545552896501146       0.69129008667622827     
  0.32769931778387246       0.33689607917359710       0.33998914480039566       0.29922575741028218       0.29999088834643195       0.30576782979698613       0.30453388359454558       0.31159255297963728       0.27685328390344432       0.29885039950849768     
  0.72990211403473504       0.65216133590185221       0.72602016107844647       0.70680117279407284       0.72010757141885551       0.86410889495035836       0.56787318077487747       0.79317183912178857       0.78830143073767578       0.70549522165486034     
  0.30284722163001337       0.31040448087735345       0.32181626304444605       0.30411408662550571       0.35366473115152897       0.31475449874994088       0.35991573144259342       0.33338777517365248       0.30107594421603040       0.30157558289364872     
  0.74509193252937478       0.66881049836233630       0.74082687242685408       0.72243801596578638       0.73663713835249678       0.87166266205198140       0.57723335745734805       0.80504515237316487       0.80119203050690679       0.72264837112306024     
  0.28185526349197504       0.31315065795212843       0.39405981073218832       0.30062713519512296       0.29719520028197993       0.28106190789234459       0.36177302198790984       0.34208950572608171       0.36303361525397371       0.34509983405214262     
  0.76019899801948954       0.68574056743859180       0.75488655716465913       0.73814297066962409       0.75330549554499837       0.87915965492740800       0.58689695465959169       0.81693613050474478       0.81399290568732530       0.73986796959295054     
  0.34303246718898922       0.36405959044196656       0.30102109911760566       0.34937878703079156       0.30256160419791533       0.29029003427270156       0.33044391432679465       0.27946526169068986       0.33121814075794720       0.31280677110313571     
  0.77536916041334802       0.70321449697310190       0.76907605446644667       0.75432461570719211       0.76905080819379978       0.88654091118452027       0.59682763822807361       0.82837478656822272       0.82679697732742052       0.75718018846909418     
  0.31018915749910081       0.34022385334159755       0.34290456876110842       0.31638507833211554       0.35260761351041797       0.37471741527580588       0.31869203179255923       0.36233917604134636       0.30353248911106390       0.33511981894681148     
  0.79054310948521311       0.72127318602734680       0.78272891174589754       0.77020035082612925       0.78439565539689371       0.89369130628368454       0.60721697837112643       0.83996908410025850       0.83928816441134191       0.77483989501266248     
  0.30895048040793782       0.32742751385119040       0.33917061836779300       0.35643751539437551       0.36179134931937257       0.34370129930472243       0.33220374822257592       0.29408434559613733       0.32361121369376744       0.33108553583411959     
  0.80329044673758809       0.73775853352419984       0.79732454960284105       0.78543572014581342       0.79987340718783229       0.90052053881779914       0.61777488307611339       0.85124059766876070       0.85154954262715221       0.79160140458377137     
  0.30153625405150791       0.28562315256752768       0.31607095151149606       0.33926965530169545       0.32798554319336987       0.34509666618542834       0.31003419749257721       0.33940766753377516       0.30754709722339180       0.29579858097177836     
  0.81658239902112228       0.75354437841574673       0.81209071865380400       0.80068195822242216       0.81541162768278019       0.90732532605080307       0.62864614179455991       0.86252641511556649       0.86358379243304662       0.80826404850090905     
  0.30454108115866974       0.29253723411763899       0.36921132774967214       0.34280385016570181       0.28916963956059905       0.30142219792725483       0.27065080034666544       0.32685966807638595       0.28393247664355387       0.30693221026663270     
  0.83154366954559211       0.76932350653991988       0.82762179708260031       0.81635968914607415       0.83125982585998026       0.91400555289597829       0.63955220065720542       0.87304669385820466       0.87550612005241490       0.82315862589784783     
  0.35789721978860428       0.30384543878764048       0.30984542462829207       0.35461112540060108       0.36519510415347262       0.35716372422303844       0.31219432929214458       0.30264900750970469       0.32306469681017941       0.27608380469035126     
  0.84604015034709823       0.78514468346992683       0.84343981618908193       0.83179179446252050       0.84665887750211877       0.92072062663127840       0.65036537944383910       0.88338508140967842       0.88743815940616466       0.83825225586576269     
  0.32086008563455448       0.33932231042254579       0.33277147202647522       0.30128458387981721       0.30734668086460681       0.30929224255106230       0.32195337395710505       0.32926033143014510       0.29247249592362801       0.29977201842432594     
  0.86074661050190537       0.80285464055469091       0.85979461870116403       0.84732720298416664       0.86328863822707647       0.92774924857969032       0.66162326081305645       0.89368662781030228       0.89933440313482693       0.85433755319317695     
  0.42796338092941505       0.32564358551509542       0.34998792815971336       0.31269814146214198       0.34261102432914314       0.32360366214535852       0.28423236993108553       0.40773570437243406       0.30122403141373050       0.31747024043905880     
  0.87540072020470150       0.82048537389019671       0.87625170447924094       0.86288524336086747       0.87972994117894210       0.93481319608156821       0.67309158793875767       0.90428026818286911       0.91106996988258937       0.87000243293002222     
  0.31173701053310138       0.33491010659288639       0.32002517554209525       0.32098526823262546       0.29924636551664585       0.29838185810372453       0.32586651854471560       0.30654812172696766       0.31866011076608231       0.30401426069720094     
  0.89130135781387410       0.84072567166732837       0.89238324193682683       0.87857317518140354       0.89616209804295310       0.94153468079609159       0.68597904374353480       0.91655297356073517       0.92249947874401927       0.88639965893621941     
  0.36418936539631014       0.32157622124284529       0.30151902419869686       0.36344959116354625       0.30514328026112136       0.30495751151715644       0.32389940243896947       0.31311357555054931       0.29675336386876133       0.30743171030837663     
  0.90694073318840085       0.86169476545530710       0.90817494467452020       0.89481907409128836       0.91254200417060505       0.94852837023125891       0.70000748607255514       0.92860024690826648       0.93416013951851307       0.90283568218668853     
  0.34046887424002192       0.32168698679394042       0.30448444336441477       0.35541236780598806       0.32736763274138486       0.35321677993659401       0.31575248664668398       0.47267713267956590       0.30193460997501176       0.31232525228105451     
  0.92298387323566466       0.88316271112104372       0.92393403017189457       0.91104687746735180       0.92842175321002818       0.95557791169979334       0.71623358292279171       0.94045377306423761       0.94598613346485905       0.91921857656682660     
  0.33938367304414374       0.35834114915928544       0.38069444689982818       0.33446751537698372       0.33073657309967397       0.34361599201504678       0.29630718083156071       0.37684249293171584       0.37624068484759782       0.33966054530320761     
  0.93899302087618020       0.90259169668835593       0.93968650318623170       0.92661920567059786       0.94429639193788806       0.96253164280312753       0.73476265564752452       0.95231104898429475       0.95766608863350910       0.93569802803095348     
  0.33417333082893785       0.29377309829446324       0.37346503374944201       0.29477071483358519       0.34278826214570945       0.32516335510172767       0.32983740351422625       0.31287865163968126       0.32953359616364319       0.35197517877266771     
  0.95475291218404579       0.92422564559296005       0.95490700280705121       0.94331043946192805       0.95912977258699894       0.97086496508535958       0.76022026453550351       0.96383364725542209       0.96887103139650610       0.95182469993632224     
  0.30505515849159681       0.28091873257880706       0.32975894361092817       0.32569592305157641       0.30863055286611601       0.37964434510065997       0.30368396609677673       0.32876530153593087       0.31147495603507164       0.27624990040108749     
  0.97023992623352417       0.94557008755141547       0.97015686282816682       0.95955927589847412       0.97413498460285075       0.97917642735768251       0.79603684796775787       0.97560182157148290       0.97987887464800283       0.96784588930085724     
  0.30102051859996753       0.33344121251620634       0.33116397800477282       0.33881222950817796       0.31087612803694176       0.31126860275221802       0.33484527714956741       0.34807489588900020       0.33252319195791730       0.30386025029796726     
  0.98520646044324056       0.97264745164204180       0.98509823212708936       0.97962149329822157       0.98721754942738271       0.98924601356967823       0.86717123557332987       0.98778520551474924       0.98997441819701737       0.98383300723640488     
  0.33895661676745958       0.34032341619372886       0.27938625634802944       0.38371273626814761       0.31017354184598511       0.37634814838783714       0.31415232772407792       0.36307105817134527       0.29979349756979529       0.29383725596561555     
   1.0000000000000000        1.0000000000000000        1.0000000000000000        1.0000000000000000        1.0000000000000000        1.0000000000000000        1.0000000000000000        1.0000000000000000        1.0000000000000000        1.0000000000000000     
  0.44662055419564600       0.35058736038785637       0.35425223453905935       0.36214526667633817       0.28296192048633961       0.29322753687899006       0.25802715653337327       0.34935548568616115       0.42444562713904987       0.29007138004755945     
  -4.0515861520661289       -10.529879979271241       -2.9091940088506743        20.438166223541955       -3.5049711415594160       -2.6275607711102267       -2.8764503958883885       -3.0198071410443972       -6.2211357855336678       -2.4758937170215223     
  -5.7119718309833054       -10.893182197378195       -3.5345753072249617        4.1932767373778859       -3.4266665265252758      -0.10084874246354569       -4.7515974708837270       -4.3249633951299638       -3.2744126150725177       -4.7248890188960582     
  -4.0875498629058669       -4.9521957968424921       -5.0288333583835296       -1.6477780163777276       -4.6126492531259986       -6.2208781399519975       -3.3140478647816214       -4.2961443641581454       -1.8607692099805686       -2.4545051297964875     
  -3.9868733568904755       -3.2921373848021691       -2.0576346609153466       -4.4737105274605407       -6.7411808083888447       -3.2969359377202028       -3.9746020106836544       -1.9555224635712558       -2.8561106789387378       -7.4587881526867932     
  -2.0358181969121203        1.4796565667591797       -3.2455015013715363       -9.0185155954555718       -2.0018363550749001       -6.0275940946154352       -4.9233789464802076       -3.4052176443093343       -2.4019873800664562      -0.85151571712352125     
  0.67991175934739867       0.32587718940886207       -5.9657601260034712       -10.890111604552864       -3.0309958004760569       -3.8061223981596926      -0.47394237846819276       -4.8004167497935759       -1.6403534713389496       -3.3924782680397896     
  -2.0849077521103156        2.7617407943573538       -3.5453439411022467       -15.655525858552826       -4.8421748295286786       -3.2000568305025938       -3.7878021398037585       -1.6571392609088935       -5.0947711102290754       -4.3640687615848837     
  -6.0610291411283104       -1.2036968177623586       -2.8447786021263983       -26.132039728298132        1.1259538803159630       -1.3326467041698520       -18.921317170039931       -4.4414470497146317       -4.7658193196217837       -3.1805467017564428     
   1.4157122092968891E-006
           1           1           1           1           1           1           1           1           1           1
   1.2642927239461094E-006   8.8525090299973923E-007  -3.7402736707267054E-009  -3.5066675691442617        7.4845648184390709E-008   2.9095620790266021E-010
   1.1535547938206771E-008   1.2297888231066672E-008   4.2764180209657171E-009  0.26453291799169404        4.2637055340672356E-009   1.3976636240534401E-011
   1.8365366458975609E-002  -1.2341304145181182     
