   0.0000000000000000        0.0000000000000000        0.0000000000000000        0.0000000000000000        0.0000000000000000        0.0000000000000000        0.0000000000000000        0.0000000000000000        0.0000000000000000        0.0000000000000000     
   1.3911810685409136E-003   6.3936724236982618E-003   1.3840338047674577E-002   3.3155151554483758E-002   4.4208007896833205E-002  0.37208970972715771       0.14873905243615937        9.4594757702641391E-002   2.0135191371781599E-002   1.4565781427078921E-002
  0.44532783202296800       0.52015106671358535       0.32411949234119863       0.39224282364010499       0.32987313848371652       0.31689959205547397       0.26162788801500070       0.28974362862303737       0.34034278803170281       0.38660540733997412     
   2.7658294998504735E-003   1.1884521306959332E-002   2.7945253857080136E-002   5.6020164167703404E-002   8.6214488766883077E-002  0.51945757688487904       0.22652101982424283       0.15654007524663507        3.9758730169132041E-002   2.9857111933011000E-002
  0.65693673201266134       0.58007567310181951       0.38480487703175836       0.39721811110884331       0.30557051646148109       0.49547407214188566       0.38959383370767470       0.32894213100693792       0.37423110876288157       0.35011188253461739     
   4.0306287366495830E-003   1.6060954988062558E-002   4.1387071275634471E-002   7.1842931147153025E-002  0.12286564998937528       0.57881889562654221       0.26275629280545759       0.19146694357730695        5.8620800119498502E-002   4.6138142065557684E-002
  0.52758412938666666       0.44074610591549335       0.35438862322294734       0.38928870090402057       0.44131113529619675       0.50485314126331193       0.37323313769656224       0.36843698707486289       0.41563272773737375       0.37633856225088552     
   5.2493573258883593E-003   1.9910730750569369E-002   5.4761222735873374E-002   8.6818923313682725E-002  0.15565415547191871       0.61718118858994098       0.28933864217438188       0.21115630103844743        7.6783590336741120E-002   6.3278965125292561E-002
  0.47151382431648586       0.39784127670686525       0.33733816162661301       0.38603968104084485       0.32622026429067902       0.38594680570577733       0.37701654937105850       0.27828790198464770       0.44264781349649118       0.36629218970902006     
   6.4847113413416006E-003   2.4018072651584860E-002   6.9809190547430511E-002  0.10156327409569751       0.17839535936915757       0.64755307830093733       0.31043038449900812       0.22689080606642953        9.4947705270090971E-002   8.0656085448022163E-002
  0.43724346629383348       0.50489735990336071       0.38403761571267397       0.38388448500395650       0.33012098198526069       0.34976949008140479       0.38279337190454565       0.29290317236731350       0.47215011199612195       0.39292753943527325     
   7.7520825343547648E-003   2.8567283547317787E-002   8.5228784259312837E-002  0.11444177222816770       0.20109337082495868       0.67419356000387420       0.32685052076460025       0.24162935429428611       0.11167191860454807        9.8225663975662514E-002
  0.40040046804633617       0.44906346166592004       0.32408033101743144       0.34549926638615025       0.36909972470091801       0.33067652326580799       0.41151269549857733       0.38310341285938887       0.35997026991783693       0.36290783381480685     
   9.0067176985334108E-003   3.3344936195904951E-002  0.10093868346301910       0.12689817284496893       0.22179869078273431       0.69900297458783400       0.34060236570788377       0.25496716707053041       0.12901374015965819       0.11654367532643686     
  0.45484201487450648       0.36728460167837179       0.44874255457156104       0.43582948969919577       0.31918700896270641       0.34176214815337952       0.32729842884609583       0.35529709442737895       0.44111266425968632       0.31798864583297393     
   1.0322768867400408E-002   3.8179347009350537E-002  0.11686148938486580       0.13841621738075735       0.24090643239783127       0.72167806995615891       0.35262915048181115       0.26749881485805171       0.14656199979119416       0.13604073941034781     
  0.40324968055879667       0.33621003754905093       0.29953931785802668       0.34957456138137999       0.36759179023974242       0.35228420737459909       0.29235808179394446       0.49780060358064060       0.39149647976462298       0.50094758583352494     
   1.1842941873486536E-002   4.3080390988496628E-002  0.13337335587447227       0.14955305260940197       0.25758284223072686       0.74083221647695241       0.36377047832871390       0.27961720859202427       0.16333657076040434       0.15563298702330361     
  0.48012166892468117       0.34833398121553677       0.35068252556094709       0.33651383787727224       0.33211242437851446       0.33707239636524139       0.32154170888564942       0.37058399202582687       0.52391544768802745       0.37840022403158519     
   1.3346775570739471E-002   4.8178241742507594E-002  0.15033041214763671       0.15994552194807249       0.27334670062521665       0.75853126924334313       0.37508407646213687       0.29016075607796021       0.17983659340057953       0.17348366831700898     
  0.38093278766891270       0.38153483222721357       0.36017474433578534       0.34029717259268638       0.35628034669466174       0.34114767948735453       0.36528976081502162       0.34022101242729291       0.43964283011554489       0.38647777416644563     
   1.4876476401114907E-002   5.3511953755212262E-002  0.16739236136433527       0.16940897324291504       0.28750220501170876       0.77266630851037987       0.38577037827650940       0.29941050875399067       0.19583609509474692       0.19042681057733332     
  0.38305890125442354       0.31218478884661160       0.40976210969427090       0.33171736845340194       0.37150327943060157       0.37944325154257541       0.33501139461567597       0.40270725803262053       0.35241084585062760       0.35698231353984755     
   1.6466956820013489E-002   5.8213876632365574E-002  0.18221463664736548       0.17908678617187984       0.30110058159378489       0.78570423286566449       0.39535912477129531       0.30850551088723893       0.21128444607538860       0.20740139240080363     
  0.39378001383168226       0.45879679247125116       0.32346817056615962       0.36603006257340759       0.37917354961476069       0.29250713287510266       0.30370440503395396       0.38222955159780608       0.39026332479743286       0.34057671319306326     
   1.8038726364484340E-002   6.3349625310145485E-002  0.19557715699479841       0.18839944517775348       0.31116338772562235       0.79707748451525207       0.40433783059681411       0.31709271740837475       0.22658576280919296       0.22412120432329585     
  0.31701588159318145       0.42984000621249691       0.30735705528687313       0.32198034941121145       0.34323015617456742       0.36926585729094930       0.32821280922183171       0.31689945598877828       0.33415271715688510       0.33055361173691233     
   1.9753169147888952E-002   6.8275798893501313E-002  0.20953670271720221       0.19783521121026346       0.32219561089282567       0.80777710307253159       0.41292072691123854       0.32713432301569767       0.24076121172255363       0.24078817446351666     
  0.35135455775752489       0.30528936171668669       0.33571616316284120       0.28665715881777548       0.31439899996886472       0.34358585137054487       0.36855156246790216       0.38646722135622946       0.36341755954396082       0.34864560334059419     
   2.1818809895686735E-002   7.4272240662492800E-002  0.22486039208751532       0.20722760339558366       0.33291908622096450       0.81782719410892113       0.42138048182931409       0.33840833585908070       0.25442981794620656       0.25768253509252720     
  0.40770766857049079       0.42737237193734195       0.28883923010516477       0.28468568312329962       0.35980272168118393       0.33176802844235331       0.27132866730570682       0.29282493832883599       0.35980529583312804       0.33653392704779433     
   2.3871719385223946E-002   8.0857259087597319E-002  0.24089580907209954       0.21743750794387257       0.34370263571469201       0.82714102262904454       0.42911122792415524       0.35017069242814197       0.26849841000158819       0.27456859817517298     
  0.30975325568617007       0.46065993875527100       0.39295611155496191       0.32176140757087018       0.27250638764483720       0.30677280945266816       0.34856068989567029       0.38468071111403135       0.37234427211747301       0.33019914834079978     
   2.5950049448785806E-002   8.7446115229479246E-002  0.25584654206109592       0.22789629227556341       0.35469942066345189       0.83595501737192957       0.43737058304022575       0.36253939429616377       0.28283018213602995       0.29315100872953231     
  0.40314600142046969       0.32266088300046980       0.34282372374583381       0.30441500583321418       0.30672586578752509       0.32124845808120384       0.36998545310448788       0.49044389597542870       0.37604007866214306       0.44206558691365022     
   2.8106342521956911E-002   9.4111975736467082E-002  0.27045756139151433       0.23830090809118390       0.36596606261283277       0.84423220033257718       0.44593180294363699       0.37408519820336744       0.29930487206355499       0.31164687159468357     
  0.34229026742290541       0.32292219713287801       0.34249187248699881       0.39758040109273363       0.37508128261018781       0.38426791571962238       0.39162366805662396       0.45576062199934636       0.30301504429122039       0.33171923555630295     
   3.0335100410276969E-002  0.10094375609008591       0.28521485399826985       0.24848537283646294       0.37683033886140477       0.85207568391314170       0.45406386202988663       0.38415281681039415       0.31710162681176890       0.32905131071604754     
  0.35909674321701601       0.40681137581311261       0.33817278132294187       0.37764052378583585       0.32235145408622873       0.36493827074523677       0.35572340934053648       0.32181522958467673       0.36138439295801761       0.35123398064599282     
   3.2621367434009556E-002  0.10764233625725844       0.30071132818892704       0.25856555320928915       0.38715019844844795       0.85936537027588344       0.46155704798753810       0.39443402570547109       0.33458539476940724       0.34655106158285670     
  0.29335133157581073       0.35635948955986790       0.30118677262602955       0.37885044018350195       0.37457340215845858       0.30945608878811831       0.33318546346193417       0.34842852760094939       0.29044732552956470       0.34737480281341909     
   3.4988546706351147E-002  0.11451983365999474       0.31735500860533389       0.26841469766151477       0.39774166630295466       0.86611526404226302       0.46887946977066786       0.40538334468792186       0.35176304442027090       0.36237575145756240     
  0.33121783530602433       0.32699413317125459       0.39245499324780736       0.28540348696655721       0.36589537664930727       0.35400815565060800       0.38863308675937025       0.41148097994673016       0.35555073546709126       0.32497632026011469     
   3.7249628744098963E-002  0.12260606231768217       0.33439386330458626       0.27692988713395439       0.40785615697405675       0.87229581051406779       0.47609852797992142       0.41684290787121631       0.36815978334269545       0.37760534033652254     
  0.32461803364784259       0.35569294205464258       0.33592587129552420       0.31451933150815925       0.34736402123597943       0.30857956443011975       0.32105336868285178       0.38746807440699904       0.35379721397011571       0.34883292187373327     
   3.9653441291944778E-002  0.13102570407253558       0.35159503674094422       0.28475125840837306       0.41729916868857320       0.87799411476046973       0.48321587079355721       0.42896655410422541       0.38316326759161362       0.39181278646161438     
  0.29047897995021038       0.38433898360742680       0.37496035816684503       0.31540731240713543       0.34441509265333142       0.34620063232693210       0.33913157194369198       0.35140108564016093       0.31346352114727510       0.35181165416860161     
   4.2466509001997013E-002  0.13947433861815992       0.36819143826299772       0.29302366193040158       0.42688701514637406       0.88345712911193364       0.49045180551323880       0.44164052291253353       0.39838005410815741       0.40417746748955896     
  0.34711390589068275       0.30985316942215968       0.29489588998977850       0.29932134186018372       0.31968146081201576       0.31768226886318451       0.32633348796597583       0.33629074619750310       0.29782503499529106       0.32399202714474779     
   4.5536559420752680E-002  0.14796864654815647       0.38399629078919939       0.30223254678044403       0.43616309490884458       0.88870351230283617       0.49828192807775606       0.45374442076134380       0.41357940652092423       0.41731097582132831     
  0.33441495750620354       0.35908216183067909       0.38625074125587955       0.27463940602996412       0.41781384523751264       0.29595630732073874       0.34033619883232669       0.28731098715942527       0.30771933518481526       0.30084670088462701     
   4.8974115837741861E-002  0.15658058577467182       0.40061823135254376       0.31201255626437052       0.44701404548088125       0.89357291761253244       0.50671484334934791       0.46517524281664036       0.42905814248738550       0.43178738413940987     
  0.30139098342645754       0.31269951584754485       0.37610618516968952       0.33900403190786121       0.40688082219211369       0.32868497081196285       0.39755089537713201       0.32629826304687298       0.33599784591296389       0.28166684079463633     
   5.2554276433972029E-002  0.16496697211135980       0.41694612125442032       0.32079086216107150       0.45750299746830148       0.89829974789144118       0.51520353258985363       0.47604766522714748       0.44441965820721108       0.44780143416449897     
  0.28815031892934800       0.32590415163705433       0.35793581227572430       0.29829582933808441       0.37340628665120545       0.36035543354382898       0.36216751430699451       0.32733383163493457       0.30909929112682416       0.41050484231347784     
   5.6197987948015012E-002  0.17546900609979843       0.43305215890550824       0.32934367312960250       0.46788931713048154       0.90288296673674251       0.52346557713578534       0.48740422329374877       0.46035282188279597       0.46397259253958895     
  0.32881580518724424       0.37391185660185910       0.37301244534285316       0.29029449347934155       0.33843619491785631       0.28397363895482070       0.38648903347115315       0.37010004701459498       0.40270228852078355       0.34567466882934639     
   5.9968675528380061E-002  0.18607164734896525       0.44938197964707643       0.33829292812714051       0.47828633265150644       0.90732103246961926       0.53164902468734199       0.49908196441194386       0.47573194198783247       0.47815953732227601     
  0.32416423044214743       0.34268925656542898       0.33183127466438844       0.29126589894707738       0.34572014207819907       0.39819278205842795       0.37553278747856222       0.32508053499339912       0.31542100671722134       0.34617366918971249     
   6.4041433700856007E-002  0.19718022612505504       0.46558437032192290       0.34833346690319772       0.48816101237544507       0.91175362768300572       0.53960955869240745       0.50982696914273817       0.49138699468115771       0.49262223579850883     
  0.29159084440597227       0.31861524323776130       0.31777794462772874       0.30541575232073265       0.49297035234531400       0.32214255551627491       0.28031644205022482       0.33521869710521984       0.38367371268310596       0.32986465918712221     
   6.8418879495200230E-002  0.20895660273498640       0.48278372380363277       0.35896983433364882       0.49787323121017663       0.91598947301966505       0.54732999007232264       0.52006805848613269       0.50872328708744818       0.50702346236915485     
  0.32546339624386905       0.29947220887704956       0.40423756399697108       0.33042751144358246       0.43692527623903571       0.30238248415383068       0.40042684034434045       0.33855441021851435       0.41678410060992643       0.34622154799630833     
   7.3182867783989511E-002  0.22127012863025783       0.49860805611543746       0.36980916162209071       0.50781704729039956       0.91999950001044017       0.55486592281637626       0.52964208818395286       0.52513574166136678       0.52147973092880473     
  0.36604307702477562       0.30484819695475651       0.39410533287917993       0.35475548884689262       0.38131901888752384       0.43115593859404017       0.33012807399479932       0.30498645261863672       0.33257491763449365       0.39398274773143394     
   7.8086734101518146E-002  0.23301596287562726       0.51373825124891470       0.38105536494538250       0.51826581147427864       0.92376169933474428       0.56198202921908424       0.54236736588722412       0.53991164021158922       0.53572622563171257     
  0.28965048884034378       0.33699011375650395       0.35623164259793039       0.31857615527636668       0.44581028162095437       0.30620589076734611       0.37103883142211147       0.32026747098913072       0.32707405469666667       0.35139015786465216     
   8.3161709962421143E-002  0.24477885085141984       0.52925224735431742       0.39242772451479746       0.52882278542800676       0.92719639871564263       0.56907487853236149       0.55433209552655727       0.55502002752570101       0.54964335478773285     
  0.32646232789262064       0.31541179684664528       0.33094535398034453       0.35816908518643070       0.32734544579407848       0.30041044879823431       0.46496230920499693       0.30257428816432991       0.32849970621503743       0.36737096485538834     
   8.8581793101117481E-002  0.25722841740602437       0.54488617624981461       0.40416312213532551       0.53863945104421562       0.93061914635693455       0.57655107145255302       0.56705865591331706       0.57099583864693737       0.56354123408817447     
  0.30119810681864251       0.35155410469928022       0.32478998004416648       0.35284832296492524       0.33608737291101332       0.31405893811615138       0.36545613419964551       0.38324492008965605       0.32669365252423838       0.36938816417656933     
   9.4571229008493907E-002  0.27054386595278596       0.55838662828931285       0.41603343603427501       0.54837146778222001       0.93409084579604762       0.58407784445293021       0.57928104146424586       0.58722324380970192       0.57740125577651502     
  0.33716545982503454       0.30605311346517000       0.32077115647741261       0.38159132935667844       0.27125732400320346       0.37983386273043140       0.38297083160309153       0.32074723579324965       0.35767074914503344       0.34973180094164724     
  0.10065192371706300       0.28468408350854735       0.57136496351736532       0.42867139150258493       0.55721187540150030       0.93736111250402199       0.59166319685073132       0.59361602723592632       0.60130960730503025       0.59160691763072326     
  0.36041136983769839       0.31883453355371283       0.35136057212168775       0.33627721328937910       0.31544377491968978       0.34838337411550635       0.32148578160009306       0.32334175890781391       0.30145292582950228       0.40684707927583585     
  0.10696546401197873       0.29947918492809578       0.58402118755316945       0.44147148855343754       0.56453274923483399       0.94016844215281681       0.59922368650125879       0.60763344900218175       0.61477663536604077       0.60631225976324044     
  0.31591621573653778       0.26455729877770584       0.35154150933663131       0.34866038759709223       0.34396709761722183       0.33930276956555655       0.29062551493608690       0.31312515911052874       0.30707049035933409       0.37267563794945413     
  0.11380893903836906       0.31486152523402577       0.59699443637855354       0.45415340334717513       0.57321735790945050       0.94256693987430262       0.60653683643028056       0.62141539635493770       0.62753107394907282       0.62138585484396047     
  0.29017620935766708       0.32982194731645004       0.32374315955935534       0.35306771054950059       0.37309462163049689       0.31690047672467836       0.38648642678651907       0.30544561841450596       0.29867902962509907       0.32858247364079468     
  0.12099054262963344       0.32988285714607563       0.61231687619298736       0.46622082063210246       0.58238148379577659       0.94481347061907728       0.61343254370797395       0.63581983990203983       0.64090949087718452       0.63615476747844546     
  0.31721431381239551       0.37399632862178378       0.33501942603086599       0.36900239875211593       0.32270133187963712       0.30587885550436344       0.41560278482203100       0.44523528616945340       0.40288274139871272       0.33261445779303439     
  0.12840318885518362       0.34547148376100428       0.62575032938005037       0.47828013342021164       0.59150671117631259       0.94732354705523658       0.62099833527805437       0.65332502330749709       0.65534352992273937       0.65022507752062642     
  0.28902492478425218       0.28606255462173202       0.29334418565163223       0.36473682052458645       0.32260329493139261       0.37079495258078965       0.33789838044121451       0.36320434523878264       0.33575041527514093       0.28865327005609659     
  0.13545440476210233       0.36139015866839813       0.63919161536183045       0.49011460006784646       0.60088877067108448       0.95020738377921721       0.62946512463120574       0.67119861704543382       0.66964793756510366       0.66372002855893386     
  0.28422155724240888       0.33258550158204403       0.33539903666904114       0.31958499470865420       0.33434999412190936       0.30230491352575950       0.37114685839625572       0.43749824293803458       0.33650553207774470       0.35992470964636331     
  0.14334758580037507       0.37857713854388320       0.65666152965149260       0.50290061860605462       0.61059636606125622       0.95308682845190373       0.63753031761780443       0.68670425391466872       0.68356537082166757       0.67804515860487502     
  0.30166832623900375       0.30754706855783270       0.32248086300004358       0.37000824946852845       0.36331181689941733       0.32752874856036662       0.35977522881416873       0.45816050452105778       0.33722094814431025       0.30740215170463148     
  0.15184301009863194       0.39626914956676296       0.67295804790827640       0.51553352668193730       0.62086717113095746       0.95586518159449763       0.64543216037316553       0.70128007338979759       0.69819124466442517       0.69317730874174865     
  0.34831541123183074       0.33949537043747602       0.32304815195035030       0.35026392444121374       0.37998460861861294       0.39162391196171575       0.34307040110243059       0.40206529555456516       0.42191753094415174       0.33718750811228176     
  0.16116576754639997       0.41360124418642724       0.69088185448046302       0.52777687433769749       0.63155582019481971       0.95858762214849236       0.65331568217044489       0.71522510148248053       0.71384146112088764       0.70921076377434067     
  0.31129848905154384       0.31948541168601535       0.44423033720610494       0.29079566606851665       0.37802770201191355       0.27783286003676505       0.40606062128261400       0.33200579444847816       0.34717990750871819       0.31851607725618658     
  0.17181200161604773       0.43341849159092416       0.70941467463766139       0.54002949332501804       0.64225447219475273       0.96110369094320702       0.66108609695467202       0.72936618807646447       0.72967533360401371       0.72618910489055899     
  0.35120935911748058       0.32295547386654616       0.31572000422819174       0.39299456110936598       0.32169900223045411       0.35552978059115115       0.29816142222290237       0.32785564634636061       0.33109566952666464       0.38446322893181917     
  0.18388250053939467       0.45377377773597627       0.72602500016932392       0.55303719954126984       0.65280984644866602       0.96340713927198041       0.66842722637307583       0.74520132120837712       0.74547280362114887       0.74226609495132234     
  0.32206889290064317       0.44946682300768165       0.34757174329492557       0.33130518351359500       0.32096444476231212       0.31976922211357878       0.30529802105023962       0.33135698120421853       0.36325655479142049       0.31439719937761357     
  0.19685510947314444       0.47765961168614773       0.74225155229977680       0.56730017101629737       0.66319463531815004       0.96568999313120163       0.67718106732618044       0.76236252987396402       0.76135611747174192       0.75807808929148213     
  0.31811699863815990       0.31215594418722825       0.42117475718865960       0.41785266382088726       0.37810367829159197       0.31061598721501504       0.37952987099875479       0.39308177130800170       0.31620133650933141       0.41456288176911027     
  0.21058903683647573       0.50202627468235062       0.75934404723911819       0.58167652882528631       0.67445099083720228       0.96782153713821006       0.68442212461216534       0.77856691376342502       0.77722973823643793       0.77423264065757713     
  0.29265903382030434       0.33433706693845433       0.32968277018048109       0.34692129946499556       0.37064487725015227       0.45888940106861487       0.30379940273505346       0.31925311283141949       0.32924497424296495       0.37733647422293687     
  0.22565700346570269       0.52778615094182957       0.77645174587184473       0.59559544907969175       0.68610786922733358       0.96999095028945692       0.69247970969487560       0.79414092504094014       0.79335369250115007       0.79051965060906404     
  0.29247286577325360       0.29605209865593785       0.33759245543774313       0.29396895785509969       0.34538582889797209       0.31643237825002030       0.28050285954609083       0.35139385940317852       0.38184057798128246       0.39176447277819204     
  0.24223649392773874       0.55463537541597607       0.79457544452121254       0.61056305036361258       0.69753460427972769       0.97225910598919263       0.70061119801912086       0.80984331589833691       0.80860534194765266       0.80652612806550883     
  0.36616009634274577       0.33451571849275252       0.40562645839877420       0.42686797320656877       0.36312890713626816       0.37985163681759104       0.33501649766580344       0.33567610406356541       0.33371507515467280       0.33096558321042407     
  0.25933171106287400       0.58309525474921098       0.81331225398640838       0.62591873023017686       0.70943236777064667       0.97447000552421625       0.70869472048242099       0.82517293266656988       0.82314637048618156       0.82369830843414260     
  0.34518786379568156       0.35706416087969506       0.49227545966647407       0.36464725918865171       0.35168293447731253       0.37282423387327635       0.36700830391622624       0.34607973812543785       0.32825023734696041       0.38125709642474731     
  0.27701708507210143       0.61260124466792321       0.83153255839749107       0.64032253054220933       0.72339192309985090       0.97639098422692450       0.71657947715837467       0.84002960388870762       0.83921806297022983       0.84087848466444726     
  0.37032874814842970       0.38908340566931182       0.37592596943932988       0.34155153448866821       0.35157586443517824       0.39999976235476670       0.29997178341385072       0.37348683005378380       0.35430831300650206       0.33779140495278098     
  0.29697741479859269       0.64282140152359357       0.84930868155854466       0.65428148678820541       0.73897231446344225       0.97829643005849476       0.72506891737286427       0.85543372315664057       0.85505826563845011       0.85832230492203498     
  0.34665843269162422       0.39981982314884207       0.39006665045016214       0.37173231709441112       0.34737059272076781       0.37249596371591248       0.32959329106062113       0.32140756156651157       0.32341056551501590       0.36391154622878669     
  0.31865076153024646       0.67286543127857057       0.86570211526201246       0.66860568718222135       0.75561780963528635       0.98006997387332606       0.73541635331032240       0.87031858165330800       0.86951170649384868       0.87717026646558571     
  0.36279575212378745       0.32783548767803183       0.36472739901677276       0.36363491477399418       0.45827899490973645       0.33851306734835818       0.41089599690032902       0.33474250651366222       0.32919861414699575       0.32566994591573567     
  0.34441603392460873       0.70334569789022472       0.88120133167210868       0.68338509046069240       0.77384546441623714       0.98173654925201237       0.74608722514496073       0.88479484388193685       0.88367102904531536       0.89516998021650274     
  0.39262839157792767       0.34906194421364350       0.34648165140249959       0.33332854171726883       0.44594845216671963       0.34846105205134842       0.37427438475534280       0.30532927161787637       0.38515879794398111       0.33349664247134475     
  0.37169998006051047       0.73306363674274244       0.89578608265417703       0.69800120446244374       0.79209116687779157       0.98335208095408921       0.75991683008896771       0.89921577190074187       0.89930616610349923       0.91158603037874186     
  0.31888652440236026       0.29183339684335646       0.32762288628924768       0.37004678317209372       0.32890964963118335       0.37605357989966715       0.40506929016912741       0.37578245726114462       0.29965783848724875       0.33111633666824775     
  0.40493294405475355       0.76341862728416421       0.91024507735680693       0.71136591616006162       0.80997335839143536       0.98511094167896984       0.77308882168238791       0.91301602376647784       0.91425005565049000       0.92730256167822811     
  0.31545005944521154       0.30707543808645527       0.34911593149057452       0.41959507902775406       0.29567777439231280       0.42566353786365252       0.35495561606656884       0.31673609296764588       0.32838640918606521       0.32492216671780261     
  0.44312054979496901       0.79404041189498797       0.92486273979286415       0.72849715344839139       0.82935190416579307       0.98706688779217744       0.78924560041199132       0.92765064978467293       0.92802610748671432       0.94265395517794093     
  0.39014916235037972       0.29675853170199518       0.32276517528045928       0.34850535711867731       0.31412596931624298       0.45306234537157664       0.35471928381873691       0.34682005258282628       0.28078917393972180       0.36227788233676600     
  0.48989191020743167       0.83190265346962067       0.94063358805444142       0.74619745612171429       0.85260307274406999       0.98904314287263972       0.80533827318869067       0.94229943860285381       0.94232529866357317       0.95670442459206040     
  0.36721522881418889       0.31722701458349517       0.42111529751724780       0.37823706888949160       0.28630412888814716       0.44390707965267029       0.52866155423224037       0.38424966482221767       0.31409329667932090       0.36963431562844656     
  0.55156671729707785       0.87616189099045683       0.95544204879923822       0.77515653284474717       0.88456882812592241       0.99096831815507225       0.82887150354833228       0.95613626155594333       0.95475253238225710       0.96813970556068396     
  0.38309893299919295       0.32334423067938045       0.38792417684564601       0.54338524467808036       0.41846278364073408       0.38009698404808290       0.47193205586377862       0.38762768371749340       0.28884030847355519       0.37163819014045330     
  0.63135911895460217       0.91818948443140436       0.97163008343519797       0.80663777744903520       0.92375531008644463       0.99308055476749901       0.85605760917515261       0.97029277115916934       0.96878377575190899       0.97893118290021186     
  0.35034300819629077       0.34855513424446871       0.32098593057329816       0.45842503076562102       0.36915631948042288       0.32492396542332386       0.31875049344662981       0.32311688185168858       0.33882113763845068       0.29684286579010583     
  0.76354352077448406       0.95905593425322810       0.98602262999982193       0.88211383871835070       0.96194207321260217       0.99597490008901179       0.91179649443021671       0.98414563677415745       0.98403891130074594       0.98899433444158102     
  0.44516745506498334       0.34215739670425604       0.33145275127030199       0.63658255629892857       0.29994306359398976       0.37908136130770481       0.34880865870476119       0.34639882709653969       0.33666739047873456       0.33126204080724442     
   1.0000000000000000        1.0000000000000000        1.0000000000000000        1.0000000000000000        1.0000000000000000        1.0000000000000000        1.0000000000000000        1.0000000000000000        1.0000000000000000        1.0000000000000000     
  0.33097595506708077       0.34623024098790195       0.33172896750719261       0.27633834993998058       0.30771817791457368       0.44579598785368146       0.25740245305137222       0.35928602003915300       0.46198790812417706       0.32400703886084747     
  -12.619164141491275       -20.971223454172691       -9.5220555976354504       -11.820307255178724       -14.838918533787542        0.0000000000000000       -8.0096215069129322       -11.675042533778228       -8.4674489106642152       -10.617305455973632     
  -10.826262309934462       -14.246262205428479       -14.093570269422649       -12.778617970973423       -7.6418317765818085       -1.7395395494602397       -8.0424857160297627       -8.2482349711796061       -11.126551451137740       -9.8376570904574354     
  -9.0201230886544099       -10.873893528904716       -10.808706662681601       -11.583617947971918       -9.1476831489721331       0.42590747198196965       -9.7122499757779313       -9.9100363455178488       -9.6247169656775071       -7.5391733469881892     
  -5.7649683460939221       -8.8307172822176483       -9.0366505393977867       -6.8539160966791073       -10.778266940170088       -4.2039026325134703       -10.492752169978180       -9.2965720056065653       -11.222348787553960       -10.977028284157967     
  -9.1479467704353414       -4.0776153358903962       -10.179086368710522       -9.0726500096423166       -13.447653051850162       -5.0628217548011740       -12.219804708396030       -10.636631346495609       -11.026481349045399       -13.470737380459543     
  -6.2537153423294685       -2.9172644131319863       -10.950720488708360       -10.982132862607484       -12.811572294976576       -7.0294604426476930       -10.482472323018547       -12.482096018523714       -12.081568594844487       -10.170848717178648     
  -3.8259374218205586       -2.7723256839829271       -11.413545030883318       -13.363332731359797       -7.2977654474377642       -9.9519210320101603       -10.400145032325348       -11.491665931424581       -11.383346583380256       -10.747538081412705     
  -6.6849960675447271        1.5801674459743074       -9.6123441961775580       -12.453424509540930       -9.6305879332278099       -13.075955588494510       -10.723096385265041       -11.461157029838214       -10.055547858832321       -8.2554014273146361     
   1.0513426725648723E-006
           1           1           1           1           1           1           1           1           1           1
   1.3029684945735009E-006   6.5679431656432832E-007   5.7061255616580026E-009  -11.379514679201961        3.6088864123445982E-008   5.9953930494527051E-011
   2.5882074537693825E-008   2.5484128715565933E-008   7.8785236950775501E-009  0.44245924948110438        7.8772886997964699E-009   9.4619654240173758E-012
   5.0000000000000001E-003  -10.847836358055011     
