   0.0000000000000000        0.0000000000000000        0.0000000000000000        0.0000000000000000        0.0000000000000000        0.0000000000000000        0.0000000000000000        0.0000000000000000        0.0000000000000000        0.0000000000000000     
   2.0904784869803891E-002   2.6601967074201389E-002   1.6204996522410864E-002   2.7905953298790396E-002   1.7177388474300961E-002  0.20081602352240613       0.11462153878032563        8.6674597039212431E-002   4.3794796730022359E-002   8.2399564443142153E-003
  0.27781473929680683       0.27067630946965854       0.40516393311583521       0.38451066395411898       0.30485233645332666       0.28973036278076730       0.25222493052278738       0.27978624473012104       0.42389337347199385       0.44762165357169348     
   4.1954280850768216E-002   5.2005360805253566E-002   3.2389775082525309E-002   5.3423423544198517E-002   3.4135274833056437E-002  0.33070342889078264       0.18218250148229628       0.15120262087624506        8.4495611368730739E-002   1.6809517266401831E-002
  0.32092348422671862       0.30486714277882959       0.33656554892265900       0.32348067996750851       0.33392251657054367       0.63709548546782790       0.29441511398045289       0.32475888230472832       0.39768849644079524       0.29734884504027587     
   5.8770433882065543E-002   7.8223214778916098E-002   4.8340305913339272E-002   7.3832885836761994E-002   5.0801445643547494E-002  0.36872294819392698       0.21077397992869074       0.19353361707913036       0.11483616290823347        2.6150374815323209E-002
  0.37085969917195161       0.30504698319824947       0.34512851118228083       0.35159825254804894       0.35037381482169022       0.35181994114792997       0.26654365939245556       0.30788222678089444       0.44510987775358807       0.29419068515153113     
   7.6351457509780257E-002  0.10376987014443870        6.4145084320375190E-002   9.3729709282588614E-002   6.7722809820391805E-002  0.39846293280876866       0.23435646623842621       0.22311392742625596       0.14396714421251644        4.0841778907338588E-002
  0.36172204279571041       0.40195426794075723       0.34244379492927585       0.39719601790081238       0.32063941110313621       0.38208943099244802       0.26721872511132339       0.30241717947513569       0.39421171597668847       0.36858735194558895     
   9.2942342957226851E-002  0.12818942650888626        8.0026041499947950E-002  0.11150267915607233        7.8646073953858142E-002  0.42083025253963019       0.25771596696093990       0.24651988905527958       0.16854467893453304        5.6467920783023026E-002
  0.33325555007682739       0.35042540463999122       0.33688030003041453       0.39410967834312038       0.27416282904306594       0.32252967636803304       0.33089697962161341       0.30585234898124153       0.40677851094271811       0.33499428069830234     
  0.11002928605721837       0.15150445841259363        9.5751600706041703E-002  0.12915998165520454        8.9547280909701404E-002  0.44202854158571542       0.27733479495738811       0.26550937018482951       0.19344217377587083        7.2829667075342983E-002
  0.30344012213841731       0.33578931349181784       0.36187309332372675       0.27179949792678998       0.26597701709985760       0.33707378918014980       0.27030167354359752       0.34128849008581608       0.41823419307083609       0.33488629985977308     
  0.12725616290218919       0.17318083186562552       0.11103162157544395       0.14589794421810010       0.10052653368373010       0.46187220251934674       0.29725096596863310       0.28275237423202471       0.21692023023637688        8.9118793305289448E-002
  0.37832938522231724       0.30714885420819166       0.29991852817702397       0.36363236305463836       0.29557440034822680       0.34758784946442656       0.36467486514276654       0.32620628378457089       0.41846711641980011       0.34672763834834636     
  0.13929568361078354       0.19386701112407637       0.12685741489821406       0.16222440521118223       0.11166369733979332       0.48092018060384167       0.31259057526869005       0.29861228717473831       0.23873160392302106       0.10555879480406290     
  0.28470194346658256       0.30808834781287930       0.33205781346250229       0.32985030356223805       0.29400206471874968       0.37258101408387012       0.36451891224069433       0.32600269682307093       0.39374603972340000       0.29005573266258999     
  0.15014526551848559       0.21435089486992220       0.14315556302947280       0.17691490916574090       0.12632447303575953       0.50023105795923173       0.32747213982632056       0.31390083034140420       0.25825315083859191       0.12192519903076293     
  0.27032798712438383       0.27727038417089750       0.26985270990554650       0.31570270142071971       0.35742096395246797       0.39887700843414448       0.28890477680156196       0.31869359602354563       0.40330226165568644       0.30036550443129439     
  0.16016944599215122       0.23345568828908325       0.15952957421338984       0.19220775570354892       0.14356701222899784       0.51585444788736934       0.33996704702577074       0.32845432620390791       0.27734515792134340       0.13779303968010637     
  0.29602499232384505       0.27700784005857948       0.35072239019470269       0.32283070400307978       0.31117425791275027       0.29675294208818448       0.32777926794070683       0.35512065951600547       0.34601672383405346       0.29515939785268780     
  0.17016765332307607       0.25185641693869415       0.17578850664829421       0.20837582254189624       0.16062019265889471       0.53104345532691544       0.35208325095966742       0.34257114132009941       0.29628873512446791       0.15387077527610160     
  0.27235791025029910       0.27841071391591110       0.29351090526283735       0.29182335372310442       0.29289188762709639       0.30034668151692956       0.30529306257048466       0.32317689626482576       0.30113637197562104       0.32365738977178771     
  0.18281674270346918       0.26909310544600407       0.19245242681300290       0.22407758182496143       0.17680238099191983       0.54587793603705570       0.36294219981564946       0.35678655309167018       0.31558954568853992       0.17081536140257747     
  0.27546431339582533       0.32486286935346004       0.33056661730519338       0.31956385363313056       0.30535728990540179       0.36195664451457477       0.31243692740286017       0.33515601440118298       0.35946464066946299       0.30902201128656159     
  0.19793477153282329       0.28621656512574145       0.20969148641609808       0.23949547707547403       0.19271629939130133       0.56048645865699998       0.37393205328896661       0.37133250336222451       0.33468483280885680       0.18772326310661322     
  0.36472223328527659       0.30549629006958606       0.32229683009772198       0.32128047008964372       0.29860139029266425       0.26736196977834448       0.35249662557200873       0.35000791798674130       0.30600173745398779       0.31580528559122761     
  0.21348433816657891       0.30285176737164621       0.22798221043384978       0.25483000712773490       0.20822713455182118       0.57386648258187822       0.38485623629977478       0.38545164773058355       0.35372106133210163       0.20433198812160477     
  0.37411357481260793       0.26218054655032930       0.31987872054451383       0.34707586906091836       0.35281490957914491       0.30616074051523345       0.34565784467750921       0.32532185469111480       0.33474617512158017       0.33221724556053250     
  0.22970862528170663       0.31918962548554103       0.24492301194388269       0.26977298967059787       0.22370884233678168       0.58709771343518302       0.39601587944062677       0.39942972027756485       0.37242045310120203       0.22090595299789706     
  0.29459527300061628       0.27796795439385702       0.34432218986893554       0.32168585379719983       0.41157446738455927       0.31502685688898108       0.33684281321339787       0.35609437471175664       0.33043886576168080       0.32449708687619139     
  0.24602021453961606       0.33457582307502037       0.26244103374442507       0.28456542094770493       0.23915466649905848       0.59876308347717133       0.40628671346653727       0.41269449251123846       0.39093334105683503       0.23825460199493634     
  0.40222474846100575       0.32451880073489603       0.36215836786804739       0.29162328887534822       0.28717621899534707       0.32352860315088611       0.30564476721258177       0.29195629869665063       0.33665864200691220       0.30622992867035559     
  0.26231890005545566       0.35018539912942753       0.27822327775515149       0.29942029578944895       0.25484398079767456       0.61086215558726953       0.41642944183417424       0.42599178333099996       0.40916818634736069       0.25549486400485055     
  0.31373544440283890       0.33899461168824369       0.31571510077997428       0.34180180940611843       0.31158603247462729       0.28465259794001441       0.28048764853671382       0.28841551939055315       0.38073092082564269       0.35287774444314030     
  0.27892107605606725       0.36546577215770265       0.29457985950286480       0.31400165706019262       0.27045677488276704       0.62197503002674437       0.42622730117609853       0.43937358599574128       0.42667045015575672       0.27184597038325575     
  0.38308674217082189       0.30437463681566357       0.30676874366261975       0.30469810706560307       0.33489140064365952       0.34208955883481262       0.32543669408922993       0.29564374799225196       0.31714661341795458       0.30233165473918561     
  0.29527546176179476       0.38091697476137854       0.31131572770556593       0.32813229467761929       0.28580503413552943       0.63342453689538769       0.43595273366727616       0.45282131433442752       0.44373083539015612       0.28798044480907092     
  0.31544935347325864       0.35795899678518178       0.34446558645645259       0.29834658246686768       0.32553549559018219       0.32821953776512669       0.38728350330764699       0.29007911572500228       0.36601388227499321       0.32383888688797058     
  0.31127357848487208       0.39509722804133746       0.32857226551686447       0.34220456478260963       0.30124816802654125       0.64415897539267386       0.44529626597488814       0.46646580096944368       0.46092208578996824       0.30446318167369879     
  0.39134666912438737       0.28721909977989507       0.31673298351095924       0.30511980073553913       0.32842707672107185       0.30918442758910963       0.29895063574914182       0.31495445696902985       0.30139060422746328       0.32191040252226427     
  0.32711004387295634       0.40897534467876528       0.34425615458750625       0.35606321834483362       0.31681012466129688       0.65486012449529507       0.45447437282420500       0.48016389662306524       0.47822537040064023       0.32097209967416035     
  0.30480674296985333       0.27583187264329206       0.32751453263823166       0.27116081230501188       0.35922087527882191       0.35019742695600725       0.32600163470476845       0.31988263380319859       0.36413439720527618       0.29010209076783383     
  0.34274830913347731       0.42296738368185949       0.36073767697052994       0.36976886898292483       0.33295172667568312       0.66498083805269514       0.46312232829417060       0.49357763326669468       0.49464551416559088       0.33740605422840092     
  0.34938496430122790       0.34243288997139909       0.34205077391049427       0.29505500814161789       0.29857410550858637       0.33716092600912995       0.33122193464943911       0.32997310145154335       0.29188791470540049       0.33600616816627799     
  0.35841640737374958       0.43754164688261160       0.37626354284934721       0.38357934154831624       0.34896562063362091       0.67508776429902306       0.47179149621986655       0.50695427537530913       0.51097842154743600       0.35389612122640318     
  0.30700474069082434       0.30929961548985113       0.30773029985591022       0.29613486869880667       0.30138521245010286       0.29728482215645985       0.34602329137342192       0.30194291055047839       0.34026728658857680       0.30221411817931371     
  0.37367347118089295       0.45157557565982837       0.39211556126548103       0.39788973868519428       0.36524447232625112       0.68588922720173662       0.48045715023680402       0.52035307025692612       0.52684912404467588       0.37017912015244403     
  0.27977733181986508       0.29526205393410215       0.38708916179620706       0.30313382951781698       0.31646354049994768       0.33917137976246492       0.34480266309526081       0.32692149800079062       0.31110792567498774       0.28958476669327698     
  0.38942496062532966       0.46537785603455911       0.40816995019730012       0.41239137017505639       0.38125206620778679       0.69681089254089146       0.48886310053572962       0.53420252599559970       0.54199801681580295       0.38626373235133493     
  0.32022799792699458       0.30218351292741297       0.30183840406799833       0.33293880068482640       0.29555875075177712       0.28989052230474760       0.31809908643149709       0.29499185865346272       0.29852589495385784       0.33588689052438753     
  0.40482654810474261       0.47850835167813022       0.42422077088436627       0.42717383177544499       0.39694329856154242       0.70653474491305668       0.49739849409589509       0.54821588755129991       0.55653428041083397       0.40182003901960595     
  0.32204142927759594       0.35336944124225567       0.31607044433897308       0.32514619545952800       0.36425668702019653       0.27481105508351927       0.28539405949507413       0.28743874350791720       0.27544352776833964       0.29510129806897523     
  0.42030931390736664       0.49144328484708188       0.43949916303752190       0.44228094477041990       0.41295149255677793       0.71623415704161175       0.50523630636807293       0.56207874588232853       0.57086302279228063       0.41752609160778403     
  0.29464873088069327       0.31694935141651687       0.29576857070419932       0.26146215984521887       0.34896479681995929       0.33068068008994983       0.30266504280647166       0.34690172070445086       0.34243179190207240       0.29638902755282726     
  0.43636809394001580       0.50469246449637406       0.45515808032356003       0.45744307242723170       0.42857527299807491       0.72508773299594220       0.51293975825783089       0.57477201107683851       0.58503166599912693       0.43377042499187946     
  0.30284837436924050       0.31212458957946881       0.31249622279676215       0.32262363768107050       0.33112153396178468       0.28878638192412331       0.28541946135988244       0.31215688205756825       0.35575756457176738       0.35292956026643857     
  0.45231534696650899       0.51391978915616998       0.47118168173725872       0.47256566172604536       0.44411575841202544       0.73390016829129223       0.52066355647037554       0.58734624009136427       0.59927160419326975       0.44974078134566153     
  0.29349062423871164       0.27340766449879556       0.33184379308967143       0.27819626944708015       0.32470044049490182       0.34072026020273832       0.26622806927909287       0.28829920993856401       0.32257793759770059       0.30675467408780738     
  0.46837382703635483       0.52290288191993939       0.48726479439138493       0.48826849164330133       0.45980235222666244       0.74286234972393295       0.52875578839619164       0.60055202285362652       0.61196527695138103       0.46546938411229349     
  0.32116554458775104       0.26886048988037980       0.34256804326620738       0.30246810252460038       0.32907004840162435       0.32298841545574919       0.29898356961602029       0.28416712951101186       0.26255148385981913       0.32471712174258149     
  0.48436180347771968       0.53193179169734439       0.50324715191292746       0.50426832350930295       0.47523035094749760       0.75201149226406727       0.53704921498337699       0.61426490969793812       0.62469824882328451       0.48138525525924153     
  0.28653105475270935       0.26025364619094082       0.27636969815696810       0.35821664985635471       0.30623974145092969       0.29159545589871971       0.28973036278076730       0.29612589970978487       0.32006315934779261       0.29261120951124386     
  0.50045992936326789       0.54062436335256570       0.51955859225701440       0.51960759736161988       0.49013875934421641       0.76122436766541168       0.54540199822450963       0.62307665087450803       0.63696087598634632       0.49727396197777657     
  0.35536548690038888       0.28015907119732542       0.32711006973542078       0.31963269494971042       0.32145159524444744       0.35906955169246396       0.28662834726549469       0.28519101387869517       0.27160027312805213       0.31113303358732963     
  0.51682160576940794       0.55149205932963530       0.53611893512031905       0.53484414805591773       0.50566784327515324       0.77023632576337941       0.55378913338256830       0.63174436790689437       0.64966457153419521       0.51337882965709836     
  0.34605007390079229       0.26943812075006007       0.29636922170157165       0.35088769242662576       0.32514600236214208       0.29098439774113433       0.30996586205892124       0.26198902768272747       0.27988476327233941       0.28798487056361011     
  0.53382076480527663       0.56456321430637568       0.55241503167350470       0.55015736372394319       0.52174419946752970       0.77886521438432854       0.56225520802399154       0.64039689525864474       0.66275311052556973       0.52935321052165807     
  0.36195521848484374       0.31357910195073585       0.36417854390595494       0.29618569834236025       0.28261154228326085       0.28076231223021464       0.30924756852059998       0.27084282561542300       0.31278307891578355       0.33433729040527999     
  0.55038709708123645       0.57786100129841211       0.56835700826168700       0.56541849110985665       0.53714491010481491       0.78749921660095212       0.57082693207705815       0.64907422936790082       0.67574974387688325       0.54538498952683556     
  0.32520914405279228       0.30878734441173195       0.34630405957351068       0.26707230436054308       0.31297246194091710       0.35640993434024065       0.31509407515147664       0.29293743912056797       0.28556695888120015       0.32483962811823824     
  0.56674632951407955       0.59155682286851596       0.58492632235975672       0.58101227956422263       0.55206596543056263       0.79558057001445082       0.57915832516752042       0.66009290144095967       0.68820002408686731       0.56191085430328092     
  0.33250215833197749       0.37378805718004426       0.34408926284016045       0.27220161969116219       0.34156279390317990       0.36305435433211036       0.34104071739878139       0.32207201952315462       0.26085999211144562       0.29508512159580030     
  0.58269365610782375       0.60498722927795057       0.60182378463058361       0.59676865226890785       0.56694043777408853       0.80380636606997857       0.58750556537959009       0.67313089791752301       0.70040966870527788       0.57860359803048689     
  0.34259279495031564       0.33543096211263151       0.33375411606026251       0.28337797852368246       0.32196433607114006       0.29593492785218084       0.32732131337522719       0.28973036278076730       0.27768520190170565       0.33494683567531947     
  0.59807602326559728       0.61809576934115984       0.61832685582960767       0.61290001769994606       0.58238066510066122       0.81181394721066336       0.59546484559957369       0.68626219852066284       0.71286281755158754       0.59532835670502582     
  0.31470534853319732       0.35225994377494663       0.33457643951771499       0.26908516380628750       0.31373897060188621       0.33278712212167971       0.31298573170401894       0.35439438749247565       0.28215480498318835       0.34416077814475221     
  0.61388162545799707       0.63111920311079606       0.63459502655354993       0.62919599608409371       0.59805595617546070       0.81971874329710903       0.60342520360611651       0.69937398098257708       0.72553776323653540       0.61153517430571958     
  0.38796871563197283       0.39985312393151190       0.34724095261708471       0.27088465950232793       0.34451031347893329       0.29693106070761854       0.36151179798483429       0.34650396741904371       0.28892491848961888       0.31598083877004485     
  0.62923951025737190       0.64406775287281681       0.65047913925582601       0.64648309434247708       0.61342717174008077       0.82753767644803311       0.61152291198277153       0.71219001488472311       0.73845854652924836       0.62716261668893281     
  0.35182524834113560       0.32970051364736103       0.29080044081906359       0.32414449067505097       0.30723881921490881       0.28918797763485082       0.32541382158998944       0.31901069139885518       0.29296544218587828       0.30121681545628209     
  0.64466496165972209       0.65688442487396870       0.66166267719886662       0.66375680036230078       0.62832435347193261       0.83520898190395354       0.61978350191909493       0.72493520030638459       0.75126075884638888       0.64345057833548913     
  0.36486704704437589       0.34019149969961032       0.27272752216395529       0.37556179192866740       0.29730770261430606       0.33947686726524406       0.30842023229066962       0.33441951302201789       0.27085161282123166       0.34987361825744850     
  0.66049002063506912       0.66954247706875480       0.67218110372965123       0.68138091818863389       0.64321945137030656       0.84283399340987564       0.62781988569800429       0.73773643118982557       0.76317684084150506       0.66034999123364468     
  0.28566358361371458       0.33894663978363887       0.25222493052278738       0.29138561118321049       0.34495052666298498       0.30668672600648544       0.35174949623269441       0.29181302168806783       0.29547986748290944       0.29750564489112463     
  0.67642965935630317       0.68232866220997046       0.68303962291036369       0.69821725627867071       0.65869187027481690       0.85044804672618635       0.63578678697035662       0.75096935178150703       0.77155123630914579       0.67703181102627941     
  0.31100697097025909       0.32082688944482773       0.26700816545429484       0.33858591003144972       0.28522319636460985       0.30998207956314844       0.32316008421885667       0.29113176919514938       0.27984803802639802       0.31497922187842797     
  0.69223296796748968       0.69507202096283749       0.69390494944777437       0.71408518008329069       0.67428444385165809       0.85792861029118239       0.64402690564294751       0.76467339302732273       0.77979221677675603       0.69366944971936095     
  0.30633143742779506       0.29916377133742433       0.26385188193717812       0.27154441347229957       0.34063625086038962       0.31442435229906157       0.28208959237946979       0.34837158637629134       0.25222493052278738       0.30307820332771718     
  0.70713165288138491       0.70747180330725956       0.70730654420325467       0.72997288548797568       0.69038449147559811       0.86539061131529249       0.65223857514604755       0.77815182403681693       0.78795063717276903       0.71038587735792325     
  0.31670511569199233       0.38072155434320659       0.36566735965331826       0.31463500290738061       0.29170225272915251       0.29199064353794868       0.38029075209699775       0.34050148216914294       0.27520123800927360       0.31488445481313238     
  0.72147395336449061       0.71962244065614955       0.72190270923055910       0.74652644094162390       0.70708417338710894       0.87274603171641574       0.66064030492091597       0.79151116591290982       0.79603727863101226       0.72722750293953708     
  0.28311552232033382       0.32839666380310262       0.34185338502413332       0.35557256850281588       0.37258841751343685       0.26821829135381281       0.31593785662149554       0.32138650150030951       0.25222493052278738       0.31046665545362379     
  0.73691139639115211       0.73200162116235201       0.73663475767518805       0.76367744822046157       0.72324154311560129       0.88011656849494124       0.66903945245437479       0.80422504518401750       0.80732451638033786       0.74371134141256778     
  0.35943949290613242       0.31065772875617692       0.35798894105629508       0.29256573560039739       0.33802460764820774       0.34399031511536776       0.33999463180727185       0.37008534325617543       0.33543618657927327       0.29078654528870623     
  0.75321054142330623       0.74482726834029755       0.75172523283240478       0.78072759306231487       0.73891413961372343       0.88747968745518913       0.67773653629513475       0.81675637541526958       0.81986321061224043       0.75974228769527052     
  0.29094225749148450       0.32149049696798632       0.30987953157487996       0.29571017455346177       0.29669315736486129       0.34487289242659946       0.35014738454709676       0.32725996664955631       0.33578894372046902       0.29568251822046582     
  0.76900230158570593       0.75831113124242011       0.76716879117323433       0.79831184450769110       0.75473647547780287       0.89468837260126621       0.68663145670245662       0.82839429413264454       0.83291449258043548       0.77660060818490251     
  0.34934419736169980       0.40048889194586679       0.32199398941138535       0.32691242442559243       0.31306450239214623       0.31330499233858217       0.39857995716566241       0.27913189451341741       0.39506291830954093       0.31193412789530595     
  0.78464516476239354       0.77214269422241277       0.78271537971035454       0.81629858874385552       0.77083331539932598       0.90164296148150191       0.69633123704135003       0.83981814351946205       0.84590848851280920       0.79355647632052662     
  0.25948601926434522       0.34999690731441424       0.32132923113654016       0.35239556807597439       0.31705465574109332       0.28081525695052068       0.35205125707065166       0.33681159178035841       0.33496278848997996       0.28664229501873167     
  0.80026389102161777       0.78601175424988023       0.79867735501691406       0.83326911542892579       0.78768460775224547       0.90854524810443937       0.70604228341798403       0.85193036403318634       0.85836359286413766       0.81174745664610715     
  0.34077192737498441       0.29402788700541022       0.31343553812617914       0.32369922356155895       0.34802300459849705       0.33160951760359020       0.41439033460260755       0.34018378902320628       0.32610481887086118       0.35862092465052348     
  0.81585642516926582       0.79988341070158775       0.81455885288483754       0.84978315521094339       0.80449060579598841       0.91552216438066503       0.71591458799916163       0.86420743761792684       0.87064200458062269       0.83001002424544912     
  0.29568406682873477       0.34427869204624278       0.30192572624935188       0.32548688023498107       0.30876402819168963       0.30587836205988372       0.32411696512975041       0.30924587108885387       0.29037238789085940       0.33451024876595181     
  0.83116988958599503       0.81467854290064801       0.82995226249044474       0.86572679921108742       0.82048385404096658       0.92246923934301150       0.72584962315172297       0.87611634449279019       0.88214891282433938       0.84674136915459175     
  0.29426750903464605       0.30542669255746269       0.33869368528446475       0.32012952937829531       0.38279864785819395       0.32258295407746207       0.34798862360553107       0.34114866760810553       0.27217202477105495       0.38222140539886368     
  0.84646490360608562       0.83024734609464312       0.84534757250781967       0.88145218062508435       0.83642963394532854       0.92953136777763545       0.73656029118728283       0.88736491565230757       0.89326188433369724       0.86293083193849107     
  0.31094829786306621       0.33485580594654663       0.32603973956880333       0.30483218203789170       0.30631173804422512       0.31241788862258746       0.32829140194404927       0.35725984743943684       0.29537753987421844       0.30200564349463627     
  0.86201532199873254       0.84530781809250211       0.86114910802633882       0.89769320197420455       0.85244419874429778       0.93649587851267990       0.74736670406611183       0.89835192940914810       0.90402088284513760       0.87915107381302215     
  0.32153240997923149       0.33945327020480370       0.28372229342320571       0.31321423312413244       0.27759612795926053       0.31980610590796654       0.31936270309042902       0.32184161824888458       0.31225954963360586       0.27675066135523185     
  0.87788407177440175       0.85999165828016666       0.87700610478863394       0.91407137762614277       0.86836365667936111       0.94338073823835400       0.75848058154945752       0.90945399270840799       0.91500142077032820       0.89470531466785719     
  0.28032818947657989       0.33253087306843138       0.28402671734734469       0.32609992836915780       0.30148529384819606       0.34342091715508272       0.27528462264111747       0.28960638202500144       0.31053716095372641       0.28813748174037385     
  0.89349354099830691       0.87502417851568437       0.89252667144267228       0.92457724646073391       0.88422933597641307       0.95015919885253364       0.76994538621086961       0.92037404684363466       0.92588076684720233       0.90927371828523196     
  0.33750481085408951       0.27632014081158063       0.29192857349120055       0.32128275455951832       0.37748934863873340       0.32837151990518282       0.31923209431668342       0.38923083717861678       0.30312820747131525       0.34141188789978472     
  0.90835447655173418       0.89032936996259193       0.90800674602379805       0.93418397004080500       0.90034317696530231       0.95666485252218358       0.78308061421836805       0.93142692977491970       0.93666117882956335       0.92388311093123332     
  0.33362959032534950       0.38358929763622562       0.30708216414707507       0.28897458995436098       0.29010596367882330       0.28948958156938948       0.32847589147951461       0.32989847005016948       0.27554891878693610       0.31224716939702823     
  0.92315110571446068       0.90669224923232383       0.92488834020467192       0.94378779394769541       0.91608078485791633       0.96154656385891524       0.79747579406142122       0.94306586963471251       0.94780827054694139       0.93809366459166310     
  0.32813785195454032       0.29939577500035963       0.30896282535646497       0.31780041796878544       0.27015075796684523       0.25683644663780758       0.33854426458293385       0.38753390532486715       0.27758349434085300       0.27705365274180754     
  0.93797904598004811       0.92362178217918378       0.94164349451005747       0.95246225925438133       0.93216164986417793       0.96688143784461522       0.81523237626349854       0.95487672850779282       0.95908118245103580       0.95244785172057900     
  0.30399495372108948       0.33089607215529149       0.31333896020061069       0.31251677812512513       0.28592252778978205       0.25222493052278738       0.34239616448848681       0.40033971332567964       0.28193883793588614       0.28357099329324642     
  0.95411104105845446       0.94134044601348277       0.95611289011421774       0.96237157021349617       0.94865458754314258       0.97240208349954993       0.83621550620926188       0.96634485643410817       0.96974439714022054       0.96479869151540132     
  0.29717509520066598       0.34697050954291581       0.33800685721382406       0.33484640542820837       0.30738135747070527       0.28102050094225567       0.34946704542807105       0.33425362246303664       0.28130239369101540       0.27271583011046147     
  0.97006960499513772       0.95933591134030827       0.97063478873662334       0.97516687240328137       0.96531586988956597       0.97792681583378260       0.86440007491115267       0.97781817656710723       0.98026221659314250       0.97725423118614296     
  0.27731735819624381       0.32030706177374657       0.30035829735524783       0.39025820954947599       0.34012527084942090       0.29651971508359137       0.31506709832311514       0.33004623549314061       0.28241558137933853       0.37735739584207412     
  0.98508988457908597       0.97986968458648338       0.98509652379684287       0.98781867848300509       0.98265551911360516       0.98802295137128004       0.91505604113072692       0.98890733726456292       0.99019159293508352       0.98852768298642057     
  0.27103271796097772       0.46823255384620471       0.32333879203044769       0.41988196751121465       0.38433216397295006       0.37458503814576938       0.32856927507141748       0.38271383196541253       0.31140068634621865       0.39627247490910456     
   1.0000000000000000        1.0000000000000000        1.0000000000000000        1.0000000000000000        1.0000000000000000        1.0000000000000000        1.0000000000000000        1.0000000000000000        1.0000000000000000        1.0000000000000000     
  0.36782169996789454       0.35525691097044287       0.27388702305717788       0.48793299419324138       0.35954135002093207       0.31597349206791003       0.26603626919326590       0.29544596718283028       0.41083475613939696       0.51059696613077410     
   3.2885683222286470      -0.64123439416460037       -2.4275964541456778       -22.964203736986850       -4.9014246627711229        0.0000000000000000       -4.8308159481635879       -2.3260875930817644       -5.9178539331416049       -3.5741930407450111     
  -1.3405804178174103       -1.6863864024163742       -5.9193944461901564       -17.168562942609231       -2.4686197273728592       -1.8400809508331546       -2.9281068406128545       -1.8342977104190803       -3.3348800683664561       -5.8143839039592740     
  -6.1884363516635696        1.5338191953543723       -3.2388631240623149       -11.345091364492232       -5.3487429928762475       -2.7160472665480504       -4.6982807023971453       -4.4197269018409893       -4.1942692669823654       -4.2222519480413387     
  -4.0099319336609742        3.8837867524800163       -5.6007161903045626       -8.8043052991826816        1.7690986987006410       -3.0547977168092091       -2.7162241136070207       -4.3816250220733126       -4.6339665521467257        1.8453592495692550     
  -4.6962972445583979       -3.1390259939033434       -5.5992023090098186       -5.0584031844802446       -4.0835596208593046       -5.0363155578318786       -5.2399397115780992       -4.2606087512414490       -6.5232501570936003       -4.4885355459366290     
  -3.5451830882971058       -6.1792170274821405       -7.5131069071509418E-002  -1.9067814496415696       -4.8619496655488605       -2.0645842951395488       -3.8635354417368579       -5.6527791582200440       -3.6532057836841321       -4.1033007858803137     
  -5.7027139373092357       -9.3186588959001995       -2.0408690950303825        5.2696247082401522       -5.0576574658086404       -3.1464285593794155        1.1494241163093075       -4.4691601851532443       -2.8774695549792360       -2.5374186311122764     
  -3.7278641778583923       -13.780598882898126       -3.5616526771957839        21.866620498920323       -4.7050977220330159       -3.7379059101315963       -6.3962158044563120       0.55869838403626915      -0.39183568225931986       -4.1019218205800243     
   1.1179804398934832E-006
           1           1           1           1           1           1           1           1           1           1
   1.0635845708593791E-006   7.3924951292571043E-007  -2.4424037808066624E-009  -3.9435772767730337        5.0120165486164133E-008   1.8351605412192757E-010
   9.0106595257838941E-009   9.2243407487997732E-009   3.8342796171429927E-009  0.27870154674410896        3.8275449076512330E-009   1.0847211147987577E-011
   1.5352133122577331E-002  -6.0666779587130968     
