   0.0000000000000000        0.0000000000000000        0.0000000000000000        0.0000000000000000        0.0000000000000000        0.0000000000000000        0.0000000000000000        0.0000000000000000        0.0000000000000000        0.0000000000000000     
   2.8094282538948950E-002   1.4686177035797159E-003   1.4711396445142671E-002   1.6962146589546433E-002   1.5871683228580402E-002  0.28618633062364879        8.3311182753842639E-002   7.6621326674039009E-002   1.6161063542518887E-002   1.5171208734852941E-002
  0.43222449607116181        1.0442711979574621       0.58478987116844083       0.57388274261558569       0.52715090725163871       0.92157363099819323       0.38649284732546607       0.46548820762413229       0.85069197769325522       0.49296126795437306     
   5.5944266221532798E-002   2.9654563547750019E-003   2.9357904793927678E-002   3.3831738665283523E-002   3.1267147538036284E-002  0.41829801772691499       0.13444649489175173       0.13737770300943883        3.2908123134570672E-002   3.0681309730551682E-002
  0.57071203731577635        1.1389860351659460       0.67724315965339654       0.57454946668511542       0.54238375007127915       0.98004818891447731       0.49526238433716152       0.45869768807073957       0.85588883509696623       0.50238287157870254     
   7.5756985229566323E-002   4.5213093154731245E-003   4.3584341839993004E-002   5.0450393926431115E-002   4.6520990221232600E-002  0.46716091829124773       0.16046416498268634       0.17640323101128844        5.0600957780503164E-002   4.6948109761105500E-002
  0.54961097699098982       0.90363054061996506       0.61459379794253310       0.48950047478020003       0.50143638161278792       0.68758188852860636       0.53907840968397280       0.60830217936171738       0.98821574299024850       0.56280696669061359     
   9.6559707636830167E-002   6.1152567016051085E-003   5.7554539053662056E-002   6.6780575077809198E-002   6.2410213537847190E-002  0.50072966071747249       0.18063189754936912       0.20721412014761359        6.4455884450586032E-002   6.3612280589131112E-002
  0.54246006157487225       0.82897627435176291       0.57703323064747669       0.47072441871129611       0.53021850020051031       0.51195374833749008       0.65791813852891767       0.72176875701885135       0.60886040859584911       0.54240403346059518     
  0.11523593012211811        7.7959929351051060E-003   7.1659338116224797E-002   8.0501394180293354E-002   7.9186910450092990E-002  0.53129217882810675       0.19701180262958898       0.23248793179455235        7.9235504197148560E-002   7.9863090708812770E-002
  0.47868204215786470       0.70764940961171241       0.62155038295687493       0.46174958177027714       0.60170315093019844       0.52078351418486091       0.50224159918321432       0.83408935704198173       0.85510271211613997       0.54828140399589842     
  0.13289601777185872        9.8397197374072778E-003   8.6151551257745720E-002   9.4609131255171591E-002   9.5127125638571799E-002  0.55631866661823315       0.21225960668186966       0.24985674831729116        9.5754252627309841E-002   9.6047589667162009E-002
  0.58160309276535804       0.75356681802566383       0.63503581425970723       0.45694311259565507       0.46848921554470757       0.45730876288133065       0.46944424111888639       0.70209690778473854       0.78533206216838092       0.58755556964528444     
  0.14594042930407475        1.2003351431098066E-002  0.10122460972689265       0.11095420843490310       0.11040823176608547       0.58059089461774949       0.22692733357076841       0.26306691283212891       0.11113773278666134       0.11117473679819237     
  0.49523728183824611       0.79387415508915449       0.61694547204092909       0.51924523222155861       0.51936507647058183       0.48075500274031097       0.63216357183307614       0.63096360540321661       0.69567365386377233       0.51791502805093437     
  0.15892835201742947        1.4161219486915047E-002  0.11646953599139544       0.12657615311554707       0.12500787806882821       0.60527326002452930       0.23993068250572477       0.27471382194435695       0.12703246958982389       0.12657955299633550     
  0.50784782943987294       0.75866950086943041       0.53964270315334839       0.53243973854722038       0.44454591715705116       0.60311176763056440       0.70904756365024102       0.58281596678208702       0.59062140464166568       0.56789319199873844     
  0.17145343656302658        1.6321323193423411E-002  0.13006258950794036       0.14111000177220245       0.13870040546420839       0.62734262501228932       0.25193142598411938       0.28568379206418859       0.14563057309745325       0.14130076300820027     
  0.41806654245701252       0.65683991741048964       0.59543311694712664       0.49426539564964200       0.56863565450889608       0.48887490613094464       0.51760136471309659       0.56273141790993320       0.68396910677571343       0.63544483274162822     
  0.18357430627702048        1.8554115653735884E-002  0.14249506634991396       0.15580630378626723       0.15259702191235747       0.64867359938292535       0.26309592378733759       0.29651420279799529       0.16523027670073867       0.15560686075673241     
  0.44141088292359848       0.68526055601142333       0.47552124621122832       0.43676510425234477       0.44513515829572015       0.62722550801246535       0.51883232174060523       0.70352980454655134       0.68124609888565701       0.48540327718871973     
  0.20004557681473675        2.0954555919549197E-002  0.15530583121680505       0.17117804693585431       0.16670720246782728       0.66537702359864870       0.27385824518178847       0.30682651556316803       0.18300462638289905       0.17017070668918746     
  0.59783914695798845       0.50106530987578424       0.56837704457883476       0.59987106283849956       0.48146143098035826       0.47412202345266569       0.58000587071376553       0.62108486724704060       0.77277898018409341       0.59628489565449461     
  0.21578117356159288        2.3509094693301057E-002  0.16842122216756561       0.18723375828748898       0.18153017412073669       0.68208179309611305       0.28387335186141271       0.31705319916441643       0.20060808432235255       0.18449985926983317     
  0.45325684351127737       0.53411339815940329       0.54287642486022003       0.46951417738063617       0.56370406181772037       0.51729792078372772       0.54873100210147996       0.49770998082888224       0.51073226439831076       0.51662441261985892     
  0.23206122304569729        2.6109429087113660E-002  0.18203889679671423       0.20123562370280043       0.19717118374834977       0.69704318862998449       0.29343645803202967       0.32717021733643731       0.21797702461514173       0.19972582442159653     
  0.56690348349058173       0.52223458558955205       0.56513937271823600       0.47401012830915079       0.52793000084837749       0.42244190494494033       0.50504910100736444       0.46615354824654059       0.67384606330822794       0.51524818879613832     
  0.24877645159301132        2.8752116626996144E-002  0.19570107478828547       0.21596356664374083       0.20976737192662276       0.71174196863673389       0.30235806042253788       0.33742479112670665       0.23480340908460878       0.21488354379786700     
  0.66070727787053629       0.54507826456963515       0.65053712839198041       0.58815792408780976       0.40965582407752621       0.51078292185219420       0.52157096885541920       0.50999379230036601       0.55081911214186308       0.44980338912249335     
  0.26549212332755207        3.1389311346000585E-002  0.20972056269074454       0.23325157953765066       0.21974819747086760       0.72491727112346360       0.31111066242914875       0.34785401139620886       0.25285537917337692       0.23100747107120750     
  0.47953742121943105       0.48556453704879571       0.53519637045553481       0.58437840434043098       0.51361535809614889       0.58576105799119915       0.53329325411610506       0.49167059839683414       0.57942975056400670       0.63607972669060364     
  0.28240219408130063        3.4196125258480668E-002  0.22472488403680121       0.25066299016690963       0.22985687442029476       0.73777210393442805       0.31973628666354098       0.35792794740277922       0.27135930216884763       0.24775522613438830     
  0.44657310392381344       0.49635913767391032       0.54214057605798216       0.53364520335798460       0.43963732800635469       0.49597252512191864       0.53481981271644352       0.69737240621078467       0.61385705457367634       0.47134706109739299     
  0.29905858732879315        3.7010315444601448E-002  0.23968436038884863       0.26733821140532538       0.24032321356054476       0.75041278101444320       0.32852869734497253       0.36788754785854150       0.28828479433208887       0.26533786501149631     
  0.51193673297635667       0.48691728634468789       0.56947262178261260       0.55881231634256867       0.47765398964198919       0.53116864445342182       0.58339734524837950       0.48701599895940290       0.48838483853908815       0.62190053481127738     
  0.31572060275716518        4.0100615294597686E-002  0.25433680922730167       0.28393559128239665       0.25260332440958139       0.76217598193503533       0.33695377029209117       0.37768029954688631       0.30537376159719226       0.28311471488842060     
  0.52722801964273824       0.52049216184551494       0.56059844167647011       0.60688451277324040       0.50392310835420617       0.46160834938351608       0.51797291237413734       0.49657420437974342       0.52996878543337866       0.52732182625869872     
  0.33221535018436477        4.3214952371403083E-002  0.26838714812115799       0.30029501074101128       0.26858426476005842       0.77254232773977505       0.34510503718246877       0.38769406534496992       0.32039743942617871       0.30046783526635557     
  0.54740988761652498       0.58103323950283514       0.53443587694653105       0.50052231497632849       0.48116327219673366       0.49566789253361659       0.59643380711302973       0.49441191637659532       0.51574027863686589       0.55089941403905307     
  0.34827828065857896        4.6653659071007041E-002  0.28153692091993743       0.31732159623001388       0.28604923950969291       0.78225130615107707       0.35337364386618647       0.39693592500857289       0.33610746296421118       0.31782712974902860     
  0.52871161766527530       0.52109925350525799       0.57930494503632546       0.44758627497177622       0.63469106877796344       0.46692672187275297       0.57906778244130452       0.45593397159418514       0.54881773078541540       0.51207748285986110     
  0.36492349026258153        5.0208069923873319E-002  0.29447689213209766       0.33518026683572388       0.30340084330892231       0.79164754726925357       0.36184922675272380       0.40392775908034423       0.35483669323273215       0.33450988097712331     
  0.58017050395223724       0.41902333222322424       0.46191724797976919       0.53126500439986091       0.55384551199429588       0.42236199110926104       0.57107195168478742       0.43131497112789052       0.58493148755386337       0.52634558455330338     
  0.38114339496392619        5.3845170065716645E-002  0.30697255537695239       0.35244637794632933       0.32025571940235864       0.80099515977600499       0.36969490947754846       0.40994306426317728       0.37273823826721642       0.35179461568512782     
  0.55101484139078905       0.54280969520738853       0.43960886197653909       0.55600833557751905       0.49027200338188875       0.41414269526216424       0.73792890293814883       0.38336663983362207       0.56875753268323892       0.49077660453221245     
  0.39702377454558718        5.7504393561542654E-002  0.31896786229952850       0.36911353650546380       0.33658869152586085       0.81009547588191000       0.37733488039461194       0.41680416316204361       0.38886512393453843       0.37061206200083313     
  0.55142202285431408       0.51967339099236609       0.49444550420972450       0.57569563093685416       0.55700174770010091       0.41874591513658321       0.51939175291180328       0.39718657867150481       0.41423373042254413       0.62891703018563871     
  0.41269172917963687        6.1474880266407690E-002  0.33048723408541941       0.38516307243516346       0.35289895259889920       0.81898331498712162       0.38630106759885474       0.42375012834161568       0.40482551421673191       0.38839432266204721     
  0.53295366702211644       0.43664224531203932       0.43740423510291460       0.46493641786576745       0.51109777554053981       0.49359634707755395       0.68000051240671722       0.38680262462817200       0.47877663165186152       0.54108511021563332     
  0.42847725953027455        6.5711990146137003E-002  0.34381925150474635       0.40129586103862103       0.36934269890060073       0.82802664178184082       0.39514441121372690       0.43205289857999185       0.42018251261576711       0.40503875670616668     
  0.56479595101312874       0.41522456256154372       0.44305361100403923       0.56716298195854142       0.45823452371132789       0.56917016719422853       0.53374235232226619       0.56098886413073534       0.43962851080140741       0.53135837173593514     
  0.44422298593678400        7.0147178317174916E-002  0.35681793242536414       0.41774776471049274       0.38535491740147315       0.83589581823913151       0.40376475333006417       0.44319913268624467       0.43563506740941954       0.42114899890505236     
  0.48609642445716428       0.47406658942992519       0.51390288252764937       0.62113020604865221       0.57920105889086249       0.40623360304489392       0.51421573924340847       0.52726192783503911       0.52724382746349330       0.45272505555495096     
  0.46075152499615574        7.4703332106219864E-002  0.36993205676970209       0.43435031189417472       0.40073568081057015       0.84310587314612573       0.41230238625019272       0.45493250480066316       0.45186250783779142       0.43652213128210171     
  0.53599717620914111       0.45509646278254118       0.48832822643209223       0.53079099064348512       0.48068944420719145       0.44131485006555282       0.55847819024475021       0.50142372316141148       0.54064722914397934       0.44089905818179825     
  0.47764650831791022        7.9338226925753166E-002  0.38291207879286482       0.45015876330906396       0.41571199726400693       0.85005810262806669       0.42050282057102600       0.46751326665515430       0.46814847731561282       0.45137783767373757     
  0.54861207330990369       0.47146133489069836       0.56179992589218153       0.58699318049819971       0.53206197064399463       0.45263658908722137       0.59986383168551427       0.54615586799424198       0.42204612377162609       0.58211170393383649     
  0.49413464980733579        8.4004748510460012E-002  0.39760526236148103       0.46599331459095533       0.43138146725071591       0.85688436437160698       0.42844275734347387       0.48054778303204704       0.48498864639939582       0.46514788730917256     
  0.53470578466567797       0.36813143432004442       0.60137363409840083       0.46915875192305229       0.52398094619437974       0.45951330392127115       0.52380692297683040       0.53114652207042234       0.39742455707042673       0.51959983568677937     
  0.51043058390649843        8.8904491417736306E-002  0.41172779478935506       0.48007089041319767       0.44858039279084555       0.86293433008471832       0.43639639755329673       0.49461345344062402       0.50200944638782419       0.47790841612552887     
  0.51964158085999290       0.44811715525747031       0.47844511525985639       0.46595863964598155       0.62369514968684669       0.45098560013263039       0.65098973724454223       0.53534947794881482       0.44339827023024836       0.44430374379563403     
  0.52533677188645866        9.3985230147207444E-002  0.42593358775130147       0.49360007731611460       0.46632063426323617       0.86890974490724782       0.44439099664356052       0.50833687734925870       0.51852415079937098       0.49016175875197859     
  0.44649321156472510       0.50502050571763624       0.48511828393228296       0.48678063481081968       0.55850145463238787       0.43591481862059145       0.62185420776929501       0.43401048408640436       0.45928181493837350       0.56113079722260950     
  0.54051170692559580        9.9760716970339613E-002  0.44019946322011072       0.50944855131588695       0.48278885626274654       0.87502450809559496       0.45195523193424342       0.52147752767894295       0.53484619469142325       0.50300664858640809     
  0.41900515839495134       0.43929463660323886       0.43289756500735027       0.56543283837200586       0.50618474065347818       0.46008160001071102       0.56230222834947619       0.50920176949334273       0.42888896902768858       0.66268677246613428     
  0.55623302544621755       0.10611471177540316       0.45568498076904596       0.52652165064723178       0.49895440204551655       0.88105142588464824       0.45903342235062561       0.53526095773585258       0.55083541344751674       0.51502397657370691     
  0.53434169904854123       0.45205311312061924       0.60694716628015477       0.44908642052315001       0.61760900678561481       0.42984741921824887       0.48651983084645944       0.53525900678491189       0.51473652269329462       0.55495105002025547     
  0.57144083924268241       0.11277593381166980       0.47113977174552768       0.54232723642644820       0.51400189897182047       0.88673945677944188       0.46589540563006399       0.54971941437482563       0.56660895038984960       0.52523463589546493     
  0.52266738066011664       0.58198826170270390       0.51975664265685040       0.58523930206366681       0.52805647442691561       0.39329655262195157       0.51187747770742353       0.44709499341954162       0.42282524752058076       0.52057605310791732     
  0.58626705020547920       0.11945101762507680       0.48617282830705078       0.55742872987289216       0.52906029940333643       0.89218153281180235       0.47242184414982952       0.56451805763583396       0.58272594386303855       0.53580245775892943     
  0.55401987334090763       0.46782187816006671       0.48832259895731073       0.55324205560385220       0.57163117519939921       0.46947842204943591       0.47505881406724065       0.47643353416065176       0.51057782513320193       0.41108820281589792     
  0.60103787209493253       0.12613874920704224       0.50140683402293040       0.57256194788601578       0.54376593121374150       0.89699812936751400       0.47882634927780016       0.57925708709818924       0.59573067351036135       0.54637588536419668     
  0.48893952717194450       0.39345669628593316       0.50850614493997293       0.61923206240832485       0.46820143254462393       0.40802497532068926       0.46472158383802059       0.53021038227565198       0.42500060688818436       0.42996933437065976     
  0.61610041958142048       0.13275256174413788       0.51671921286785705       0.58812792001030434       0.55830037954510070       0.90182449892635008       0.48526864216144433       0.59235102891759339       0.60920420255334817       0.55841269660226178     
  0.49865152953433661       0.48203403320778143       0.55164933389253823       0.55925871628388357       0.49089370581380271       0.44865819485336539       0.49858438246632941       0.65076806760748429       0.42900722643960687       0.51867364992527110     
  0.63115431697002788       0.13997528143332005       0.53222385364108149       0.60468409841846016       0.57371548920455528       0.90660626725504845       0.49206040490345038       0.60464289955005490       0.62296672801937825       0.57424483127469717     
  0.52922903035750768       0.39907390422421934       0.51043316719973764       0.50056553883857591       0.48151935259324008       0.50266365658480217       0.42603915184671737       0.46006701706230019       0.42283975193257484       0.46859953887631006     
  0.64632570695794667       0.14755779119391638       0.54745860225667542       0.62136143911868269       0.58941670441181915       0.91127815450830252       0.49932095389137954       0.61779417483967380       0.63683594984474234       0.59034988211903328     
  0.43168627392422293       0.38076096333194098       0.47550887463837455       0.48613713506307765       0.49920344467154038       0.43696755600700715       0.43601693766615585       0.38642402999931386       0.39486220970345809       0.51046298678578594     
  0.66113088843974110       0.15589679876191806       0.56290605514279612       0.63732861738398316       0.60584165962632719       0.91587334509419005       0.50715071096658848       0.63203948878603700       0.65133833808398256       0.60734353648190620     
  0.47740473884078616       0.42765696320604607       0.40089502053408793       0.63320945612805557       0.50894506399216821       0.42912970476724999       0.53950387731348748       0.52277749990337263       0.41937315258040936       0.48592811901432853     
  0.67637188493992040       0.16441462505776022       0.57729842245920004       0.65333281693742151       0.62266194096655336       0.92052327313162741       0.51542421224856017       0.64674480039277393       0.66591074538567885       0.62364384462465261     
  0.51157466478066760       0.43441777600741321       0.41376776066383908       0.45167068414191941       0.41871685726698860       0.48611749505107915       0.54965602032538630       0.52899854704799543       0.47588738672903880       0.59347087923529496     
  0.69184882127601743       0.17349651898720103       0.58775881804733665       0.66959688272078011       0.63925962085633792       0.92507989423738402       0.52389159162186549       0.66122279152691787       0.68049433086096733       0.63972917679926633     
  0.55389636521599539       0.39134300004317146       0.44601971846293731       0.61864505207881104       0.56656041051903061       0.47770882546028143       0.47047566478626118       0.48017059679087970       0.42532671672053929       0.46884171967439292     
  0.70846368271165394       0.18303814326139420       0.59798527260015588       0.68683396492893733       0.65542471658397605       0.92950863097025349       0.53239693760011819       0.67589767097473352       0.69537680833360260       0.65601808402483985     
  0.55149374515780136       0.51088885144687213       0.39278169865990442       0.57818045206806612       0.55266714663668226       0.52505852298692934       0.45082897150575085       0.51850104908424288       0.48540575298273786       0.45913596877420393     
  0.72547081103707267       0.19431481847341367       0.60820158697397753       0.70347440576078979       0.67137263442554451       0.93378664665687960       0.54070303952085563       0.69058255864103035       0.71046741361936327       0.67266795075800967     
  0.56985655390627288       0.45748545096385163       0.42819048151445543       0.59825607444114048       0.48319729873432032       0.59881158825584468       0.58734799763438617       0.48959285852337514       0.39215920928473419       0.51958064639729562     
  0.74088113387395749       0.20582131596713749       0.61836013850664184       0.71558743559588389       0.68820998404309430       0.93793461714701909       0.54921623939080577       0.70559808826236459       0.72562542614755787       0.68891943912408271     
  0.62425495006253173       0.44490005484387135       0.39479798003648359       0.47183305975434481       0.51437754462173413       0.46555289406105388       0.45649693789727358       0.55813805371237057       0.47032623254826117       0.48609199371453221     
  0.75576435162969136       0.21925740133835628       0.63335232479844317       0.72743641130551917       0.70569642335730665       0.94196414707086529       0.55816380355039674       0.72107446507824846       0.74083100242298017       0.70433689456026560     
  0.49622501806103020       0.48251030463119149       0.54042923334793969       0.44387210013107659       0.61194917166639673       0.46820555904127076       0.56403614005268088       0.57957948179166752       0.49188300237924143       0.51050643030523335     
  0.76935137895877703       0.23320048532910592       0.64851142008680607       0.73927373117572293       0.72280060658627976       0.94592683771631858       0.56805602003330635       0.73669006666971482       0.75646777878693816       0.71978731297669607     
  0.48647061057420604       0.45861596629875462       0.49486854866327473       0.42509707203530900       0.50777924002167107       0.50987731776971268       0.51512126893444654       0.48823452556531233       0.47040790230648127       0.48815170318634671     
  0.78227520718498844       0.24885730251665261       0.66465779653362855       0.75125383945835977       0.73955617998931800       0.94958043704053252       0.57822956771643130       0.75268219175235251       0.77255081625604083       0.73545796956012643     
  0.49462346402209989       0.49105322200315366       0.44791702309177367       0.44831164175673377       0.49758934837687019       0.47855235793275852       0.53246149906733142       0.40111457195493982       0.48124630789145328       0.47585944203981945     
  0.79606458905401534       0.26557918967947197       0.68081387382639791       0.76563594637644883       0.75646462680342974       0.95272284371099625       0.58869317375979058       0.76808011914500496       0.78844441028016132       0.75144693459703982     
  0.44346311523251236       0.47177087271844198       0.53966315264412679       0.49853222660576407       0.52983682585070135       0.45926680569976042       0.53176363344362176       0.47530278375076007       0.48709555583551539       0.47977286551353676     
  0.80950786390939666       0.28398892953088839       0.69764995636088944       0.78035691519122929       0.77374240085497969       0.95578289656609028       0.59949575025550805       0.78303238361293603       0.80424886845374655       0.76705694251816470     
  0.50165071668486394       0.41414399502034227       0.56638765884887343       0.59666239355392126       0.71213082940007133       0.47085380770781904       0.69121895687393264       0.50559215850126693       0.43485238273913374       0.48112255797947245     
  0.82359142658580820       0.30472002106046697       0.71390306982209106       0.79531714653544128       0.79017696752062738       0.95869880878023106       0.61032227940181916       0.79919862115879770       0.82010726852770388       0.78245247972741239     
  0.49601796344211552       0.44184080693009981       0.46310372068495131       0.57774536304868751       0.50377097709149110       0.44869485291897415       0.58532548161418685       0.53142459754480598       0.49802539795152367       0.40182230518513029     
  0.83784199999620868       0.32716368118406569       0.73146924806104519       0.81123470078174809       0.80648817024523789       0.96165778882925101       0.62161611778487857       0.81584499273512123       0.83574851368731873       0.79832808389028675     
  0.52134532282646584       0.54100644668802633       0.47219193379069196       0.48703406027165963       0.53993183566850722       0.40593048817204780       0.51233904179855827       0.54102023405598654       0.39868004422353764       0.51189038407141230     
  0.85206579421711071       0.35264774271248484       0.74935945703371487       0.82692878053565799       0.82055058143973714       0.96464728672725464       0.63035332630125995       0.83308469682095210       0.85115659550921008       0.81521568599334016     
  0.51689377566307071       0.45392094570155322       0.55642897945514203       0.52287991364616748       0.49747413928287754       0.54324603530627491       0.42829736693803372       0.56742867779946415       0.51549437323681857       0.58140335073814187     
  0.86658855318137817       0.37924253964288074       0.76696131343063689       0.84264740533088034       0.83390470615718981       0.96761788005366245       0.63879628078240247       0.84982223964190839       0.86663147997185885       0.83222645049067068     
  0.45941451302641390       0.42711313272940138       0.54059215516344694       0.57270357499668190       0.47785386601444041       0.51845800785375140       0.40287489599214632       0.58916001204190249       0.41586857420135548       0.61882809683551698     
  0.88126079424606429       0.41249758832444544       0.78489135104447705       0.85744764423295428       0.84978983006883635       0.97071186461902881       0.64876765338779296       0.86634545155582110       0.88195013852415383       0.84824962398052639     
  0.55017623072905242       0.54332957585035913       0.58940378306948982       0.50712895968933314       0.54631837889639401       0.62360388825382573       0.53227099500299946       0.50932865514682324       0.43932222361911322       0.61615170370225170     
  0.89555767970643818       0.44699318805865546       0.80092741239271281       0.87268923410970378       0.86555548634142943       0.97377871785840431       0.65870071757578719       0.88250062069640089       0.89742107020559969       0.86442031024837818     
  0.57203567699789137       0.53242985593446390       0.47587001300464149       0.51489013162440034       0.57663995469980123       0.59410271417056737       0.39153259287066478       0.51425930519249163       0.41625019589091944       0.45255041384551742     
  0.90992672228209448       0.48534975147714338       0.81609380937428500       0.88730423379471290       0.88292019395531773       0.97691040643077109       0.67007230415811214       0.89689668731386740       0.91264760216198038       0.87976660570777254     
  0.56419673376610602       0.46356120314441868       0.55908689617757412       0.50207601310883110       0.62841155499551427       0.55949810995844906       0.43511529229103885       0.54009540718725157       0.42877279303291316       0.49856934264075159     
  0.92380031039275579       0.53629055657276969       0.83410083576810234       0.90175601383131021       0.90067462219524119       0.97989799984318326       0.68397820723494573       0.91064039530630492       0.92725643453812756       0.89548941549634353     
  0.48345370760023582       0.53182282147114801       0.53664840572792605       0.46757379357177808       0.51666642153004849       0.62753376972554431       0.40234526880111987       0.42629512034518730       0.43623870631697004       0.57026306331780596     
  0.93702218354061273       0.60077211035641109       0.85331752911592962       0.91769825396062465       0.91689251006188499       0.98288932344457203       0.70152040791851988       0.92483263244903269       0.94122817958224669       0.91370049740510151     
  0.42595361385023550       0.55756189892135544       0.51673889156236597       0.57650698675331136       0.58999466975730597       0.64813891520997868       0.51210836733090925       0.51767543265109150       0.52657129020109628       0.60095851643419429     
  0.95043273109493642       0.67465140670361101       0.87419283736777698       0.93345965337686954       0.93333365388303746       0.98590048846316836       0.72418554848741479       0.93899612412156641       0.95474589097583662       0.93137706077493798     
  0.47033597673054561       0.49391188845832557       0.41224151469134668       0.51907071282811612       0.56274304915148365       0.70679455676754788       0.51868882790064108       0.52487680305722551       0.44234090465483633       0.60070764426297574     
  0.96333974764783470       0.75141358392933610       0.89838370109621346       0.94959858144178866       0.94975289402859864       0.98909076181004307       0.75110100548219350       0.95411602472274448       0.96767903464381555       0.94800984468667360     
  0.56243530129003461       0.58135425207281788       0.55186733684637446       0.49667606371245576       0.43779089941224364       0.76808831124322197       0.52081116610000888       0.65287573771360197       0.47881739319333005       0.50575998797846500     
  0.97650586733680411       0.83755607324192705       0.92723890417423149       0.96536820290143788       0.96632753788955250       0.99297764979984360       0.78514039326797114       0.96934283505678864       0.98053521340423477       0.96461119223058989     
  0.67884795787435837       0.49592015526248939       0.74270420108002655       0.48746679455865194       0.53879749428975177        1.2091281407086842       0.49317279075023912       0.59636657332442233       0.44194878369508328       0.51946052691830080     
  0.98833074856243819       0.92004951767963605       0.96202174520732664       0.98280866703992420       0.98313483941691493       0.99655491669628027       0.86627033790431562       0.98460285908499368       0.99051434236486913       0.98225154967289574     
  0.57424117787361606       0.59536991419829810       0.63430833024796773       0.57185405189834781       0.53054023123198557       0.98841220672597196       0.51979368277140647       0.45404695027942643       0.43441289192128441       0.53959625561183666     
   1.0000000000000000        1.0000000000000000        1.0000000000000000        1.0000000000000000        1.0000000000000000        1.0000000000000000        1.0000000000000000        1.0000000000000000        1.0000000000000000        1.0000000000000000     
   1.0335886601711168       0.71834245270652886       0.56753182349652409       0.52235374416159797       0.57109523077081736       0.70315597043877320       0.36061057754765818       0.65197314758776370        1.8789139269295987       0.55582112744013634     
  -11.030440582855963       -16.217932859885266       -8.1567655092549032       -10.027235909339481       -12.204217364260163        0.0000000000000000       -10.329781052202689       -13.145135863889159       -8.9026728533948951       -9.6941552762762893     
  -10.418865473868850       -10.442816169342505       -10.781797728391455       -11.482577226980737       -10.341395143663062        0.0000000000000000       -12.268247848886116       -10.803382131316519       -10.721644369745533       -9.8663646722504588     
  -8.6186076506896327       -6.3707939901273152       -11.745178061998246       -9.9958388575470760       -10.565326604271032       -3.7046731729131022       -9.8740507403722173       -9.8276790740574267       -10.936678974213375       -9.3860734485651367     
  -11.746382211586582       -4.8876330017687186       -7.9632663823177818       -10.270071050077981       -10.641223197512423       -5.9643936543049580       -10.879442157376717       -11.843820837453929       -11.201608028042447       -12.004822181135880     
  -11.748981095147265       -1.8207289190349429       -9.7769903288739606       -8.6759675512832661       -8.3285841178746960       -7.7855408915923610       -10.147189203858614       -11.112995048117639       -11.489622724502572       -11.368017944773927     
  -9.6912286440263884        1.1250575997335239       -12.926997445409567       -10.977839981329995       -11.060478073297192       -9.4444878568676618       -11.010808613751749       -9.3360565456540421       -10.830239870088363       -8.5485264801137149     
  -10.453642556905031        4.4343810810652391       -12.275139842411203       -12.151606152926773       -11.263972878084610       -11.963650855356763       -11.841850243603323       -10.955707484563385       -10.835991095097457       -11.546190071843172     
  -11.265764341290726        18.630975012590476       -12.107714191102074       -10.843788761166421       -9.8164460492659096       -11.979902679720583       -9.5329629162887919       -11.142313010406387       -10.064186655111369       -11.869908645250208     
   1.0707750543238596E-004
           1           1           1           1           1           1           1           1           1           1
   3.8962615351444859E-005   2.0018882692227156E-005  -5.2093257161075042E-008  -10.177093789172350        9.9076447298025109E-007   1.8124031912368782E-009
   1.4667276746312202E-007   1.1480645483041570E-007   4.8733999265836798E-008   9.3739181013588316E-002   4.8720947288158507E-008   6.0509920854978455E-011
   5.0000000000000001E-003  -7.7530111604080192     
