   0.0000000000000000        0.0000000000000000        0.0000000000000000        0.0000000000000000        0.0000000000000000        0.0000000000000000        0.0000000000000000        0.0000000000000000        0.0000000000000000        0.0000000000000000     
   2.0047595723362961E-002   1.1591365648787747E-003   1.6084409289399960E-002   1.7603635591202853E-002   1.7778056895806686E-002  0.26207822034645667       0.12651630678731027        8.4165415401433019E-002   1.6448697068075058E-002   1.4106755249096114E-002
  0.47397784483425753        1.4331195235617717       0.66169508987035131       0.60218653041217474       0.61931621643384061       0.44644791426573055       0.39931090994217128       0.47737190775964106       0.60899976289671076        1.3238664899983859     
   4.0668691239883321E-002   2.3078032596247303E-003   3.1867022578167023E-002   3.5052221577818052E-002   3.5176966365687498E-002  0.45398435425465694       0.20642283751104240       0.15018080015503035        3.2255193367934233E-002   2.8662551432804544E-002
  0.62972211508952547        1.1759329287097298       0.63719745027001695       0.54328285622975603       0.60373008944204387        1.0820750892425772       0.64259170012000477       0.57187445977416107       0.86326874065105141       0.97727476689767889     
   5.6790942445687977E-002   3.5236314861885601E-003   4.7759160914445951E-002   5.1155921007548955E-002   5.1387504420733865E-002  0.48224116069384548       0.24087051060545647       0.18743223825991984        4.7167979438693761E-002   4.2055186305330922E-002
  0.53848992942760698       0.81210102479639956       0.54392531082107864       0.52763131292774523       0.61466344079777757       0.62009074103884110       0.47849297586358180       0.62149326688998707       0.73377608919499182       0.54796613287078566     
   7.4029111644323256E-002   4.7735113343917949E-003   6.3478341181905235E-002   6.7341536323961698E-002   6.7771833002713278E-002  0.51636968743049672       0.26788259389288810       0.21611847140126816        6.1964787624927263E-002   5.5752108055838079E-002
  0.69566920748720695       0.68095950855346865       0.57454542740059145       0.59919688964349782       0.56358623914469408       0.75043485158095935       0.59719631403141205       0.69040181497042596       0.74775224991464428       0.58681530712260999     
   8.6818190579303761E-002   6.1108368238466824E-003   7.7221118690504784E-002   8.3362803855272852E-002   8.3126490193419361E-002  0.55175944490460627       0.28575348794914895       0.23336875831096249        7.7870347866827963E-002   6.9704873538314491E-002
  0.47120826173724695       0.71111054717281641       0.49190780858912458       0.55089117902804086       0.57431951041679130       0.64499302352827104       0.51416504494383652       0.59070187626193205       0.70674087549362052       0.58555517639078303     
   9.9580419806187148E-002   7.8970012050337199E-003   9.0905992541281788E-002   9.9254898946040615E-002   9.8710032032424899E-002  0.57740552281461044       0.30319173515986292       0.25015829652727833        9.5123648260883376E-002   8.3275983897715247E-002
  0.47177554428873264       0.79571315529547848       0.53220533973675799       0.51882441501490750       0.54978915871183143       0.70260582819107942       0.49770231779388452       0.59034409687118994       0.66950379128212323       0.51841836195660862     
  0.11513034861743569        9.6544133611080434E-003  0.10549002675636115       0.11446995707460692       0.11528320626490658       0.60218237565749522       0.31580396988070586       0.26693703286044990       0.11252173926984559        9.7098879904245081E-002
  0.62633494599163386       0.71767700497898579       0.48861593492433147       0.57438021045700494       0.57163703759324302       0.49173687084279394       0.54593185592972959       0.71603726008529600       0.83029649038740261       0.52511053691045451     
  0.13042832411148655        1.1705517441064172E-002  0.12030280533225342       0.12968185790810821       0.13083155236049360       0.62352087294881031       0.32945606962876794       0.28260598148608879       0.12976627302725102       0.11114063231874151     
  0.45444754534561355       0.73716026476559215       0.56672400652024812       0.54342970593609929       0.63046735156262856       0.68471985475042862       0.57621756580224481       0.69121107453799879       0.64431244985917768       0.47067771387136564     
  0.14701513788255063        1.3768315337599413E-002  0.13241744478214917       0.14524246212552355       0.14691261500794900       0.64369755189841182       0.34026309548413186       0.29349762408519470       0.14655426233060842       0.12728627680705754     
  0.47540480948388364       0.69985152514529847       0.45115688974738094       0.61717723589101858       0.47580667887019318       0.53152771286686129       0.42849403057239865       0.58084850411534161       0.65626189860180217       0.58362109584032928     
  0.16356764567031185        1.6033294462949182E-002  0.14486655406286028       0.16085290139956587       0.16268865362649435       0.66136666452292148       0.35131608311342094       0.30451481101970179       0.16340044875208606       0.14331835900007894     
  0.46958218498566034       0.69358087489239550       0.48362513687176428       0.60752732256515718       0.48024161310349317       0.66368954218060205       0.53694222250994361       0.62333794379924545       0.65613091170165949       0.53687735480678600     
  0.17786685645219175        1.8343313120507677E-002  0.15726492826420901       0.17578848526202834       0.17882966480160375       0.67822297471765036       0.36233458957998987       0.31606707747709800       0.17974643479985625       0.15901393865434049     
  0.60084818765040571       0.58256175109596953       0.47798647531327920       0.46116747697663824       0.53335880824780968       0.63642167471901767       0.52710577633102185       0.61590054579080777       0.67512975295648892       0.48727389169041679     
  0.19252268325982760        2.0778717466798172E-002  0.17007987814937031       0.19044146650108532       0.19517200427503081       0.69343896354614842       0.37286179367549277       0.32782135236316612       0.19585153078904571       0.17486321870288854     
  0.54476533805437077       0.47631168784432437       0.52603100383431900       0.65956199830497686       0.60884268150413656       0.48387881697994944       0.57673390473781150       0.63459647920574502       0.60674185161908778       0.55358810180558127     
  0.20863907016549674        2.3361170478712254E-002  0.18380688892189403       0.20341723147118929       0.21162843016836042       0.70821308403578342       0.38314863794989007       0.33841042202645449       0.21170855742902076       0.19278262031274390     
  0.56015069912505788       0.49143748252056396       0.50837251378759796       0.56695102420048338       0.53568840969506937       0.50079926483133697       0.53097461024522008       0.52376778693661286       0.53168233208353810       0.45744198677079240     
  0.22458967395621915        2.6054994175171931E-002  0.19675037801876605       0.21703399810521870       0.22833165464943195       0.72251615560303040       0.39303429163172809       0.34931328263802491       0.22725907142071991       0.21038707834829420     
  0.64140078385058663       0.61806416307255985       0.51980138231664863       0.44885579962707950       0.57504215401547620       0.45999952257083720       0.62075690671095618       0.68213387837048534       0.51545686840039429       0.52926754847849278     
  0.23996498579911574        2.9191939271625118E-002  0.20900619038342325       0.23215717880816999       0.24422690628552529       0.73564414987889015       0.40175406710059491       0.36015426899363556       0.24366463010861253       0.22594810199490986     
  0.74011728836752466       0.54529553943291098       0.46958981247681297       0.55983272929977990       0.46819704138137858       0.55420493901303480       0.46286383439267209       0.45639265415639807       0.57069216913032816       0.47534960840143581     
  0.25519727271105735        3.2342527352114660E-002  0.22242848834697476       0.24685927971350213       0.26019395396310196       0.74758785026020291       0.41084337081158295       0.37047828509413144       0.26020815271424874       0.24192899405368748     
  0.53085238908989918       0.58343833542301349       0.51875991164430579       0.51562024350595304       0.56209351185793022       0.42942586685854678       0.53716843061068498       0.56676245703521533       0.57931958158833219       0.52805669469190597     
  0.26943902253696494        3.5518051857511980E-002  0.23635210147195693       0.26078813739065509       0.27518764986315825       0.75908110320890321       0.41936239865929559       0.37960008227303443       0.27647987542719538       0.25719956511740982     
  0.54765733239358028       0.49667566850772682       0.49949520163498939       0.56259270104019232       0.57487204552110471       0.52941159927140202       0.44331194928237977       0.46825257420592142       0.51701211165346761       0.49905053507974745     
  0.28424688199711323        3.8737150523775625E-002  0.25144486512405895       0.27471775901878631       0.28996742742952203       0.77027780311323391       0.42780294964181459       0.38889364688803291       0.29248345208027993       0.27369280158740050     
  0.61371425955480918       0.53582305910451744       0.54028011280992772       0.57612514241786283       0.56715510852611184       0.49125636552823421       0.53367329724052126       0.45135588225336731       0.62045219383103556       0.48580666723730631     
  0.29972542992902984        4.2468143608741175E-002  0.26687930964933604       0.28775853869694801       0.30526265940541425       0.78029082821187346       0.43634088096022505       0.39930956111809579       0.30771616051024175       0.28948235828000557     
  0.55876026517036981       0.50020490664724226       0.69917107387460053       0.49817960477368828       0.52269714155066815       0.51820332510937250       0.57179797348718953       0.48340271227023152       0.49702576949764660       0.49167878712788271     
  0.31571434400556037        4.6306157439072626E-002  0.28147210084034135       0.30352002094991654       0.32010374319799678       0.78944342337984175       0.44459772640558809       0.41011952627902126       0.32338341076912885       0.30522688822867400     
  0.49755631462324323       0.57962031385581303       0.56455916947928675       0.43985911279384854       0.73840338102460201       0.59166594516498572       0.48979906284528624       0.48189744870890322       0.49704819360630320       0.48759519912149163     
  0.33216202675171302        5.0163750577738593E-002  0.29576660716594327       0.32126987229723319       0.33625212625612194       0.79846871190238156       0.45150996046846043       0.42080900534467747       0.34081183714505259       0.32325469975189364     
  0.54808539270921142       0.51124171338713842       0.58752691643524813       0.57164724909179432       0.60077032948542208       0.44708461797061622       0.54107906717505161       0.51182609190223916       0.52350570838917809       0.59576845924334676     
  0.34781181050474685        5.4045256911995097E-002  0.31011719083769512       0.33880056544205678       0.35272466808345770       0.80731059583081977       0.45916283189280338       0.43161101250096257       0.35836164891737554       0.34114605271161774     
  0.53757108993802361       0.43153641246743191       0.48204130520743327       0.54619105054309480       0.44784058104806002       0.44983277458653576       0.53349986210805178       0.53678933113070215       0.53743986183910664       0.54103243896930309     
  0.36321612399883796        5.8178591596752670E-002  0.32495705307114620       0.35612992092612683       0.36897015893998331       0.81584541720257109       0.46820264431856484       0.44200167057626777       0.37649925600988216       0.35722799295287477     
  0.53396678464583269       0.48724156911639699       0.60147396946134701       0.54899304011151406       0.51695550163936677       0.60046072498012948       0.65707345906120329       0.51936158080915651       0.55182549830409799       0.53476756133406600     
  0.37888838872023378        6.2520440980789474E-002  0.34079204374876382       0.37171192714299922       0.38531765231703269       0.82419900620725695       0.47686925302300909       0.45239848861281723       0.39442913073138797       0.37336745980996044     
  0.60895808504901061       0.43243992215270766       0.58033590316093031       0.56686914916766229       0.49549811317077891       0.50129826371757191       0.58104268870920184       0.43352946240486628       0.50491883704046847       0.56039868517453284     
  0.39498755281759107        6.7090007804496740E-002  0.35699588894881562       0.38662823190559908       0.39993823062759720       0.83225166226024372       0.48511144488527130       0.46555438831614221       0.41211284940024173       0.39125644343683447     
  0.58006629093915996       0.48373135599337930       0.50150600770954612       0.63205617628716082       0.58471318962032193       0.49390596049263252       0.60233266489971171       0.58330267171359707       0.61110076758941945       0.57340507507526639     
  0.41097701351220872        7.1806155544693287E-002  0.37213997166729118       0.40193615563138835       0.41399979115078223       0.84008269918108280       0.49334421960902242       0.47876668806530864       0.42993019647976322       0.40883164378734521     
  0.59422061609793775       0.45639669452854770       0.50910552730209335       0.56601165944558540       0.56652402637688215       0.49516770320033549       0.59699124222774358       0.62278223217461370       0.55267147060217581       0.50974050003753246     
  0.42735685445686239        7.6781818088207013E-002  0.38674352920163707       0.41703439806702447       0.42839348529629212       0.84733698333927276       0.50142731827821929       0.49167583248353680       0.44746632629457805       0.42560658959616737     
  0.67643459897275726       0.44056056135879457       0.58773768015495453       0.55433899382228624       0.56803979711956087       0.56803993675876918       0.54871420489783018       0.44150876533341571       0.53226493146351239       0.63678831318666163     
  0.44394431618767410        8.2172376703302144E-002  0.40218365458568489       0.43061584008812659       0.44226560170728035       0.85431337780274053       0.50916895259751382       0.50467742497685397       0.46471136176657796       0.44183037146498322     
  0.49722823736724225       0.44777833799076039       0.50763667752086195       0.53363739232167973       0.54278858873397540       0.50789240638798039       0.54013388052985634       0.60279694522694971       0.47381306471257317       0.51375511533147944     
  0.46106795839672238        8.7819784873368181E-002  0.41816424259613133       0.44353751786187251       0.45666930032546071       0.86103045734584216       0.51668829487387125       0.51657170071796799       0.48038172657769468       0.45717100038094421     
  0.53578852076993921       0.43274839132107934       0.51648249959031745       0.51617870999404836       0.66422147016496880       0.47967418266065243       0.60851737636844405       0.56468246049204907       0.50653063244542929       0.55501893587950124     
  0.47758177581650557        9.3938361626771952E-002  0.43527864056547738       0.45769459451691547       0.47142198058857526       0.86758582654904992       0.52419760151617933       0.52805245192130856       0.49648821008887395       0.47268289008681413     
  0.77274161148031462       0.50053272198571508       0.45875918122382964       0.50817488219514351       0.43138310980546501       0.53988706797794395       0.58886723494284721       0.45537883656882638       0.44601138634432685       0.51490726810132526     
  0.49287059810683609       0.10029883769304136       0.45281744025250587       0.47299977577234975       0.48571072485789479       0.87411090625592125       0.53179440164104641       0.53972641513170105       0.51150677976588588       0.48824754756649580     
  0.50597990243290492       0.44254998109215166       0.48807197888338161       0.60015683666255504       0.51458115444356989       0.45628116687434156       0.59877217764204238       0.53008410430870112       0.44135577304328816       0.55936517117968532     
  0.50787284381340736       0.10704528853535750       0.46881450009249359       0.48948445758920495       0.50006656799084492       0.88058586578231834       0.53939119502723687       0.55154812882537285       0.52653369942541894       0.50435162077129803     
  0.60008076938316102       0.46508243394865956       0.56695975840639956       0.47672352852049349       0.59372099965206937       0.50653988193872412       0.54406594956599419       0.46580872256711464       0.44924906419458943       0.51916307728928435     
  0.52254499965175372       0.11390359752343861       0.48449685666935682       0.50677111924251850       0.51436657806270780       0.88672935329925329       0.54699453126308462       0.56377758744616335       0.54025634537172984       0.52014501448672690     
  0.58891858167670674       0.41966025162159781       0.50408785680118184       0.63580429835191088       0.59972536274602273       0.46671472436751760       0.59444346952686089       0.53561684322125647       0.48549835231422284       0.49191385389718068     
  0.53782336279465348       0.12094037927135041       0.49915149595094510       0.52317585746068374       0.52850968847301216       0.89276807780869094       0.55457250581706041       0.57590236198744416       0.55469228084016309       0.53529845525413566     
  0.48845292496067516       0.47728808203732037       0.57877163668665532       0.47405631452796598       0.54071499299909476       0.53369280565351018       0.57041072233704493       0.43606346817056102       0.44173468970039842       0.54279430444061394     
  0.55395159743174593       0.12824199887015922       0.51284511103324704       0.53893902057350596       0.54322217006284501       0.89819069882539959       0.56202637815577361       0.58833454536395569       0.57023271357787964       0.55181069819634543     
  0.56414528753812598       0.55993217629644654       0.53776892604794857       0.46272544275146982       0.49965890209128783       0.46651879748798136       0.52612889054439160       0.57930122871185152       0.45890772902513322       0.68700938167208558     
  0.57006465091591108       0.13591259586545015       0.52640231217577016       0.55464636652370591       0.55751117754737611       0.90311961797384666       0.56960905038194631       0.60084265094512301       0.58560961076793383       0.56856470031752038     
  0.53199177043337220       0.49473984610568800       0.52866993990965894       0.56368523216612365       0.49252604847807674       0.41848410922263718       0.56908539847017148       0.45247889222116555       0.47225488019253281       0.56211537739853146     
  0.58553616152350096       0.14401039517460423       0.53934018386626648       0.57075005705003301       0.57300966993430047       0.90791752759821420       0.57764906343194722       0.61425951344590712       0.60126233458897083       0.58471438391356712     
  0.51712336067542575       0.47972865014378874       0.45586679524814661       0.59700943035432108       0.53211170279868536       0.45708636256583435       0.61265258358198393       0.55019974504487179       0.50038734186751721       0.52172652300883859     
  0.60112490896838577       0.15280474378662856       0.55430774417097239       0.58790306794086145       0.58805893078114568       0.91265390847849626       0.58575920860306019       0.62838207570019833       0.61671866748695303       0.60097935895968746     
  0.52844326392548635       0.45168425864452172       0.53250755876254385       0.68366494714068360       0.58128111597412635       0.46645567923403192       0.57254751404782378       0.46882489804946897       0.51316179879609369       0.48193743093554597     
  0.61651690407264814       0.16222421221575248       0.56995353016064099       0.60527900735367413       0.60312934544380126       0.91721851054636738       0.59434335225119717       0.64253649153322023       0.63211365039778888       0.61686494452796736     
  0.52257023515131595       0.61609682666970011       0.65547967234773252       0.60556275926422998       0.61146687064854488       0.47796224539099419       0.52346209964905732       0.50590918210184621       0.53939303357085611       0.50834611336166580     
  0.63217499054169113       0.17207322021417670       0.58647080742443758       0.62206399230772425       0.61798427525121924       0.92150613044856944       0.60318132406332237       0.65663501579278394       0.64737291512350748       0.63277076245288644     
  0.61313449239800799       0.43815110081344161       0.52728632267157594       0.56602790360930644       0.56455604783987101       0.43374017744491639       0.67970510087332514       0.56865528281779165       0.47595396054495265       0.51792318528551551     
  0.64810728698496167       0.18277406349327152       0.60304113309142682       0.63842264170662799       0.63445431847864486       0.92577003636522370       0.61182147979894153       0.67058410415801939       0.66233297636312571       0.64841568466192490     
  0.48857162091860035       0.51126914185475325       0.55388947677610656       0.81547165642066999       0.48437543222715163       0.48728069529623191       0.54764503943584553       0.54773787801625584       0.52331002026884355       0.55985660535196768     
  0.66405030322731395       0.19419637756841493       0.61906592290743001       0.65448683041729405       0.64971499309183522       0.92994545001399787       0.62034788961451648       0.68459842179691466       0.67714672585134450       0.66432920509565296     
  0.64322757464098734       0.49613083493063032       0.57116494263143991       0.54734253256732035       0.49300101176287986       0.43540988766252497       0.63160073846787002       0.55173744731085594       0.54251912916002820       0.45665652971098941     
  0.68022340181934138       0.20679949469007908       0.63501202332355100       0.66989527119851833       0.66460746075525923       0.93399223652848562       0.62854743350139097       0.69878871736569503       0.69154943802643154       0.67978581254105586     
  0.59159793304390595       0.51247584115333611       0.51620783383493729       0.48399170798446067       0.57885396330340211       0.49217779874317336       0.57722474771739929       0.52124974998910523       0.50763193586920685       0.57389718632694320     
  0.69632457811722859       0.22023929603376274       0.65166987348384542       0.68549289151906001       0.67917692235665561       0.93795222187403637       0.63657541609102353       0.71311892281016520       0.70608995949454423       0.69518675840019661     
  0.46636937087504021       0.45007363304382497       0.52093195362672218       0.51255882222616933       0.43548063230276168       0.48436099134938360       0.60813464125042971       0.61473922654062818       0.45631856231922396       0.57317979080518222     
  0.71208468070944986       0.23451358719566112       0.66865085231032739       0.70076909805017895       0.69537848595647267       0.94191227649474929       0.64483998990071201       0.72745092656197463       0.72101811933440463       0.71102275354500355     
  0.49220071542984811       0.43532974028949067       0.64594131447486935       0.46710453604769897       0.57702645071086200       0.46153065722282449       0.64554950129856714       0.52806678738073898       0.55709756879807115       0.49810357199217137     
  0.72756087887995424       0.24879579282989722       0.68581672276761596       0.71662101934646161       0.71220671672211822       0.94579622609179570       0.65331683909512461       0.74156319405343551       0.73610733128441963       0.72681483049800688     
  0.53614989383795497       0.48004876510217109       0.55163157809997088       0.62500518857589815       0.50603384327046863       0.52548782519442538       0.65418602820289307       0.58422415773336922       0.43614970473110037       0.54694763656960410     
  0.74366996137226626       0.26702030325484305       0.70325150639673295       0.73390891845750328       0.72876589512698287       0.94961377306640993       0.66182212785457695       0.75721493803886053       0.75132782612299021       0.74334443534808059     
  0.50354866864544734       0.47516750331246410       0.54731684667947123       0.64493645133291466       0.53226378991660550       0.52916265561484199       0.48744421499139873       0.58832947260175050       0.50489143187058649       0.51221736456387101     
  0.76001391830565823       0.28603538550753921       0.72063792847727148       0.75057661604826642       0.74489663693633923       0.95334468592436183       0.67033583494808047       0.77274474860055997       0.76665130123839020       0.75973822705492355     
  0.54075495571941423       0.51957268884343755       0.63065920866406233       0.53888637460764488       0.55305226245469341       0.58421144319583973       0.62380999758428901       0.48745354021813242       0.50647694140022337       0.52641630216971813     
  0.77552754345616459       0.30769019608700532       0.73829935722530482       0.76599707026251262       0.76196514423013184       0.95696908272206282       0.67925165837534141       0.78868518481538485       0.78238339745888275       0.77704386329136599     
  0.56120862351237910       0.45101388227886718       0.62006904262044893       0.55724714768781614       0.56556952982805953       0.49213020355538023       0.52686381653606584       0.63134785983852926       0.50872694926592743       0.50883194167237078     
  0.79100708497585959       0.32978165177582752       0.75589073353590208       0.78143703062843528       0.77867170689987297       0.96032228712727763       0.68817668121900355       0.80470086338511404       0.79809054843586247       0.79376101736302562     
  0.53196559958962808       0.50390253142339370       0.61585311193817682       0.50743669913968814       0.52327736506383582       0.60837192101227389       0.64792651772832754       0.54166473613940846       0.55573092301374638       0.57709709511760421     
  0.80659961617313924       0.35616279510069371       0.77336464583720743       0.79679834772233360       0.79559461741923165       0.96370226548808990       0.69775981368313000       0.81949513686559006       0.81351530772873815       0.81004404313816691     
  0.59939039911562897       0.57287027942876168       0.67709739848284189       0.52445485329313180       0.54885266098760388       0.50007598773101525       0.56154326550730282       0.48951040400826112       0.62787832118184683       0.56366407208888369     
  0.82179285841816552       0.38247427780923926       0.79023261079588514       0.81227177704053966       0.81228862518692313       0.96672106980189443       0.70754238705362238       0.83428814710835209       0.82862079419740609       0.82631449625286102     
  0.61062588535378082       0.48235182696918211       0.53219043593613935       0.56589753147797683       0.52250765383707476       0.49747161932913725       0.68314115962379318       0.51553858146152975       0.53814006272720716       0.47256911817489378     
  0.83431272984512217       0.41244811931053343       0.80676012118601337       0.82839504231107874       0.82905650652419538       0.96972873954547334       0.71714716034495918       0.84836257444387508       0.84362248886910185       0.84283991017419635     
  0.48917638469817754       0.52511090889684064       0.61863920809819073       0.61717595512175782       0.69127094016041923       0.63448543304452398       0.53344344818500233       0.52750958910223833       0.47782994984262078       0.54524231836829684     
  0.84625277016864453       0.44499627273254760       0.82301726534456698       0.84394916790224228       0.84601788280677537       0.97261447240031185       0.72713471056391465       0.86243363105409832       0.85885982250574766       0.85987671210039374     
  0.49679588578888867       0.51125723366829889       0.68088512302833182       0.55454883425887047       0.59382204631047730       0.63287338632739476       0.47406905967070218       0.51631472464675610       0.58599603370259401       0.49281646911848676     
  0.85875852266713149       0.48407919130022664       0.83881871182560053       0.85920445016022573       0.86141445689006579       0.97551446715010603       0.73776349794005236       0.87794657108161778       0.87447591073154107       0.87594039835516480     
  0.45205144019788102       0.65442959060166950       0.69089805862021025       0.59954818012911137       0.52953560177085601       0.70356528461323431       0.60009945751242799       0.67508461336548586       0.55046078627814132       0.61583673857601562     
  0.87148449060618927       0.52727080199756293       0.85631991878334568       0.87462046817565453       0.87641811338426012       0.97858571286806373       0.74826160566121935       0.89340968605470206       0.89008919079240179       0.89166073915763833     
  0.49800193560852707       0.62283875674432210       0.61831185869362715       0.65291944326220830       0.69083616770084477       0.59499036588200849       0.52617465174886857       0.73230163220369782       0.59907355761778203       0.58628033827875625     
  0.88787428589311079       0.57651339549927694       0.87466849041043460       0.88942735918932836       0.89276971839523456       0.98160574041387938       0.76135432473395581       0.90726025300576318       0.90598524512199563       0.90597850272831748     
  0.58830014274163800       0.53343938942867319       0.57319962913685585       0.55332896748193550       0.67742162217285273       0.67148052189122298       0.57679344020878309       0.52454074363152292       0.64241950674555248       0.58407406691117081     
  0.90373153385297156       0.63209785858357703       0.89299271419372239       0.90404564181024505       0.90932738718039607       0.98409179466776431       0.77478102828355788       0.92125922826945372       0.92151367729002009       0.91957300436858214     
  0.50469661577150327       0.74428439087530940       0.63902591369976858       0.55804595631820464       0.58259764166876737       0.67123507962512563       0.60427063355450061       0.57221407287288206       0.61007290046685392       0.48239604358282168     
  0.91948384763759605       0.69080335651247227       0.91140583014348142       0.91974008239289107       0.92505092764232733       0.98648904694074602       0.79044046200432427       0.93424218452369523       0.93589692325313589       0.93384447293838613     
  0.54149463348161042       0.52917273467696768       0.59727653558502714       0.58147747020645224       0.46856213417877074       0.63699772181568870       0.59780140627055822       0.58572123438376855       0.62211590272680928       0.52616524365773398     
  0.93497580940863756       0.75024158055717127       0.92976530925703593       0.93552181570590764       0.94061017230870536       0.98895605826168820       0.80639796215543769       0.94713681493042035       0.94979691956988133       0.94813500860061362     
  0.70816797163779022       0.66019601869747424       0.55208098723274701       0.59142239412994402       0.74146853516063171       0.76204293365323295       0.52092977153692033       0.75340896130008805       0.49334922921060093       0.53582335637987377     
  0.95150121805387988       0.81192502101816177       0.94744905648031352       0.95238920943388017       0.95502217251097021       0.99115918699354844       0.83073130180203947       0.96019707775093066       0.96136049996032624       0.96166203082837010     
  0.58306904856526209       0.51730113022526003       0.58970562731035081       0.52606603568460020       0.55871304440290093       0.71630923133134461       0.62826020552895034       0.62852406471566857       0.47633246962326542       0.54501758087691254     
  0.96760870130850574       0.87345425133180454       0.96475760636617924       0.96873766877465695       0.96925182081313510       0.99376339571982297       0.85859130342277357       0.97309390758288694       0.97332197156233169       0.97511045756587234     
  0.57935552039662819       0.70100060804793862       0.59868466060008552       0.60342654437536447       0.73176269878693312       0.93403050331586790       0.58099530227865759       0.72841400755951824       0.51491446995724899       0.56861708087829355     
  0.98379157569728282       0.93613479904376984       0.98266368017948003       0.98434530441741985       0.98444201156784217       0.99695732598093734       0.91888448465342976       0.98650464206478627       0.98694210544225802       0.98776811930999353     
  0.66018804539025211       0.59100614998446865       0.72983267683597497       0.58118531842172205       0.60428388590133297        1.2830043883729105       0.66805647757583786       0.63913957992349102       0.64073268576970666       0.82447611969813228     
   1.0000000000000000        1.0000000000000000        1.0000000000000000        1.0000000000000000        1.0000000000000000        1.0000000000000000        1.0000000000000000        1.0000000000000000        1.0000000000000000        1.0000000000000000     
   1.0161717379079713        1.3666059872172616       0.69473811182359990       0.59969052249888977       0.52851529085630411       0.86646900414270034       0.41155248152948659       0.79816235039696537        1.1978347570222840        1.4906745209113732     
  -14.126202551351687       -23.287224123753745       -5.3121541059091157       -11.021043063459542       -7.0209542159999181       -7.9964430827851878       -13.220785518149647       -9.2960953038055205       -10.542717198560039       -9.8734936532702555     
  -8.5344168804492089       -7.5566779264548938       -11.137281450941444       -14.634027461736270       -9.4204181129539695       -11.380226845224593       -11.480335536386562       -11.917116681774910       -10.875575544231824       -7.7660490826576334     
  -6.1843521937200272       -4.1707120092501437       -8.8230955421856798       -10.487013627894365       -13.462979494618617       -4.3614237284316868       -10.696786530559198       -8.0692597521741050       -9.7293416740341137       -7.3668167580203257     
  -8.5920072505987637       -1.5484707958370063       -9.3911391347936402       -8.9706148990310499       -7.7420062793794671       -5.1247460108512843       -11.810883576608642       -10.212437880725609       -10.093338811321019       -13.527115203229053     
  -11.031070150137182        1.1444408523554925       -10.442847099993077       -9.9610298860944990       -10.617689459776628       -8.3631426490986254       -9.7804255492336623       -8.8059510292299006       -8.7083634086996842       -16.057249542891025     
  -11.618667239245026        3.8882869433552067       -10.443983301311910       -7.3614188063765074       -9.6847866489493679       -5.1109066530966363       -9.3668719724402418       -10.860654190764365       -11.420205222012090       -10.823065293978523     
  -6.8978869153015925        7.1585420461053957       -10.186135229581017       -9.5865198016095334       -9.5935971221521008       -8.9015944469764605       -10.715201786568915       -11.499593999599760       -6.5247281913893174       -8.9735508880665602     
  -8.9312812526053396        19.236658354357573       -15.215986026285016       -9.7390527086398375       -11.720750892986443       -15.431953786143138       -11.348589774532643       -9.9300307814931141       -12.701403572416648       -4.7852502938399342     
   3.4122218645420979E-004
           1           1           1           1           1           1           1           1           1           1
   1.0128979760404446E-004   5.6881098788490713E-005   2.0239197702460167E-007  -10.355818707022996        4.3046076827054590E-006   2.8804287702465543E-008
   3.0650150957447550E-007   2.4383890961036750E-007   6.7442216116907625E-008   5.4900548877612247E-002   6.7271256461955619E-008   3.1497029543904531E-010
   2.7933179214060001E-002  -10.692444884880643     
