   0.0000000000000000        0.0000000000000000        0.0000000000000000        0.0000000000000000        0.0000000000000000        0.0000000000000000        0.0000000000000000        0.0000000000000000        0.0000000000000000        0.0000000000000000     
   3.9859538568574687E-002   3.5828786142590480E-003   9.3543785598286286E-002   1.9509826224491399E-002   1.8585531140125358E-002  0.14386175158181017        6.8481511886361895E-002  0.11106458146594560        4.1779237805847462E-002   1.2028114306568026E-002
  0.46822607650808701        2.3162336597173749       0.54380843942752510       0.62048425161426179       0.46465918517873245       0.58893456212504347       0.35299190755836596       0.68560660564316644       0.77694246496501373        1.9108798508874931     
   7.3251458405454092E-002   6.2926385597496647E-003  0.16536764487663119        3.7977101366684994E-002   3.5986018445436502E-002  0.16357506674828565       0.10979203230647692       0.17838307139871271        8.4353973612851949E-002   2.4198506423362999E-002
  0.69062341630061108        1.4517821706927976       0.59402722049459022       0.57337084019323803       0.48046934766537169        1.1620971761996917       0.61641340707461056       0.73982464501533607        1.0344762004172716       0.57366749373242676     
   9.6158463886230755E-002   9.1311137637793086E-003  0.21849572686554955        5.6554860602118402E-002   5.3318621032369659E-002  0.18158434485375199       0.12753020559451844       0.21784898492961249       0.10274790893280158        3.8291041090994217E-002
  0.54403392121156591        1.6608042326333519       0.71456537666839193       0.62542270725330829       0.74275712063434196        1.3844831600493555       0.48841235150146733       0.60999829483262913       0.66055206094474239       0.58623568575737917     
  0.11775392494123203        1.1956999847913024E-002  0.25386136655155667        7.4518926344047665E-002   7.0894824334428924E-002  0.19608496982311679       0.14431191347109390       0.24655529709870150       0.12355983696566743        5.2792088140838335E-002
  0.55376131150892338        1.7815423320099804       0.55282508513661399       0.60699509408987928       0.74455613711686319       0.98293889706011484       0.48353944472614341       0.58720133089429749       0.76690143665785149       0.46333028737577048     
  0.13792757518991658        1.5121996249570301E-002  0.27839606382659360        9.1157337748589307E-002   8.8130924139827302E-002  0.21311418625692585       0.15860818516707606       0.27073672066927029       0.14582951134208191        6.9103084768760883E-002
  0.45359609635542986        1.6162431774782793       0.42853028904825230       0.63208385949360102       0.62702724236565555        1.1329893415489134       0.44618223291358350       0.48973442051664479       0.59554316375151917       0.55348557895278550     
  0.15704802353613120        1.8668245847570965E-002  0.29741275839695958       0.10710431411229634       0.10592391768404480       0.23604303662659840       0.17224386687802701       0.29113007443136640       0.16790880495229041        8.5876733648874104E-002
  0.51692575804441665        1.0278414640443061       0.45182016372354616       0.81664276342959041       0.58516608380022994       0.91016256364248682       0.60190299493147559       0.52072477792421856       0.90937582704170661       0.75347648718443472     
  0.17610314794281434        2.2399169250728358E-002  0.31564953562198117       0.11955138807469666       0.12366193045903763       0.26780959084739681       0.18566772858665179       0.31030919508877153       0.18214250448088673       0.10406478525824087     
  0.54201285387338149        1.3949004870596418       0.44382961369142504       0.55711010065686717       0.52638137545278008       0.89929721716126021       0.47159912709072022       0.50973522451461128       0.70078737266485025       0.68752227763339591     
  0.19566306817799395        2.5900148886210544E-002  0.33618334703949099       0.13341658983371452       0.14000523215670058       0.30222945197391038       0.19667866255534244       0.32874454688898680       0.19448870653605657       0.12156221143353707     
  0.66569703800896307       0.85817619530225686       0.46431388782909183       0.44023780091149173       0.76056555158489625       0.87651780701598692       0.41976238613904315       0.52039905438536826       0.66552657409465577       0.48159884116599933     
  0.21455008956425908        2.9672598204294791E-002  0.36121582700552435       0.14840628495342226       0.15554728154064748       0.32692411223243917       0.20622537947759068       0.34685139785794494       0.20404778721650954       0.13719153783883789     
  0.53280204554213750       0.88561770998152223       0.56863300761692737       0.61984082378262106       0.50684838220813311       0.95627253612178365       0.42553209082878019       0.44455156912994381       0.65779185951793728       0.69478427708846990     
  0.23302208865726934        3.3598547071777590E-002  0.39185013499334775       0.16525719422319657       0.17086367964616728       0.34507196423037667       0.21550068360707619       0.36397929308117982       0.21327259479701524       0.15213957298948252     
  0.51974215224683185       0.73511804353326338       0.75241560516219386       0.61481939984414369       0.49731417341835243       0.51544648130221971       0.48341157021738168       0.47839286745550924       0.53071116725601830       0.53750269333358569     
  0.25088200805832167        3.7619540475955136E-002  0.41768989648735627       0.18171975027006640       0.18545161516504391       0.36145296012540656       0.22461702628544070       0.38047293228726564       0.22321346763652916       0.16758786109096535     
  0.73944317224832379       0.62473865115153859       0.89712019701628698       0.89661238793240772       0.64787794641068197       0.57878689787521154       0.47376509624535001       0.38639720016313900       0.55166987501469911       0.49303215091678193     
  0.26887079576709805        4.2577504506008904E-002  0.44013265924980227       0.19789084742483523       0.20052625607034544       0.37693128993083852       0.23380548264583578       0.39659672154475328       0.23490158233867772       0.18398910344372432     
  0.72843595281707529       0.76732526934455458       0.66817996235806520       0.49637167203293719       0.50540589932317892       0.56206808534185781       0.49676867422477999       0.49054264068046466       0.53720696416104863       0.60296266567374668     
  0.28768069208897162        4.9121474594325053E-002  0.46146482743159517       0.21325744213698808       0.21531112492666443       0.39261405144904465       0.24329125301886539       0.41306136852297870       0.24859800264654153       0.20238069450221483     
  0.46079269030650988       0.84284280759230745       0.63696323604333582       0.53209651573397976       0.64354298509660079       0.48322486478210597       0.39872697755748787       0.41939133174875820       0.59297866261539067       0.47718326318958093     
  0.30347506942264091        6.0769082329258726E-002  0.47908468354568645       0.22627250847122496       0.23051420070920856       0.40796362856451895       0.25319046979777898       0.43015690451504851       0.26407052075404114       0.22114742915478358     
  0.54122697258563102       0.79710447815614172       0.79713836378890279       0.48877794042068512       0.52858061756679675       0.68152025182512166       0.42516010319669340       0.45308438925183769       0.89977684623337351       0.51155357614991637     
  0.31859433882311594        7.0529960805796918E-002  0.49752077570882375       0.23814254261009157       0.24651365090162186       0.42327643800336717       0.26342924390593525       0.44686493027363566       0.28035158053880271       0.23898551867214299     
  0.52762111654371091       0.72799779661778163       0.67457800623741304       0.45497177366969060       0.48901898237646668       0.72357487205713567       0.48198150445648641       0.41385056068401077       0.77054354029235328       0.59519850671693619     
  0.33287643066888145        7.9379665747110736E-002  0.51236122577047472       0.25053025782226140       0.26303180343299132       0.43779454826262992       0.27458507501380686       0.46283195752116407       0.29809462356161731       0.25691365482757367     
  0.50784577498544592       0.55973406497035028       0.51250479592639031       0.44972389724434014       0.66111423449827589       0.64357801653573266       0.54604309948106045       0.51325332286040448       0.83634901736181255       0.55760261814768719     
  0.34705906488045707        9.1036660788745991E-002  0.52630977448662364       0.26444962134572653       0.28032707473973961       0.45173767518152957       0.28559137924205269       0.47825782270279288       0.31472998725788348       0.27494955089076145     
  0.61586428441018859       0.70286857241594869       0.55757365695404948       0.50859121142307639       0.59486624979550906       0.53572356873505556       0.66758487021977131       0.51446745620076173       0.75987648649454531       0.49434739471930605     
  0.36220944712261915       0.10334610255377930       0.53812257703030886       0.28101388896801099       0.29717516741954275       0.46478447097126957       0.29644789937649263       0.49393060793934135       0.33055979125715174       0.29387492006339411     
  0.50246113565761041       0.42136123538020320       0.64578834016610642       0.62778517416909563       0.50409475117369063       0.64441204015048403       0.54312454405750588       0.41828787179146171       0.59103825778653707       0.59201733189312900     
  0.37804307362309852       0.11717997710694084       0.54941906223525994       0.29836340755275709       0.31426053318366065       0.47655006127072247       0.30797632534137570       0.51061061830937338       0.34548114875575092       0.31223977316219054     
  0.51428948760541615       0.64612121316911708       0.54610795810585921       0.58033508881647766       0.65398696719983573       0.64350575830717505       0.39786530419105498       0.51446474110450657       0.54847048337041648       0.67886430520143948     
  0.39456655876289293       0.13244989080145772       0.55936346395650793       0.31453707190283631       0.33183808818212540       0.48876905227565448       0.31886115789656333       0.52583171412036545       0.35977742980018912       0.32967961867970419     
  0.71894149760352177       0.46911421007173815       0.44364180987288837       0.70089713512897311       0.72901233868996906       0.58720671245806499       0.52675351121466696       0.40157798201817491       0.65095704351101136       0.55850775152905918     
  0.41159714551243326       0.14784224775436655       0.56974197637418866       0.33114036703262323       0.35003780569285281       0.50117630345139352       0.33036785655569706       0.53912240967796499       0.37389152795595954       0.34698687359886771     
  0.60292678144631229       0.65536539499243796       0.55641473822594012       0.52949253124140416       0.70140231491773319       0.46186260251655026       0.43653029348447520       0.44954756773956683       0.61026384395703592       0.65914925598521146     
  0.42882149001701053       0.16484480904017518       0.58048133165719107       0.34867854125036063       0.36812499483532718       0.51369444676087206       0.34184453334800813       0.55168307220456225       0.38856711803124477       0.36447466764520969     
  0.62691490872231237       0.71345765589917987       0.37677237462724178       0.49897339166029470       0.49558615744865792       0.55176409711094065       0.55357651393905072       0.46417538359802640       0.62814289513635047       0.56676916143433398     
  0.44587613470042087       0.18243718540156115       0.59199451803151037       0.36579071986862477       0.38629476726650119       0.52622443776674099       0.35314629845381001       0.56383636375188240       0.40498914275650238       0.38230553435331999     
  0.60016244912284511       0.65479586255882127       0.42708844443735339       0.52724142266639118       0.56924371374380434       0.62880446239575161       0.51552252605994575       0.43163033730527606       0.56142496620870308       0.57634505946804393     
  0.46281847402836457       0.20157604959107750       0.60429875690631063       0.38181908751471766       0.40472998468700627       0.53830263026290659       0.36413171427318192       0.57716299271522575       0.42191553779590213       0.40111756536619275     
  0.59274957248616056       0.59215851004973652       0.70260782444780534       0.76325015660981876       0.89380764532598700       0.44353906556058476       0.60749988680410516       0.53507698187168473       0.60618075235905733       0.60258218722081791     
  0.47978299736373092       0.22112354230269160       0.61617385792586699       0.39823229470076110       0.42246360541090755       0.54994761682115856       0.37498459163532405       0.59169976293469972       0.43852938605104141       0.41905292133056044     
  0.63970202606195048       0.47694506315742113       0.73547437879974920       0.64297585894093567       0.60561100336856977       0.55316995330070262       0.60008136801553169       0.54428545770343417       0.66035529350467215       0.49258045300640763     
  0.49683431277277129       0.24080544556863823       0.62736096285969090       0.41589526023996209       0.43777015783750528       0.56135970044330508       0.38566224834068991       0.60608265938358630       0.45494178894662218       0.43432183538688884     
  0.50409559305850959       0.58821454538196349       0.62307876769465242       0.71134757231007983       0.49425547522047736       0.56170449332802530       0.63010291724495793       0.53516516118195234       0.67944059737242568       0.56087366270010586     
  0.51328374637960106       0.26093935998640738       0.63796681457152793       0.43427674393008153       0.45313591801787806       0.57181614968917138       0.39601791179018847       0.61823688991931780       0.47047061783663680       0.45043538037060432     
  0.47439832732417586       0.65117034967416088       0.53404372243755183       0.74426323028695984       0.54011866478057058       0.46312866708387618       0.58039122368994489       0.62106020959470232       0.51468580113277451       0.46161656126961143     
  0.52899547039739503       0.28078847726689171       0.64743567154979476       0.45222004663768067       0.46821644817183761       0.58195906547636633       0.40537624463094191       0.63007884212417886       0.48531290336962535       0.46598577837887034     
  0.56147260852303904       0.56499344881542579       0.47182136814883863       0.57832253294573466       0.48065773199668033       0.43467996547669152       0.53861247260220868       0.60580823471130174       0.66072679168997051       0.46349735396956127     
  0.54461856776682205       0.30052771897754560       0.65684138767692390       0.46964569341683127       0.48469893576144885       0.59253800244177435       0.41549450582380576       0.64200105936299579       0.50076847417894543       0.48234070574421684     
  0.61215871201426009       0.55480842507544659       0.68098083687181055       0.54661623777147050       0.62930738244861495       0.60672194023083814       0.38312877072853174       0.56135994483278262       0.75827520715425567       0.49630722423634338     
  0.56023736084289333       0.32063157663816350       0.66632198418262956       0.48713593205917433       0.50108459613149148       0.60361709862875790       0.42568198493295617       0.65411318117247130       0.51659050389587191       0.49923520923851261     
  0.65910829743111254       0.39308660782403476       0.50005560260251181       0.58689708634468862       0.53545514742938893       0.43201665042535758       0.74733322589045881       0.47529896674645999       0.62871468206122683       0.61823798836103094     
  0.57629762900771153       0.33994045534039791       0.67707089825667910       0.50403989505518021       0.51696953625720554       0.61525371639114146       0.43608540314911454       0.66626303940774823       0.53239721744153223       0.51524011677941384     
  0.54609893199825421       0.50992111693264175       0.58931934849185919       0.43998710375637229       0.55682260415895701       0.45783650441457707       0.58677636341275186       0.57690394974829917       0.52855889274834356       0.41053551317493719     
  0.59315548618427738       0.35952355379442025       0.68762585439891455       0.51966637946384520       0.53348831697917243       0.62731424479417230       0.44606710314955389       0.67615577043923014       0.54780214224598323       0.53103604454944342     
  0.59991574364272660       0.42850976550519732       0.53673575366842152       0.60245792191918679       0.58629185553963625       0.58793317340826257       0.59647648141125820       0.58267064968831761       0.66627654897261912       0.45972686894035397     
  0.61057736547742436       0.37883443671637407       0.69719135666312160       0.53426058346344252       0.54981199756665722       0.63947496230306489       0.45546487552352688       0.68597377927510628       0.56304756642190523       0.54709176813239169     
  0.63938195612984638       0.52673490844494120       0.48884868020887917       0.65548339921018428       0.50037721986515216       0.59680316080410090       0.44745527542635366       0.48604313869487964       0.62623239108742024       0.53193062633058530     
  0.62780849068731270       0.39734385347296119       0.70426424917778130       0.54538587777129877       0.56626104137578903       0.65131922749792492       0.46528240493814832       0.69569351652012479       0.57693761273918387       0.56326590457264325     
  0.68847275500253646       0.39210645640542752       0.44251534710817847       0.47445492987107818       0.53059970097390219       0.55291317143616514       0.60579876693466650       0.43896470398931753       0.44249973487246275       0.54416622731047926     
  0.64414693726280159       0.41529367178401472       0.71134282711772756       0.55477077236251360       0.58126185114887707       0.66288348396706998       0.47580636611639932       0.70619084521033326       0.59051326371984392       0.57946916396603343     
  0.67240405934245795       0.47684127738631249       0.44183732073400583       0.41445398196070937       0.58882793619487561       0.53515094689207832       0.81301082475255493       0.56670084116492758       0.48435189496323616       0.47229486259632081     
  0.66041363397633168       0.43344024652007557       0.71852197117247096       0.56453274152345145       0.59442279613256221       0.67439980543896572       0.48780163987419117       0.71688226978079617       0.60365045175045418       0.59367302635879549     
  0.58403089987546752       0.50324260972243307       0.53155991662269886       0.46229381967745548       0.53431907589200267       0.38311951575471481       0.85137157530873153       0.59793047310349878       0.41238842926123448       0.48702269862126729     
  0.67667608903806153       0.45122880837765550       0.72733733256816080       0.57313589298748990       0.60626972140605095       0.68582532049765632       0.50004907841880974       0.72784102254055938       0.61770811133491721       0.60550177354506229     
  0.60093382855052446       0.45213853487442290       0.54598477334490325       0.36168998254979723       0.45519071263618477       0.42739922818750942       0.68778640209441866       0.62288678628014493       0.60404726106486351       0.48784447541095227     
  0.69262567781379736       0.46950053769011901       0.73711024564291505       0.58447967224100128       0.61761309822959476       0.69710103209983310       0.51034317517895433       0.73878507975194618       0.63261464980461779       0.61496723435073519     
  0.53007972449226071       0.43772466574519542       0.59695611124835957       0.55615778146776718       0.45557999953016237       0.48948018830173812       0.62098294899807716       0.74028662921386978       0.47389604664022916       0.47642879740586780     
  0.70678525566046979       0.48812834891222046       0.74766351627087535       0.59743958771037697       0.63026258755563136       0.70727012494486652       0.52102324813587664       0.75030186498803442       0.64742023211129096       0.62824307543793256     
  0.48800135202810679       0.38094970928897626       0.53837066638007569       0.55905352994563418       0.44231376652973253       0.54533732080462016       0.57476061763245456       0.55468792527392841       0.59741380319439064       0.52269110816381503     
  0.71816637762177282       0.50618922078053508       0.75787701309410815       0.61337257927639455       0.64544812448620104       0.71708721517157059       0.53142133740777853       0.76214932845317296       0.66206099919786221       0.64380333726054939     
  0.40304972719846666       0.44901490686965334       0.70898766975413474       0.49766139792166325       0.48316026290662467       0.44879645852047334       0.64356936258294073       0.60985903634581895       0.51305608551116255       0.67026659950842915     
  0.72642865711029170       0.52356425817847563       0.76776445787230807       0.62993202115010916       0.66178906800368154       0.72598002373529036       0.54244314624462653       0.77372568428200550       0.67606226249542123       0.65887380351110969     
  0.40491712228550547       0.40851597062239148       0.54899560337819220       0.47053662402978952       0.67883067697783361       0.35761975932396334       0.61751953412752081       0.73771625585144185       0.38433511838167100       0.62696406667949001     
  0.73485811160726189       0.54084408475404366       0.77709702236854183       0.64718480713467297       0.67724291176296803       0.73457782004200112       0.55359674426314953       0.78318596533497209       0.68950973181877995       0.67488976077036400     
  0.40837115709849503       0.51711831208422043       0.56668094354109833       0.54990870933028779       0.63615876189382381       0.37298019437814034       0.55126714508644503       0.64690281863791177       0.52385855802869163       0.56082309096849736     
  0.74346619720997453       0.55803447891589064       0.78605483419899091       0.66507088222459898       0.69310147998843785       0.74445336073523238       0.56427408119177869       0.79238263467833248       0.70305947109911060       0.69227734173244893     
  0.38731263188659620       0.38530286435985717       0.58665403881943523       0.66342044545200274       0.52022254581366578       0.48663533263710479       0.61532199094355544       0.70128134993264413       0.41398403741767126       0.47410171490990233     
  0.75172286757303808       0.57489351647981024       0.79476113778879121       0.68332444663171332       0.70877378748292164       0.75455318131440907       0.57506229223932492       0.80057272322669759       0.71675572569634383       0.71109485674194262     
  0.43982186027980014       0.37768657750040119       0.59534326110883018       0.80258594216514789       0.68590505488224440       0.43996275795657214       0.56604169941961713       0.44224847405381240       0.49046768792594253       0.58231672334011153     
  0.76134334370655277       0.59148014774314761       0.80307846987826792       0.70036971190844244       0.72414506090852915       0.76592445517631869       0.58629650462764826       0.80869764943805988       0.73125143926175895       0.73063939330905370     
  0.50474501962037255       0.39090178607010601       0.56957276973780058       0.58027879878225375       0.48970415632213221       0.57032981000221439       0.59040470084898811       0.65420097709341318       0.45704017315162027       0.73004447232702296     
  0.77133561834313202       0.60835724848391826       0.81148789286226830       0.71634495741341708       0.74046887180785670       0.77816173443645931       0.59817625680481368       0.81789333878686221       0.74598580003512260       0.74872660338432251     
  0.41202871379337652       0.48991391103102566       0.51227886101596076       0.51452283544700717       0.56015106908925372       0.49884581756525881       0.72930049915044159       0.49818702756398447       0.49609066919017847       0.55537474688425714     
  0.78496750788196779       0.62515731845658440       0.81979301567013674       0.73262592448027164       0.75634578450984724       0.79059497074872476       0.60945901277562031       0.82765896674505068       0.76071434391032589       0.76610545640984751     
  0.54887485911808565       0.38860367072437968       0.50349512424194331       0.72048534665552288       0.56655850336009606       0.47989240934786953       0.63354948443680859       0.56913742224012287       0.45831870164515037       0.55334970748928736     
  0.80049762654479184       0.64165360158182050       0.82778694161879907       0.74890566392714042       0.77096010012788707       0.80326547275031690       0.62012620850187128       0.83957114492303153       0.77560550613939017       0.78127001660100281     
  0.58721504737065144       0.32367527104984301       0.63751163022467172       0.53036496233001662       0.57129449496197460       0.71301505667929599       0.56202424812015295       0.65038574512925562       0.46355347690486737       0.70835951042616163     
  0.81652830181503822       0.65792867931185939       0.83542688785697827       0.76513090116831373       0.78059682866408331       0.81599111212332998       0.63232066997791647       0.85124151105518930       0.79082598292932138       0.79635255414288841     
  0.61765507988723500       0.39006513002262883       0.58067872615042537       0.48202542179810542       0.42338521322967504       0.50416078693552513       0.67001699039224949       0.81483921827030126       0.44378482172850320       0.43499230773032810     
  0.83113790571015156       0.67433169357940870       0.84311798379229275       0.78099769604867886       0.78760616553791429       0.82824220354350631       0.64559616121288921       0.86235701256919073       0.80630148589772144       0.80605472763970298     
  0.61466401170274887       0.38467676746922042       0.58131796173824091       0.43338948363886320       0.34760655468172647       0.54273965476956509       0.67637619251837022       0.82392841118051108       0.48237147018462562       0.43745878189953297     
  0.84604117835220238       0.69049503836289217       0.85211408678688028       0.79567314981070136       0.79525324969958855       0.83918600768036589       0.65885136708931280       0.87262872973583838       0.82193413949683003       0.81664021596154313     
  0.56091811120541335       0.35582083112900886       0.52577503667277092       0.68660020244741715       0.29839181932457803       0.49913879578921200       0.83780767691969094       0.68111599802497491       0.45977636222861229       0.43304116582592206     
  0.86061692199820217       0.70751840542437616       0.86139225415933796       0.80922734243938221       0.80674466030233716       0.84916128442186045       0.67229043480163786       0.88284980790723133       0.83782890023880108       0.82723165800348997     
  0.71765005418140637       0.37093783114122736       0.73615785832862934       0.42721933315062488       0.57421188791901101       0.52619350512456120       0.66373334184415311       0.58986379932565103       0.51108448706975451       0.41306608897159919     
  0.87603604734905172       0.72503359155593061       0.86999365374596849       0.82221112290161213       0.82266029247005235       0.85943382024349868       0.68629333808092641       0.89164855070167925       0.85357764090649768       0.83972942733043821     
  0.64185967471487704       0.41819471809626874       0.51732042808901535       0.54713724837969502       0.78870164080658944       0.58335085836538136       0.68600529800382470       0.57094697037722320       0.42728019862363770       0.44710679910821399     
  0.89086617286179903       0.74010766939768480       0.87771367494698660       0.83420871527275331       0.83992055583629666       0.86999885047834069       0.69960915268509705       0.89695010746138792       0.86880959880696695       0.85391634307082720     
  0.61894978981153381       0.33572818524427778       0.59274522711112076       0.39112785835422331       0.57227060621670212       0.41618281900602466       0.47998520441087711       0.58500503737613430       0.47070665661506761       0.50159412788336255     
  0.90444378834480099       0.75507260256300990       0.88616023990812753       0.84718066346851340       0.85696252553762009       0.88225807376477539       0.71236182596625031       0.90308935567265436       0.88320862430431235       0.87209249392676480     
  0.50350398891873616       0.36885355509167317       0.62659755698910624       0.46664669922415281       0.63455507989194715       0.51899238291208183       0.64455972643638260       0.52872440557599920       0.40047312649246597       0.52177877738687894     
  0.91788248829024255       0.77003811907854147       0.89527763174330899       0.86161943508827576       0.87447675837898231       0.89449658513910757       0.72068173054101925       0.90883146714098517       0.89691832446112929       0.88937621934084243     
  0.56855032516319470       0.39182002987976833       0.51221486976671970       0.60305506696113842       0.70818449071829315       0.51558602445047630       0.52579368298817863       0.49799156644901105       0.38106582616944890       0.50770797360231157     
  0.93102797851290497       0.78801755249653860       0.90529254781223245       0.87925319169323202       0.89280996533268842       0.90684376989667792       0.72944819066490318       0.91912023149368305       0.91061609860284243       0.90392165701102045     
  0.64867761852716799       0.35479455224812922       0.56742976827665847       0.54492006552598748       0.57604937703803005       0.47456648343644758       0.53097336034555920       0.67762889035797613       0.30778899235680751       0.47697064748302281     
  0.94441531089637143       0.80697017799311144       0.91590632305816355       0.89685120541242491       0.91025668652572456       0.91869522862521480       0.73886352192475291       0.92915783134204788       0.92486379826202170       0.91664161182323289     
  0.59983830236144453       0.43857936479815951       0.62101705476952429       0.61306754954956888       0.51710042417679170       0.45788557304836058       0.44721890875773734       0.76770564464280833       0.36231349577042538       0.44032416371484184     
  0.95704863765383164       0.82827055773619829       0.92654122264150707       0.91445541691382970       0.92430825222784962       0.93055919271073562       0.75960345034327770       0.94300858613722993       0.93931999252077070       0.92922905699197034     
  0.77711151990310590       0.43091056085203722       0.47557937102123232       0.62624622548571851       0.53279933159069925       0.51023455388445327       0.74373641163752902       0.87226617198860679       0.38344211099427539       0.60183059743334588     
  0.96882874735841706       0.85155044569812888       0.93803119405996582       0.93250860034706773       0.93829732642265617       0.94210953883864257       0.78235320680463516       0.95669401572337698       0.95368630456433823       0.94265756674575618     
  0.56650719433548424       0.49710191501409334       0.52105653428563303       0.53427259756056211       0.58256163798443639       0.42930482429583577       0.62120028291783291       0.83366822875767699       0.47929753392011043       0.53608849057642127     
  0.97917243621602745       0.87738573144255172       0.95087010361439528       0.94935853189734498       0.95216359383134375       0.95388328719650894       0.80812010641122400       0.96777551451126553       0.96739075465690827       0.95786706734410054     
  0.61257333908254785       0.36668261229609939       0.59509687437398406       0.45331015896785604       0.48108267998007209       0.53173453048133057       0.62300665344868711       0.62453790358851125       0.36535864356538983       0.48997750701601128     
  0.98681951881354568       0.90366835229236819       0.96486660529973622       0.96615928593100042       0.96671524096250228       0.96533146307369155       0.83439901596725741       0.97805305403710852       0.97977366596203974       0.97297494121644290     
  0.54819100399878462       0.38461924417862153       0.51434754492801837       0.60497262189399759       0.64005836693065143       0.51451265415192582       0.80500733354124787       0.57338883614147895       0.38033600958866520       0.78970636577080255     
  0.99367054665166321       0.94585174271246386       0.98278887083552968       0.98300445976063722       0.98375837307264957       0.98228533956071384       0.90029208138029071       0.98870488515644317       0.99021070890060292       0.98671900978259408     
  0.48555268641985599       0.65410737672780850       0.66177817029402108       0.72955148481604093       0.60400349122115837       0.51974306515642477       0.79125483493217252       0.52085999996030885       0.40640616411993152       0.53782005829260304     
   1.0000000000000000        1.0000000000000000        1.0000000000000000        1.0000000000000000        1.0000000000000000        1.0000000000000000        1.0000000000000000        1.0000000000000000        1.0000000000000000        1.0000000000000000     
  0.70658096056556619       0.48452198675613678       0.43976695770303365       0.65228489195529959       0.63509443568774748       0.43420632872891057       0.37957174640345637       0.70918747093240397        3.0045670983360724        2.3158203435917541     
  -1.2748522505422497        24.647054392923728       -8.9894492681794773       -4.8885839506274138        7.6396002041065031E-002   0.0000000000000000       -1.1507723974885138       -5.1857753334502448       -5.6612887650607524        9.1826742494748874     
  -8.5244581699580362        4.8352211634231530       -5.1631416348716019       -6.4813771518932466       -3.3096171092164779        0.0000000000000000       -4.8090438920253611       -7.0112759086148131       -4.9675162265529416       -2.4826854640936920     
  -4.8780287539770137       -2.0960552095520688       -9.3888810445491728       -3.8483682212358832       -3.3692133878349231       -2.6650058468761468        4.1953713781252189       -1.3214667003367331       -4.1671993608419173       -5.6271778833801465     
  -1.4348516459593212       -4.7634190118807904       -6.2103759579671332      -0.45252237810205870       -6.1947268188351154       -1.4066159142028991       -5.5259473979469469       -3.6011678685420438       -4.4302642501389222       -6.7892378937594664     
  -1.1915800238177885       -7.8199947034075930       -3.6737579177301760       -2.3402407731255548       -5.7225486497092071       -2.7360751403419163       -4.7943631429080487        6.5687983076317158       -4.6577073549219730       -1.9682323409505329     
  -5.2884433217299600       -11.883559834139804      -0.59551318666423725       -3.7989021412675457        8.8584943510956382       -4.5206644518160806       -4.0948243164228320       -3.0747567197716190        4.6762688445125766       -3.0716598552640724     
  -2.0923901820212056       -15.217839691905295        6.9590695870773471        6.1425405000098268       -3.7158598918633827       -2.2076654650535970        1.6809132515692942       -2.7770872634034860       -3.0496217091523663       -5.7231040123606434     
   6.0297782479570321       -19.501978195107888       -6.7545255361901955       -2.9991077736034852       -4.8565627861179372        2.8269601132193354       -3.6268332048049419       -4.8066516977521614       -1.5107142814476981       -5.4031357859942659     
   3.6445493253933968E-005
           1           1           1           1           1           1           1           1           1           1
   5.1390594908987679E-006   3.8210303746336211E-006  -1.7522658063816648E-008  -3.5599648113701599        1.9507941215003522E-007   2.0558550935916763E-010
   6.2952791632459508E-008   6.2451621793356625E-008   3.4336133290869186E-009   6.0439875609146244E-002   3.4328440913015353E-009   2.7266932678091188E-012
   5.0000000000000001E-003  -1.5001381907132552     
