   0.0000000000000000        0.0000000000000000        0.0000000000000000        0.0000000000000000        0.0000000000000000        0.0000000000000000        0.0000000000000000        0.0000000000000000        0.0000000000000000        0.0000000000000000     
   3.2692214878022013E-002   1.9564641629174371E-003   1.6152408320255808E-002   1.7915657102840220E-002   1.7686398794187388E-002  0.12713880468539354        9.6294984483763932E-002  0.12030629029026281        4.0183931069677020E-002   6.9313592309036701E-003
  0.59175892951246001        2.3944093698768234       0.96594209272618470       0.74415781003644776       0.75388708368870305       0.39436288921154944       0.43205792888146988       0.77609127498103470       0.90242117514867881        4.9540902589912106     
   5.9220375470151319E-002   3.9988844271242746E-003   2.7709913165093226E-002   3.5592336259139587E-002   3.5252192672108190E-002  0.17769808943318577       0.14408170732466982       0.18735766169887808        7.2223148948708960E-002   1.4824033142478869E-002
  0.83320331948742865        2.3357170754629148       0.69127806304091843       0.61933039487208352       0.83067400013033610        1.3656604308498126       0.82449233081103668       0.63355035763185330       0.88113994496341819       0.83326868003888332     
   8.0046866764550598E-002   5.3794542301017021E-003   3.9008235407062122E-002   5.4007962409553946E-002   5.2850172713297533E-002  0.21320923203537412       0.16628515663964108       0.22818839435163857        9.4676627206321765E-002   2.5119643883796474E-002
  0.64292237481699710        1.4703258139701088       0.72812196525993544       0.58097413527003672       0.68667822966062175        1.8640869175852368       0.52009000591039234       0.60706967203731699        1.0419461718042100       0.87919453529577662     
   9.9986515929566075E-002   6.4750049095181929E-003   4.9736484780419511E-002   7.1166921492737109E-002   7.0971011767014855E-002  0.23756860212792388       0.18578146432389014       0.25993467682522520       0.10879856008760132        3.8798292091280995E-002
  0.82859780640148906        1.5628494352188216       0.52742501895391591       0.67866765918876482       0.68872934365288885        1.1195506185604964       0.50828473144881936       0.69166486666796079       0.75750511624406880       0.76212273378134021     
  0.11839030581225332        7.6250352130448739E-003   6.0898488515152963E-002   8.7383296828456955E-002   8.8915205657936827E-002  0.26062173995086091       0.20263168490758895       0.28580794164893297       0.12205692419389050        5.4785603065480762E-002
  0.75114770335572001        1.2220843230013800       0.78790492700460013       0.72810822193465896       0.67171509761899173        1.1971781108313462       0.51097534528662969       0.48971163960781139       0.63681750998275677       0.62095916724246136     
  0.13516443399316122        8.7877658491006764E-003   7.1601856345482121E-002  0.10375771810009257       0.10655978663920541       0.28995387728563693       0.21818299524703033       0.30753500701151809       0.13621258264072172        7.1063132936046935E-002
  0.77091173028407334        1.3957609882758313       0.65181641407513069       0.79264737764700155       0.56595142783686958       0.87648383206711422       0.71985734091362419       0.63593429925144784       0.70110782139918637       0.54704888829656928     
  0.15254362564066787        1.0067861672262351E-002   8.0260894969529262E-002  0.12016149064972892       0.12417843881062744       0.31646512591481224       0.23250961048794253       0.32790979563156170       0.14982199931371920        8.7643238794065131E-002
  0.66095921969455440        1.3261948258790537       0.52055748034119109       0.55305394939285624       0.86250221358779866       0.97500327360998862       0.63131179452310637       0.60041482201748675       0.86733768014736323       0.54883220902176943     
  0.16929130934187406        1.1408818648341699E-002   8.8455824475993969E-002  0.13639795616629713       0.14162855475802660       0.33568565711546239       0.24621752096316590       0.34801696252919778       0.16331946408092499       0.10441382730888067     
  0.58463468957137132        1.4516323623874332       0.81539894300835192       0.64906609723261854       0.69993362620926936       0.73919886550494784       0.60209730417869334       0.48197519672575412       0.95195639061507453       0.74681143598726851     
  0.18580767953104121        1.2964199854354484E-002   9.6613768138023623E-002  0.15263105463096682       0.15947184411112578       0.35191999337868307       0.25994689689886086       0.36725768186516405       0.18029134636879213       0.12115485783555092     
  0.91981058253034675        1.2898511065449167       0.64012945707482272       0.67340693753533898       0.89909079453720742       0.73999729887786025       0.69048352824165105       0.51063235158843012       0.92183828168045112       0.61466475404672472     
  0.20174150814760733        1.4733566508297980E-002  0.10499665755776384       0.16907729210215255       0.17725231953477122       0.36801505219111874       0.27331831914004506       0.38556400092059756       0.19909091771712828       0.13830905672973182     
  0.66733044900241700       0.85030976841635264       0.68424749250449224       0.71059828829828431       0.65481729077267214       0.73793542317185512       0.61870674596971342       0.59249435150556462        1.0420722596979628       0.70252755809882961     
  0.21926090923260025        1.6453010157178982E-002  0.11467867346681233       0.18482623223943198       0.19481675214442340       0.38245850498334227       0.28570920862153570       0.40305829595036485       0.21570041206290860       0.15592307250139803     
  0.62319571354308079       0.81573928367745685       0.59206529113374018       0.76324694846549590       0.74053958839848355       0.85715948693106536       0.60087354355247868       0.49532150788946933       0.81293801049586667       0.65325500834839878     
  0.23679392754176395        1.8369153197252373E-002  0.12429343897243374       0.19879098256498984       0.21236779657565968       0.39567961796391593       0.29639685881646599       0.41964374940108207       0.23139438703284987       0.17397403775142742     
  0.62353559009312332        1.0141889594108704       0.73976700945460538       0.57323070808115262       0.77018457171427224       0.70626719141543759       0.51254637149687510       0.46975553295420008       0.90003779301360110       0.69734571963109615     
  0.25434123056213237        2.0755263435646484E-002  0.13392056634732907       0.21363440326321470       0.22904354074259220       0.40844650140692790       0.30700667084259076       0.43459337319899732       0.24811991488884971       0.19103673179303512     
  0.61636995750893298        1.0511975130730706       0.72096834102176588       0.68522865154380275       0.84686533316634949       0.65705196024069190       0.73095344954613073       0.59439046735266332       0.77121367918903783       0.65613592591408343     
  0.27142178306312936        2.3782791493432938E-002  0.14361916071340733       0.22937412814776009       0.24602185832798673       0.42108773476581723       0.31749497953501415       0.44952557186529540       0.26595963879346718       0.20826389117226637     
  0.63183462597987283       0.97305061239729751       0.71952383596147251       0.58995764320522392       0.68927037035662242       0.71811288284395081       0.73506204536973463       0.57007819473915555        1.0086847988254499       0.74989941429577456     
  0.28597213002745253        2.7484800333068004E-002  0.15317291052232698       0.24492025338467777       0.26288724555658732       0.43191403986327265       0.32831005202995867       0.46438019897659094       0.28397920612810273       0.22597917133552362     
  0.56099512776886973        1.0258205758806309       0.78404135211402137       0.68834140975222624       0.53423203870248825       0.69572310524720793       0.63752303895989682       0.59207654705767809       0.97626401374627469       0.78075403494932072     
  0.29928713039310134        3.1870086510327564E-002  0.16305594110641772       0.26024534060495008       0.27993716660708379       0.44342929035921530       0.33958178430615321       0.47915672716914448       0.30139268385473639       0.24450105461086966     
  0.68255893464417572        1.0887797789799136       0.76540677340654295       0.55140632670124123       0.69126832254243820       0.80062331709713463       0.63035761529694911       0.52145586688090684       0.86502604280894679       0.68583147155028579     
  0.31221162147115705        3.6586344584536641E-002  0.17224910801649204       0.27498647282332200       0.29647820858364893       0.45397601335737620       0.35078962669384900       0.49543680613204899       0.31840302364459622       0.26329200595330943     
  0.64704302959306859       0.81555301138241054       0.76334353246632014       0.51579070179020703       0.98428266906343165       0.55047909808707196       0.85327625954826369       0.71893065371588805       0.93534518415044310       0.58153840944837099     
  0.32531740301019446        4.1871600212233219E-002  0.18022262896351271       0.29100611397913545       0.31312491775172185       0.46558416244588924       0.36158263572793370       0.51191354563915992       0.33426475916184717       0.28244296382031547     
  0.80342447890928170       0.89265670552118015       0.68592628661096866       0.71406556912693886       0.68332657848479572       0.54699433583982671       0.74246582724566323       0.69823619215005550       0.57135420098532697       0.51287101748055075     
  0.34006128251276518        4.7877070976261211E-002  0.18763246106723525       0.30829796867575771       0.33069097151689908       0.47705794491452308       0.37219312109557900       0.52834767325822918       0.35119265392926774       0.30198010691271249     
  0.63119073289721694        1.0833609897949144       0.62018762546098949       0.83127215722352088       0.87445391764418179       0.61010040772732088       0.77870608578685974       0.78784231949404959       0.80793053354133393        1.1152563024906725     
  0.35675188685854137        5.4473474041694656E-002  0.19502434925716355       0.32550994239678804       0.34832097848897092       0.48986615908673636       0.38285557762648514       0.54338917880062221       0.36873292116388068       0.32080003967421356     
  0.92172366786292492       0.76392184823990505       0.57360681498818655       0.77196990009937760       0.77472310483228213       0.61103385945645905       0.73431106893289100       0.65376853207503949       0.81397973359120968       0.72437996641398583     
  0.37265000472657728        6.1758105139920395E-002  0.20271448821348889       0.33977414070664036       0.36559828910758779       0.50288193527862624       0.39380753664853724       0.55747854311105727       0.38544827109657398       0.33855183298338432     
  0.90101790477784549       0.90611664032924288       0.74790399677504638       0.88255153786749374       0.73537425143821067       0.50042714801206778       0.63289174616666288       0.60114716155806047       0.98596372252673636       0.67061259778851323     
  0.38726904235101106        6.9749131170140005E-002  0.21143093835768104       0.35141811966095776       0.38264541843998973       0.51569947671282990       0.40528961638639466       0.57019210392654607       0.40083329391815875       0.35592806397126725     
  0.65013110704807631       0.62916812140920009       0.62124571631275260       0.67355516472354282       0.69062963586015069       0.80599521973778887       0.71240141210052310       0.78807956917651634       0.79603490797219556       0.72397102689622594     
  0.40163590578070152        7.9368324701312720E-002  0.22002341954407695       0.36286814753044161       0.39959148709650494       0.52794261117045149       0.41674467830889228       0.58383909449394333       0.41484930334332532       0.37367689565296697     
  0.59731418186038998       0.67782717197066544       0.68010499858558260       0.56497461052799403       0.77913816052620888       0.56219305307961609       0.90245156736631738       0.64096363283813695       0.58184364281019829       0.62733781124049193     
  0.41600531134773427        8.9495621363515798E-002  0.22952855243080364       0.37360503107998905       0.41639966233463621       0.53996997424687021       0.42752621906543936       0.59772139619404663       0.42892777324871778       0.39199871047822188     
  0.94248000600890713        1.0026132054172419       0.63675639876716872       0.65113377032782271       0.69174694554176752       0.62572953782458596       0.71784098672512697       0.82871169054861282       0.97333051291749095       0.58874653553330769     
  0.43143400122632408        9.9725383361613545E-002  0.23936923571983568       0.38677768066865159       0.43075433164734167       0.55231558369688527       0.43795018923360135       0.61069875415235142       0.44492781481415111       0.41099310701698288     
  0.60437092570572326       0.62351159417538482       0.72052731984386531       0.61154700711163812       0.71371923023842732       0.75895039509285234       0.69044036970520029       0.53676238253603381       0.73709101895530016       0.67023915762585662     
  0.44689597175037798       0.11013424075428620       0.24910236632598637       0.40238483728834934       0.44548223743998661       0.56526679286880788       0.44839058080502081       0.62216844886922484       0.46186457589527002       0.42981746836798007     
  0.83348927946842366       0.56437617194851486       0.61059224358437247       0.72600924728572214       0.69357895239185030       0.91723973935101322       0.71238617138580218       0.75632458501921795       0.71243149928586313       0.66830588456894613     
  0.46367788686795458       0.12142850280786967       0.25849127877684203       0.41892360779595184       0.45886042198188404       0.57830960860749603       0.45859948597337191       0.63298836180978779       0.47865011794119894       0.44818684687433979     
  0.67030875434706250       0.58264815596903818       0.66083416580442000       0.75907291099442231       0.60063998116139961       0.66028739537153291       0.64830507547922456       0.56619171895693055       0.88877928015069851       0.81678753547333860     
  0.48090714499849874       0.13339563574690891       0.26775171730677599       0.43635593660918515       0.47183589850398028       0.59116527952823628       0.46449754872109877       0.64427450319992774       0.49440055099012076       0.46431304031799187     
  0.62636906485360155       0.52020205238899353       0.61551690326985964       0.71880709979559732       0.51628230276299658       0.75324110321701532       0.48869145282665055       0.83542575633396587       0.62689120239990015       0.56579711759198981     
  0.49850782957496320       0.14583433724399908       0.27769414773237672       0.45306598947806698       0.48666232670615389       0.60397025292088158       0.47033313970661872       0.65488262363677674       0.50959925418972907       0.47920536331903030     
  0.76006395309331487       0.63736778240656966       0.62389538915983556       0.71241340341131609       0.73756134932760586       0.66937417538451383       0.50399559748261114       0.90149306892963466       0.72807258045164958       0.61495900622034516     
  0.51526691059445573       0.15743611135509036       0.28800831602497007       0.46816656214381491       0.50256559755797137       0.61566785121096401       0.47659204824793144       0.66593317322021572       0.52387488270492055       0.49453238573175923     
  0.57260620029656673       0.46951715811265360       0.74035113775228722       0.71606570136035674       0.81233409588229355       0.90887397302787698       0.64288953865396259        1.0059965054041289       0.71929319952401083       0.81809570337266269     
  0.53181055042734460       0.16734317346163194       0.29871359110321655       0.48099037981401410       0.51997397683376256       0.62633011677983574       0.48326463290759852       0.67664063681848885       0.53896463670934347       0.50923374225835638     
  0.77084780490660687       0.42440441752158087       0.87190568977828020       0.58839168980735412       0.67234277992124514       0.73350478049943824       0.66916101187400012       0.76242491991478256       0.70551543780402981       0.62028187914193178     
  0.54826211939407732       0.18299375823358277       0.30999052575376096       0.48915996280121993       0.53630679552503713       0.63684717590661166       0.48953940829239950       0.68814376446485082       0.55243667806298113       0.52726776714745194     
  0.90667885581846630       0.70438086719633808       0.78483554972170455       0.45968040927548776       0.58203190017376927       0.60182471347951216       0.51271529705511154       0.70314573873427444       0.55028300840376587       0.65953465951645418     
  0.56578620229634291       0.19830895277271293       0.32074000500795452       0.49600534183414624       0.55138712362950804       0.64790721430057308       0.49983648555526600       0.70024078214063024       0.56503160555929011       0.54276494104308703     
  0.72422849052370109       0.48938763545015967       0.52365523348283249       0.44512035146525564       0.62387315152154110       0.62361086548947009       0.77009564713705037       0.70202060771450092       0.77578021544417630       0.63729032555143927     
  0.58387185119669360       0.21588515673606651       0.33064589742476502       0.50530849687127954       0.56582776177720173       0.65959635389831950       0.51097676490868493       0.71297919095352835       0.57742465176144075       0.55905695488403928     
  0.64975998494658893       0.46329833618879102       0.67272954688091424       0.58740561635525113       0.59741118150322770       0.71894493057190778       0.88835030231327539       0.82537138091320195       0.58374558323938763       0.51706994337369205     
  0.60169893377604355       0.23374435221734879       0.34097409478904783       0.51461494621329207       0.58273150324001277       0.67023731656598418       0.52204363437233847       0.72286560195099481       0.58961519738567358       0.57638835409458677     
  0.63961843244340133       0.52409435162232754       0.71692830936814123       0.52828443270647807       0.77527152108479691       0.68585550647061844       0.76953749310376718       0.89184648116459408       0.52876055356388529       0.59335253881442096     
  0.61959254278891351       0.25273612526627232       0.35220517331617224       0.52442587824250109       0.60161888831272281       0.67950213227139189       0.53136912617146992       0.73135797400987079       0.60266923251133997       0.59566292200961801     
  0.68126782448601508       0.56308552356626462       0.83387035897682493       0.64356908072887542       0.74342666462185492       0.75454797580935040       0.68114883455379638       0.52845580523194724       0.77863610799792560       0.52133838662436427     
  0.63721792849740055       0.27071313452710238       0.36396275519495769       0.54284861321014655       0.62038758808327976       0.68885777435996964       0.53954851110747193       0.74054083157456085       0.61673877969994129       0.61502937625900034     
  0.71150655247338823       0.65096190367901807       0.62907398146323090       0.87876665134364818       0.76909576759989928       0.60588861592802401       0.69557632954472448       0.84691247181437046       0.54911012276428006       0.44806343925919689     
  0.65408751956511257       0.28954324437288342       0.37477120216430987       0.55939808321115936       0.63800675838296139       0.69825033036098361       0.54804126530011976       0.74885571837253828       0.63196355678421667       0.63404317165555946     
  0.84117723735712724       0.51282227497930810       0.72029912355066839       0.61053115493792876       0.73352885601710116       0.65226433620233548       0.75466729246619479       0.65069200306408714       0.55751191538604883       0.66426408238461998     
  0.67041347203846402       0.30958706619441256       0.38373789553782295       0.57437476691755895       0.65447851085118514       0.70973377400918369       0.55792951057478957       0.76148792490876716       0.64667548887473258       0.64910603739033090     
  0.80921258201735180       0.53349802523355938       0.56244739767644580       0.51370306067213845       0.80307933702522860       0.69765796090504295       0.82370992377334962       0.75949027586129958       0.55849280498336029       0.47546595051447926     
  0.68628485495173330       0.33114305590288445       0.39199063352859209       0.58913774711418132       0.66145427550331604       0.72170985854815728       0.56874216991187743       0.77219131959285270       0.66116626809739831       0.65974789437450654     
  0.74313652611966396       0.56620783227127147       0.58056755713967068       0.62040750802706446       0.66327501859040428       0.74815486545212351       0.66695918755932282       0.88049673571421172       0.60252701031716682       0.71177494643843686     
  0.70085461351284339       0.35391284485509750       0.40174015458938539       0.60538492602938010       0.66859328908762750       0.73353101500425177       0.57956306875636088       0.78332032210411340       0.67555202627560362       0.67012718291548035     
  0.79823680602414426       0.55504720958356624       0.73730490390300996       0.61933761202979754       0.41938695237110185       0.73075600267153762       0.97557655303052648       0.80636334519484476       0.66307466957689720       0.58926195188910946     
  0.71544912611008549       0.37745437133145276       0.41284137524587522       0.62253641548929683       0.67510418098963698       0.74529450419377952       0.58988296786136563       0.79422542046674716       0.69041942599547512       0.67958358638632244     
  0.59943462022389371       0.51360324391570744       0.52808719970256091       0.90143636426175511       0.61428672757975022       0.68479672679111581       0.81471432479449757       0.78438209913293644       0.67035944322312546       0.75013728546680847     
  0.72846584717944962       0.39921537052371381       0.42407200117266580       0.63888875681502189       0.68081359681255693       0.75693991401941751       0.60055667819530589       0.80559909472852664       0.70551359243380374       0.68847827034741549     
  0.47435655961523993       0.51937928651894116       0.63722021853680999       0.66595402977233698       0.50929026211949791       0.52051735568889623       0.71904581307600512        1.0083828988635581       0.78184470314433441       0.49121914708330927     
  0.74286964659386046       0.42103400048881190       0.43574315857093054       0.65448391465292777       0.68790750854585758       0.76730854285598404       0.61071546024933943       0.81694841668029972       0.72022200625082744       0.69806068973138813     
  0.60926246298869069       0.63050187408635838       0.71418883322492022       0.78568225658931534       0.52470476193787097       0.59672013372426191       0.68973894844745121        1.0185318658724598       0.73702153887954891       0.53364225749795324     
  0.75820883219360635       0.44368967900289430       0.44811577160586263       0.67015575168723673       0.70116054944725070       0.77577842009291031       0.61918336075684266       0.82707019935255333       0.73510284999593223       0.71158024273820342     
  0.72038398868419284       0.55373482585820177       0.69366084981704423       0.83418165169898173       0.75743410592099047       0.57856734790849851       0.61903271288090123       0.72584281276616147       0.72071410047758233       0.58152139721199125     
  0.77481635785134384       0.46647135684639907       0.46117858077271329       0.68685222336926877       0.71603844576920139       0.78254791615197905       0.62618244685164226       0.83707532324014633       0.74989878478125316       0.72935741535729282     
  0.67087422692700061       0.53904602446766026       0.68833268331713959       0.79169217289124127       0.76057537997183033       0.45723571364854620       0.73810762776739647       0.64318857640084481       0.56298196887645680       0.58948030931288398     
  0.79184970553201728       0.49018237953081073       0.47558516485338370       0.70476592856212339       0.73193543347533241       0.79156373841423189       0.63345757752365317       0.84868078597884122       0.76447663349349504       0.74632920906831224     
  0.81777680185893131       0.53062789170397417       0.83724544327282124       0.68189619393475753       0.46387008548811209       0.57383765635007933       0.63862852731022635       0.81384851139412928       0.64391587823525320       0.63194870226163957     
  0.80832654752749000       0.51437606513771028       0.49085703677955467       0.72334533364576326       0.74739035934947595       0.80192291214393963       0.64251091081690559       0.85676824378166039       0.77920360116776777       0.76219549037642320     
  0.82910881285291871       0.50994310184966229       0.99583907396190108       0.83516448532012921       0.69231943487841285       0.62179671899160738       0.63692877407497306       0.71097794044869722       0.50166979029205672       0.61739454531842641     
  0.82370135151721635       0.53919240647900679       0.50698463698300444       0.74072332481778547       0.76368039987202208       0.81270631844896379       0.65148363511199803       0.86305835834878630       0.79395777700191839       0.77738948048410705     
  0.78405582733776469       0.49685523701466316       0.63545585377118152       0.85278479591440937       0.92662817534613451       0.53084269668965967       0.73516356285438234       0.46003508916858299       0.60197431738628415       0.45028818457085412     
  0.83655001177016131       0.56388747286294094       0.52354183460154058       0.75610066281663368       0.77955121002092609       0.82414506489611039       0.66060334261648057       0.87013435137198558       0.80783564223525683       0.79210746391329900     
  0.51043646675036747       0.45900489140984030       0.69826843008785122       0.94786679118830874       0.65213607679705254       0.70871472555260462       0.92859650459547249       0.65453935310210287       0.45665509175317209       0.68625475195036545     
  0.85005017811171690       0.58851247962302999       0.54242579135157609       0.77179816949418178       0.79345055839348544       0.83631082274285118       0.67119350668277289       0.87725753995599942       0.82164762466656316       0.80731120580032567     
  0.70434062671730246       0.56167138544989315       0.86876511559638370       0.80282123966290164       0.65563916253846333       0.56447225834548198       0.87920288803488167       0.66410897451679252       0.51296820158875300       0.59049152346238643     
  0.86460164163050468       0.61356517030062030       0.56232876162015932       0.78762134472303469       0.80704474218484934       0.84798396474943294       0.68341155696512335       0.88408357015196326       0.83590736313067682       0.82298600616022644     
  0.71896356238592363       0.51008805002169277       0.82694851822380300       0.60906732007815068       0.53446516932823362       0.67542558396136709       0.68624568498423355       0.74256832404991224       0.64635070392318728       0.63767455716471988     
  0.88042424361024385       0.63893626047259366       0.58347039794608935       0.80357512674956288       0.82076213313796698       0.85850966532176032       0.69592953413825098       0.89188909381364390       0.84969237380504370       0.83888284288929138     
  0.55417124658508743       0.46943066381833926       0.86909512381218945       0.82303331657060297       0.64005261456576978       0.75763794848871668       0.99974606498556884       0.66805643127821845       0.76575561561114447       0.61223499179357488     
  0.89403118635828849       0.66471009553773175       0.60639162315872563       0.82035028240068475       0.83652069195867840       0.86862479282403049       0.70860998611183346       0.90116750579667626       0.86351300460651792       0.85692235977866549     
  0.65319049198626156       0.51079120378450549       0.79489260567400488       0.66537905449234125       0.54023003174285911       0.65130341357485610       0.76569762389934770       0.57262459285860046       0.45489409244494622       0.66345453600440329     
  0.90354022375362741       0.69130399040502011       0.62944772579335506       0.83788882017681965       0.85477868004032709       0.87897306973990208       0.72078615709981664       0.91089026159958342       0.87746265569422977       0.87538694134757367     
  0.66696311229290395       0.45235612997335345       0.65826326770833299       0.74484886788458726       0.66227575657303606       0.56422917892692537       0.85023374086775516       0.82751274169509959       0.66509027977460033       0.58509438380240475     
  0.91338199276824605       0.71789626319253252       0.65285027703796161       0.85551598191565126       0.87273457898430584       0.88891528686585519       0.73319097865641647       0.92023741862334185       0.89179171893260401       0.89325399009094841     
  0.68430202981291843       0.49219468721694321       0.89945809981975633       0.76332530880287908       0.71854146231179317       0.66164973697747498       0.85822100567864923       0.73033590316067620       0.59096519375092882       0.76563762417461811     
  0.92290858671497500       0.74493586293746650       0.67459724359025419       0.87356423289949281       0.88991494099290980       0.89859219242768007       0.74592103962150746       0.93069016136023630       0.90577541481560531       0.91007700672515413     
  0.57918660529176580       0.50429381841920284       0.65683486826915116       0.73011075412599469       0.70723641568601037       0.59299695564047672       0.75398512822416575        1.0323802671657620       0.60096620079751883       0.69006758702213611     
  0.93193989267123101       0.77277412117256528       0.69172798856080331       0.89056086790009092       0.90667950907650230       0.90799091199845716       0.75955908825367535       0.94033740896384777       0.91950659570150606       0.92600378294713259     
  0.45123090094971419       0.45517987035000612       0.55280655105138032       0.67985400213306113       0.79416872076158018       0.62491293520105562       0.64841149090142414       0.83077094960016173       0.57471920918154418       0.72085506220238049     
  0.94229046410473460       0.80184519895179474       0.71224077869306224       0.90778335733715043       0.92301513440114380       0.91830690099384582       0.77523969505364854       0.95126098027513439       0.93356664362965602       0.94190841438949413     
  0.56224151781473064       0.49714423315244788       0.70919335806721051       0.67071619501639823       0.83242298136184412       0.60282544722367981       0.65561294899475508        1.1595754311385871       0.47035113583476540       0.64900533374971203     
  0.95708793433471340       0.83247844804309612       0.73312392335176146       0.92584334990540296       0.93964212925552004       0.92998587686673340       0.79302640541561453       0.95970162076328447       0.94769526199293885       0.95760236380897956     
  0.92119794004245270       0.47309621954374376       0.57822154048066909       0.72500851360866692       0.72222253937047665       0.68546237066436511       0.88478312590525399       0.61619924483160571       0.47619046198620429       0.69013505319151169     
  0.97091564249923101       0.86518668006993860       0.75837009005414668       0.94487407465252116       0.95592481518364847       0.94344512182515017       0.81449311215496289       0.96855981980014305       0.96101115649789959       0.97137275079327823     
  0.76481770885651790       0.54123263141319078       0.75467518513894694       0.91814138575528337       0.78208845809710448       0.67910509460093971       0.89774676312881818       0.62419175539701788       0.51325084851635561       0.74211842698117692     
  0.98260508153027704       0.90170706182940807       0.78190315951714284       0.96254160689821111       0.97146581792506459       0.95764321489922855       0.83924610099639785       0.97824715142701990       0.97501675917358166       0.98225820484838167     
  0.72289114798222687       0.54817940897645223       0.46437425624414963       0.67545700744738657       0.80258666213049723       0.62103390986430040       0.59693458515376352       0.76602835141866688       0.46155524432228351       0.73510737240932134     
  0.99192668724722866       0.94715179802226301       0.86634029120134937       0.98087204556911955       0.98577192586509255       0.97694264192605695       0.89373298241308097       0.98914462720834406       0.98738846251251677       0.99139372780100565     
  0.79413979490859021       0.49251285527074812       0.92926811222251393       0.97293840007525401       0.66156398274161099       0.77926331798974102       0.72860319827774334       0.69990676313683986       0.42272184540630825       0.87094668858178237     
   1.0000000000000000        1.0000000000000000        1.0000000000000000        1.0000000000000000        1.0000000000000000        1.0000000000000000        1.0000000000000000        1.0000000000000000        1.0000000000000000        1.0000000000000000     
  0.66658946715002909       0.43619450141444754       0.60493413875707946       0.95148943591575330       0.67070363754006734       0.58265711924132257       0.44964553836448828       0.57489860472348153       0.96155437170576885        4.5409928048844064     
 -0.24403167047959268        20.965069669059947       0.84939363775255106       0.96778644442257522      -0.28552034073776583        0.0000000000000000       -3.7084724840437944      -0.22862685095589363       -1.4115124527080447        2.2369753529521081     
 -0.20617848300043112        3.1333306115904711        4.0472649065532469       -1.4164880511713733       -3.4323403782094912E-002   0.0000000000000000        7.2943523738436680        2.8204515982001428E-002  -2.6573938736043616        9.9573381019696079     
 -0.57728890541550792       -1.4302308343902324        1.6880313572273806        1.2369090846885515       0.72874778939186047        1.7635992078378300        2.0814654539006829        2.2798036715565622       -2.8408684578978991      -0.66852925117745110     
  0.83930538468226024       -3.5648202548402255        2.3339837276044504       0.18777207172406052        2.4391389211412000        1.5903721179321995        1.1678817055545214        2.0474012908240100      -0.10156665684650869       -1.8571775919110818     
   5.5904554708632421       -7.9141633010531995      -0.86075336794192725      -0.54702028851713591      -0.64918282402895389       -1.4912427406017517       -1.1857985232230835E-002  -1.6093554637761023        1.0155715581563560        1.5887251054282057     
  -1.0180670769054778       -11.325163506307012       -3.4501628739562116       -1.2128377105644657        4.3359889579291293      -0.15317135546570668       -1.4908435773214974       -1.0366310063668813        1.8893377069123247       -5.6624085741591203E-002
  0.43003759147815213       -13.996714862683421       -3.4292231854762658        6.9030991603321832       0.27822660735090154        7.5102476884657152       -2.6487305887890455        2.8288925668246456        4.8259599068298629       -2.5432728896180907     
   4.5522265016783230       -22.094289542157938       -8.7783584915282340       0.59630663503203019       0.98084900097276428       -1.1013722004703013        4.5480065014191471        2.6888053604957483       0.80012801179260529       0.76718267731356649     
   2.6450052669911166E-004
           1           1           1           1           1           1           1           1           1           1
   3.7049385980050273E-005   2.8559668807067943E-005  -1.9482299607660452E-008  0.23839903908187637        1.6499226798022057E-006   1.6528766314996190E-009
   3.3406252514675896E-007   3.6130878708038067E-007   2.6666216776544160E-008   5.6909701773376377E-002   2.6657978496767042E-008   1.8211287412740314E-011
   5.0000000000000001E-003  0.60768547046234045     
