   0.0000000000000000        0.0000000000000000        0.0000000000000000        0.0000000000000000        0.0000000000000000        0.0000000000000000        0.0000000000000000        0.0000000000000000        0.0000000000000000        0.0000000000000000     
   2.6189398489818244E-002   1.6458162659848663E-003   1.5834693018630972E-002   1.6455561560087966E-002   1.5249858596064234E-002  0.25096524988845648        7.8920944854590058E-002   8.4623230881704287E-002   1.5698538217146736E-002   1.6423245174940440E-002
  0.49322277420932037        1.9519204365389571       0.61986041966983108       0.62282454860101366       0.52968576567827208       0.62553500082640479       0.38748512417350661       0.51530920309593808        1.0351806817804170       0.48950385813029879     
   4.9212683281920022E-002   3.3204117397244741E-003   3.1940418004873170E-002   3.2830751089097956E-002   2.9906817392540089E-002  0.39750966306790270       0.13699295768268774       0.14660010890488048        3.1153037198612090E-002   3.2618581783868297E-002
  0.67982936189251808        1.2044714180304799       0.59213706123752230       0.59615112354914868       0.54273025252031093       0.88488625908055119       0.47210056943820700       0.48146579499346531       0.73580004298748436       0.62912268351786016     
   6.8097767060768893E-002   4.8541372471205078E-003   4.7891620180075339E-002   4.9362705907703835E-002   4.7024016679490736E-002  0.45924092267082589       0.16415764057374052       0.18459571928335813        4.6036351928261457E-002   4.9439540576592486E-002
  0.70015265474944033       0.86415583256339679       0.63809204539473574       0.67427164921951521       0.55068841436079896       0.87954377713075460       0.51195222367541449       0.53076822915135424       0.77108391700800316       0.54495407742857305     
   8.6624648267857887E-002   6.2690090847772051E-003   6.3736746365467029E-002   6.6321583821661673E-002   6.3802266420840636E-002  0.49915019783385700       0.18744855677884673       0.21155084841435970        5.9615802404529877E-002   6.6566195386675131E-002
  0.50652788111331370       0.69569807893763469       0.80272707232651741       0.68097686960723380       0.57232939084604373       0.84787057615263162       0.53209559845855436       0.65729779754018181       0.76375977389972793       0.46429253692689842     
  0.10431279858238196        7.8028680694874706E-003   7.9820902866182264E-002   8.3212187695099193E-002   7.9604002164490387E-002  0.53033499581419019       0.20553560752208980       0.22953986803250329        7.1207385747833626E-002   8.3152962337373501E-002
  0.58608396891618131       0.64149480426601890       0.57092990572803759       0.55609089353192909       0.60097328432775754       0.69378876198986184       0.62025003821858593       0.56836743623712060       0.60363717016565310       0.59118909285126386     
  0.12201968636817531        9.4496895108291974E-003   9.4763624559667650E-002  0.10000518488940825        9.5580231505375854E-002  0.55164270572305707       0.22223054609353102       0.24639027415266257        8.6788077579546707E-002   9.9623882954858703E-002
  0.58594942501430458       0.55205707961973005       0.56926181785187591       0.62521074904346852       0.60852937924761419       0.64189928866739010       0.53610236519572263       0.71037122929763696       0.68369674656807633       0.49027628147034208     
  0.13799492817704265        1.1093242465006568E-002  0.10930362663664527       0.11630918321579564       0.11281181641069050       0.57203829056545574       0.23680306801082335       0.26082903672047691       0.10542820189796268       0.11552779022748169     
  0.58559116063777350       0.63724655519530449       0.55413873541997938       0.61389358057982102       0.58106829864239062       0.54784964538927849       0.61031138705007537       0.57806841727361258       0.99813248404866362       0.51481776213941544     
  0.15407279245728150        1.2932871734587313E-002  0.12408090258476520       0.13244855650172524       0.13017746923833834       0.59044591917237377       0.25002503765307837       0.27514253350548795       0.12439180607949857       0.13208655423549603     
  0.63561842302290306       0.61194824509961543       0.59984957854355281       0.59227254244465644       0.58688737389694989       0.60173321596260154       0.59450960913569262       0.64006745604400028       0.78315938557259257       0.57807780054844538     
  0.16795273918139389        1.4736449215610976E-002  0.13936866094941933       0.14820870826408347       0.14949010720441769       0.61003029162465727       0.26113336949832949       0.28764672525381429       0.14354120801494602       0.14493483308424618     
  0.50888816273492365       0.55233326925647031       0.60295298288500188       0.63885282846264257       0.73198101521219283       0.65647796576555784       0.59411412835383892       0.66441363827060440       0.70193541918126912       0.48928238618201170     
  0.18199913018040961        1.6737815925202574E-002  0.15498901439465870       0.16404440299235595       0.16819310716154051       0.62630143476558620       0.27195117003286445       0.30047604985663190       0.16134066638844283       0.15697617798204797     
  0.59211707490926668       0.58996056504134731       0.57483495460054157       0.72414548944685331       0.62910309875403636       0.68452539237733245       0.62912998209098059       0.65367934335646705       0.73636812035316623       0.42730745333560727     
  0.19631081827938918        1.8818352977749916E-002  0.16948425427318015       0.17970048357171228       0.18554914504283512       0.64432371349699735       0.28233208110548497       0.31194661147963343       0.17806728301113955       0.16856630293323743     
  0.60321412223756143       0.60625180489751029       0.46241657568540306       0.53434761783132356       0.56556386531282299       0.53647985406600862       0.53705246687137176       0.57218395306611769       0.66427583115013833       0.46255266261185213     
  0.21147333914233410        2.1009306871143125E-002  0.18334889678158750       0.19540981286780829       0.20165828174773870       0.66164134637916561       0.29233299015039077       0.32322213410590050       0.19520068310059246       0.18049518440453755     
  0.52668014590038414       0.47929716547072160       0.46985909139289295       0.50374327263045160       0.49809624059628732       0.55998702067581052       0.46569001882061012       0.55742407824738671       0.66778998778282728       0.46914430323653367     
  0.22774185181674816        2.3395359954685283E-002  0.19724960136030359       0.21190939366815054       0.21740092587947824       0.67825112343691873       0.30211475736047150       0.33315671699670174       0.21343719148595372       0.19124851836913126     
  0.65412740944494041       0.50719555601433319       0.49215709259840085       0.59375294463414940       0.65622896487575511       0.58754468217075928       0.58408083781433173       0.58505000274210761       0.73951093922909528       0.48262538516655085     
  0.24432676129865277        2.6059132651339630E-002  0.21184999339895288       0.22850716757277437       0.23322053048396643       0.69308063859521329       0.31197470330729815       0.34255628628521134       0.23202108019063508       0.20242701453423903     
  0.62776686666965320       0.51766996356932637       0.60763063564557884       0.55013493901179855       0.55266472314171700       0.55976688053581980       0.65770066586083098       0.47209154119170199       0.65196940749458832       0.49101996715607593     
  0.25934256551572787        2.8894353092121135E-002  0.22671374439076458       0.24461930537490489       0.24988483416171220       0.70712419674309446       0.32130014944126511       0.35233876867269937       0.24819468976012435       0.21760006182227726     
  0.57881611172297998       0.55835927660067997       0.50803854820991579       0.54507631797652345       0.55874516067088731       0.53698964134428950       0.55089826980835732       0.56252517195579943       0.59259953180669511       0.46968220256533333     
  0.27322241976426592        3.1951883575671435E-002  0.24111374143901601       0.26071557755216157       0.26705906574287003       0.71985264087553291       0.33046562879650715       0.36262403769982282       0.26469165584262794       0.23314475812200011     
  0.56188173819434373       0.52545449130760646       0.51417058447278008       0.49084295362630237       0.59427678972801257       0.55147351548398349       0.64717988312600638       0.58532121104220824       0.48948844040648398       0.45746926436204505     
  0.28841771723152493        3.5449093534455182E-002  0.25562681093430267       0.27649725546008080       0.28356702497748448       0.73211320118973422       0.33936980533818806       0.37185693530821046       0.28263791436950780       0.24980891438212677     
  0.52795162143817087       0.52366310721498677       0.54452467158051543       0.49932809562298852       0.63517477079400642       0.48413384407805482       0.55881280100395236       0.47039098078531449       0.56191286994227474       0.57007321179073112     
  0.30427619317460697        3.8987318057938876E-002  0.27024665572318235       0.29233976571893855       0.29919141252023579       0.74349864290440026       0.34824901267408204       0.38046384900400732       0.30052169552562452       0.26651373917410281     
  0.50694172799383153       0.59230558464912930       0.52056533686779194       0.56627947690435076       0.57894068493051731       0.49670676729028063       0.56789282516622330       0.55312286728081994       0.52465028321127072       0.55874799098123373     
  0.32088258919729989        4.2807936796905519E-002  0.28373086744156162       0.30819873071916948       0.31466694954556440       0.75463296544580061       0.35675456513550374       0.38962586110633934       0.31682049985512062       0.28325360340636024     
  0.56692790521925662       0.49569146227488031       0.54301989423772157       0.53085291859740924       0.62758691429400881       0.53301402280583121       0.76257311948068085       0.47816580769881578       0.53046303573695053       0.55160743265269419     
  0.33762607720380822        4.6661787614781361E-002  0.29660431511920465       0.32378722398661930       0.33038718113526422       0.76545953451817350       0.36517637861636060       0.39880449968603099       0.33272164706146928       0.29983090223924241     
  0.50730614081216052       0.50298822249362085       0.52336200858936377       0.48605836607087954       0.52506165346484779       0.48842510423187319       0.64308667125499008       0.49119343216014794       0.46904148689365183       0.55580032464768692     
  0.35402986670444420        5.0774715871110751E-002  0.31231895730111597       0.34010404279626139       0.34608660758311860       0.77552379360456392       0.37293727799830823       0.40842456923567244       0.34809693989855667       0.31639082293256576     
  0.54704951680839176       0.49825276221619297       0.54469434221445912       0.59097648582865769       0.55543604263188751       0.54452087710627195       0.62089503803185764       0.50043654969859619       0.46770024085806161       0.53965237667950861     
  0.37045274757849367        5.4928408684574256E-002  0.32896120591790212       0.35678604747288190       0.36181444859681589       0.78475870286741312       0.38002826600683393       0.41898884779455231       0.36411552840619882       0.33301803006241804     
  0.61096520376550301       0.57924663036040525       0.51494591952304558       0.62380354674189553       0.44582729972251539       0.45319510869911989       0.65084900209193863       0.58662672742976829       0.41926106863407386       0.54327537990023778     
  0.38650110460495501        5.9412508356995686E-002  0.34451802534347931       0.37430656067816775       0.37724445618824187       0.79363370034384795       0.38766760380832238       0.43126273072661325       0.38023597295711375       0.35036023799153776     
  0.55670356540196742       0.45968916814750238       0.62956171116544590       0.62922842911008048       0.51636866438274787       0.53852611502258474       0.51261968637055111       0.56810175895224968       0.46305449802429932       0.54916185819745644     
  0.40267777449509634        6.3945222515076894E-002  0.35976736938629167       0.39101740926485412       0.39187832677354789       0.80241885225216258       0.39575337878403166       0.44346204720346150       0.39638994165715041       0.36801126917591137     
  0.55105724499673170       0.48018396890012865       0.53982331580358955       0.57845121620036533       0.53780718514026626       0.45365379400651351       0.54525895795993273       0.46678071253472814       0.54102742564480533       0.58813457612593267     
  0.41812321265416935        6.8790469463456363E-002  0.37392108684602526       0.40703255034763702       0.40579920691922966       0.81081339212314518       0.40375222733370392       0.45561936137464387       0.41230905752460439       0.38603668036028654     
  0.60984511371906625       0.55970227648260329       0.55976088322606232       0.59326382243321285       0.53586596369057893       0.53137787296987637       0.50460431287762197       0.48704493945272048       0.50542165664030947       0.58609245078701089     
  0.43300375249941536        7.3651157638268988E-002  0.38733700320615083       0.42290845706973318       0.41947192284102364       0.81891128238183652       0.41179149981584678       0.46747970646973114       0.42781463393993813       0.40280504159173852     
  0.54544933767353543       0.54533740702620837       0.54477366405073890       0.52581590040820303       0.59595801994302189       0.47869826324316928       0.63197902731216271       0.60057551845857515       0.44904419642650062       0.51733362907530955     
  0.44721392866262821        7.8767307830777358E-002  0.40006540091513748       0.43954550271623233       0.43286603092831838       0.82687530824206645       0.42001614274109789       0.47939546209887218       0.44307004732272193       0.41776290999617599     
  0.56448580043484486       0.46586381757899525       0.55207691742486120       0.57056907942693214       0.50483598517989647       0.46173608433571489       0.51981812680638972       0.57190212538052632       0.44510352472392883       0.50493713126390505     
  0.46133514966656208        8.3945105888920582E-002  0.41281111296055739       0.45695700693415714       0.44590627695382024       0.83489217170737640       0.42819644388099315       0.49132910576961014       0.45827749903887782       0.43163094735328644     
  0.47013959830873542       0.49749286119115849       0.56981916931252019       0.56351001196880024       0.55894209645349968       0.44488182741996063       0.69426712369357912       0.48720573810357520       0.43880992077267250       0.49251968374505617     
  0.47257101625195430        8.9833332853772124E-002  0.42343433854249657       0.47498877771783543       0.46103388968610276       0.84252832298536751       0.43582369281575289       0.50314718461494767       0.47375211801910955       0.44484352235247721     
  0.44486053941913495       0.51341943615521357       0.50870657488901860       0.54949119718080008       0.54345590148507272       0.49983162726296332       0.61732986911271692       0.62659180435179818       0.49176355968348406       0.46943114162616434     
  0.48424441676209440        9.5954923624278710E-002  0.43378334403051183       0.49309664519528201       0.47592429324107810       0.84977830272343691       0.44248205610786706       0.51528257500949826       0.48992956245024566       0.45917696555751786     
  0.51263011830697203       0.48189083520047210       0.40922813445436079       0.52824526400238103       0.58769216148830483       0.41978321576404359       0.56855470087796312       0.46577966979310659       0.51047199654846209       0.57649374408405996     
  0.49659387982174313       0.10269355725009094       0.44626686048645564       0.50982128316905451       0.49125997840778063       0.85667157765024049       0.44895843415436071       0.52761515757779454       0.50633573564995971       0.47354154909084245     
  0.42650267166381334       0.47520752148046791       0.53737521011171774       0.59517545932950544       0.50977371234797419       0.43496964320253961       0.51318335626082190       0.53265359011081370       0.50747853760141837       0.68305658259840962     
  0.50980418946051553       0.10942172849073030       0.45891535272167916       0.52535184663177359       0.50683200379312299       0.86347160262619016       0.45499176683928944       0.54007642763707331       0.52195071913542246       0.48678355207089652     
  0.48161982647057883       0.51266312183763740       0.59884719408700304       0.54628180585801656       0.64346644653083462       0.52963590462908527       0.53619126612053403       0.52556793193919049       0.51851271991020664       0.82034543562998818     
  0.52370587990402362       0.11672912214578843       0.47403366141384373       0.54126396654571785       0.51979874291454209       0.87011605254412761       0.46162139670579555       0.55317027938529262       0.53737675583347211       0.49990777564021122     
  0.48712963189357894       0.41155864492167277       0.49971279936338364       0.58507564429222325       0.49781193130088541       0.46098189651111915       0.64123524240734087       0.48539404207643289       0.64436527936090326        1.4480284824550107     
  0.53842764916355346       0.12418634407571197       0.48881382168057624       0.55854509495438620       0.53325403755926859       0.87671043395622528       0.46785459866357293       0.56659655145938814       0.55314934095773793       0.51297278797550638     
  0.51084551405619583       0.48674765073734977       0.60471359027011773       0.61459671304670294       0.72767764744802477       0.46382746152247445       0.51576541360682959       0.45152507348212384       0.45399204040869506        1.3442164927801883     
  0.55358436686496804       0.13260864384773996       0.50465181932510339       0.57543645528798282       0.54577258761135361       0.88300874815809394       0.47386541197284998       0.57955760189315231       0.56906430519719198       0.52659766171439193     
  0.59361118538106417       0.45730150821502502       0.63130898873746510       0.57034223818256191       0.46979515995774490       0.47098750321068078       0.53086581454789450       0.58344287102944992       0.46025659282175008       0.84381501097187994     
  0.57015256912652701       0.14124380111900292       0.52031331914876700       0.59129048750064594       0.55869557323005814       0.88913972745404513       0.47967170235153600       0.59226998326993718       0.58518182686173514       0.54073256363850386     
  0.48572351375784906       0.50477962483323935       0.51944298468186600       0.51366674209943308       0.56702377045392960       0.53393986447382447       0.39915779962982151       0.57776080128918561       0.54377345745040695       0.63086491614449891     
  0.58742975904874861       0.15041198903418090       0.53510166328060205       0.60662630103568760       0.56954691955111414       0.89518916151370720       0.48648353605181910       0.60375325596213714       0.60152143526575930       0.55516861699919828     
  0.57905923936024473       0.44377377321087247       0.54818366179495004       0.50899098468430315       0.47749258931335137       0.54579644519720294       0.54622060064525113       0.48768770107423404       0.45730705625018137       0.57701175399289517     
  0.60479714054354861       0.15971642737565500       0.54984845552894279       0.62185268706905195       0.58095098758750752       0.90117441228865425       0.49343141125399653       0.61589403601826376       0.61674247161877360       0.57001365611885879     
  0.52064206554967651       0.45725189968556129       0.54998707331569829       0.50911973504228458       0.55889679802007053       0.53734266400112463       0.48510146092059980       0.49929393618233492       0.52785157274187544       0.51655909636621689     
  0.62233623928310700       0.17016638150787222       0.56395659535731169       0.63802313857827786       0.59285412884089383       0.90691709055456315       0.50052029411670163       0.62899252463592825       0.63117830027253419       0.58549485710313731     
  0.61185605752441685       0.58172015385906195       0.49153026139919148       0.66828090332108248       0.49933238906905281       0.60048436791723436       0.46408977800512419       0.54131804057518329       0.42482432712105839       0.62210218262530448     
  0.63923058751785244       0.18043533744550549       0.57790034586323014       0.65416593953589297       0.60563203956631895       0.91228259999474670       0.50777384394171898       0.64251983417909453       0.64520654106426922       0.60034682803481287     
  0.68990433508503946       0.43968548075623798       0.54705332388753902       0.61287745677974592       0.46598458179541713       0.46699371125479289       0.50904006337594010       0.61006122703732379       0.44516992104496300       0.49844341911030166     
  0.65562236825099096       0.19149500565877259       0.59218722038870020       0.66973992003257499       0.61884525625499431       0.91753698856090860       0.51647476626245148       0.65632882142444571       0.65925659489199218       0.61600665198209614     
  0.65341026730820806       0.44145969133576546       0.43654599117952997       0.61344541656992624       0.44469921630796100       0.53397636679220195       0.59904838185119114       0.53311190355914795       0.58431290430102711       0.62342632951253840     
  0.67168787493615711       0.20288696593917868       0.60646212182865744       0.68478125933732936       0.63295915609586550       0.92267337243578740       0.52499666989189087       0.66963972264121319       0.67417971564729118       0.63208899368758198     
  0.63638641284285380       0.48441906455521733       0.50798932336178415       0.61945051224364378       0.63105987063501634       0.47117433439208645       0.58334841175760477       0.50913810049134800       0.46820801598569650       0.58579577205847833     
  0.68739147304069070       0.21576477613285788       0.62099353209293973       0.69982511981345996       0.64784288281897073       0.92771069897964320       0.53350718625487714       0.68296093968917138       0.69011211384466842       0.64855864665947438     
  0.52913298771128958       0.49151012182598519       0.55533525965163932       0.58514322980051037       0.49791382684591778       0.47115247540235017       0.60681491684106037       0.60021504987532237       0.61790662202386004       0.56207899458679245     
  0.70250582609689338       0.22892671620703176       0.63570536143909151       0.71602863348113488       0.66355975629668362       0.93272255121581349       0.54209915819196330       0.69651925202188936       0.70661525599621888       0.66496944742137898     
  0.60287534892571992       0.49646024468910399       0.76865319786338726       0.59676189580238914       0.48971783225657328       0.53460802650476802       0.52960537997666257       0.49983315186909666       0.53233289516054882       0.52430404310653256     
  0.71711003355828251       0.24284590853904053       0.65034873764222800       0.73229048728395585       0.68014958351217514       0.93755604356372135       0.55241920039296111       0.71151468157384190       0.72365927203755898       0.68118430310007616     
  0.51294303987774492       0.49497761723125677       0.61010366000044003       0.61316247774053245       0.58898940942784683       0.51879953248933586       0.67918250792005608       0.56056282348909747       0.54411971072181209       0.56854173811617992     
  0.73239828885155300       0.25784327292525705       0.66539627931112588       0.74671345272384193       0.69666624388112142       0.94170846668773378       0.56260616430807620       0.72693861973009910       0.74089671382252087       0.69763994959556597     
  0.48476394985621840       0.56354722455073480       0.56687115641195329       0.63048864233900415       0.56606942261274340       0.60050937515782088       0.67460285483465343       0.48400971401648962       0.59578377520008707       0.52851434454342949     
  0.74809142722537547       0.27595598788316006       0.68137555065507993       0.76128233337130258       0.71343729439836623       0.94585670700673341       0.57273283012813569       0.74283125482666967       0.75750923664440784       0.71400302230362656     
  0.52084475422770138       0.48688469517237121       0.58593932738379273       0.56815409716194054       0.63499158932136679       0.54978263873838140       0.72482233305970278       0.58203368854319248       0.61064886326874368       0.62646854405093610     
  0.76436087164621980       0.29502617015904292       0.69731456571312200       0.77726363856218306       0.73075254088354469       0.94970115944175726       0.58188883692919535       0.75864909519737800       0.77374664299973239       0.73035784267009862     
  0.61813735041903384       0.47180541298821943       0.54323668067590236       0.61638245547741688       0.55402072638666466       0.55157462737512208       0.52650204025787917       0.53452722961393606       0.47172796656170857       0.48036858468352023     
  0.78135811458276061       0.31593904138644396       0.71312650814155498       0.79286562097381663       0.74851102450115359       0.95357293338875126       0.59136025260238756       0.77458971615680361       0.78866893379713077       0.74703302401781535     
  0.55093652514676406       0.62063869677428662       0.52787197136273234       0.55904068034456844       0.70027704226505327       0.54559075725058404       0.58095691759371848       0.63395110178819847       0.49949510204646291       0.49156245038661778     
  0.79748808568883955       0.33720215407221771       0.72880177627435860       0.80695102605454117       0.76596817834912834       0.95731473924030830       0.60125967812452441       0.79062708865365039       0.80359423806514529       0.76475691325985040     
  0.71436372592413122       0.45530955322640532       0.53943801557181015       0.49738282922411187       0.70241800589178494       0.50294387652558414       0.60434927923509174       0.58240370704860644       0.45056976098325907       0.74576594439137389     
  0.81189200681281959       0.36098800702059169       0.74447624627795572       0.82099553620989207       0.78311925982626618       0.96105060441595480       0.61190026810076303       0.80693372664245533       0.81821795783480522       0.78285826999780328     
  0.52876210557240122       0.49897959248360185       0.63396989116829416       0.53491339736353727       0.56828836776340674       0.62575507786694118       0.56134082030845167       0.46428484892279764       0.63366780841826298       0.72083832078001919     
  0.82668229635223855       0.38632793780120123       0.76094920202910787       0.83561710127753497       0.80094462604752359       0.96455854822036191       0.62310511571719207       0.82185696767219729       0.83308837509894651       0.80020577351246636     
  0.50688223959122902       0.63156180048815769       0.77010336284777314       0.61135002225664736       0.61204820417393624       0.43053137398795549       0.54059077904452058       0.51752698057885638       0.57193061521517274       0.53756200031744694     
  0.84218734372989590       0.41577341295116543       0.77596579814069921       0.85228155787390547       0.81954437085773435       0.96804855052735983       0.63423250554396116       0.83661644419815939       0.84731564399202108       0.81719744434445130     
  0.49603926727378733       0.57010412511897779       0.70110128856443843       0.51423801959031246       0.65964252810780022       0.50934948577254635       0.55133864485795669       0.71418358425308237       0.51325598913696546       0.50257036113954423     
  0.85824012954236695       0.44964366329087219       0.79065056412024415       0.86835569103220700       0.83749643100154947       0.97149240524481539       0.64536253252327580       0.85171788697511908       0.86146307470494321       0.83422479138170680     
  0.59134454160021366       0.47245756284501411       0.48168784437155343       0.71279860450256738       0.62835212291519049       0.53123686102486478       0.52466562891990909       0.53809667682344386       0.45948746824085096       0.59749652275037113     
  0.87407763719891840       0.48702636081065337       0.80584105779419013       0.88398023834639083       0.85467067681775188       0.97497565306177181       0.65728126105649520       0.86711773678970738       0.87587419605358052       0.85121581651194089     
  0.65066683360496247       0.63433119718328068       0.57324270288067980       0.46208941156559558       0.61381803289761849       0.62313228090037631       0.57773466013136476       0.53263226231678118       0.50234637544414240       0.48807858784560609     
  0.88904240742520513       0.52985587281051461       0.82134005854150050       0.89925643017983536       0.87167915556504449       0.97791686205051198       0.66963871177302792       0.88222474753292990       0.88974609128168214       0.86827755059344447     
  0.57596172715411786       0.52711421135631642       0.51493689759909178       0.52997607088812826       0.48500483023351715       0.63997000223008593       0.45356030620385079       0.71186221364708557       0.44963687808761660       0.51920950803551436     
  0.90353564359690353       0.57487780624329687       0.83808978404487877       0.91491892020602572       0.88849688864818177       0.98043221721212548       0.68384434895306956       0.89709605919340207       0.90420017617385506       0.88560861740828445     
  0.62945631020045967       0.75887438680006436       0.58637561104153113       0.64483163631443829       0.51544950890100349       0.61183751675572384       0.54623820870543738       0.59047648589962276       0.54287220878056197       0.49700028014446962     
  0.91804773457356625       0.62110382972359757       0.85561037374974946       0.92921608440535119       0.90535046658772289       0.98287226713491838       0.69989511532801163       0.91202030014774704       0.91872358127131859       0.90310485204244584     
  0.61391019019446358       0.59749636771161574       0.48808516419004372       0.47383592380443251       0.51443171012271183       0.57748977278761138       0.52690998889376772       0.61820070840170283       0.63151649006707267       0.52627610163683425     
  0.93188671737513173       0.67584805426637129       0.87410818859337169       0.94387142509454069       0.92236223265173622       0.98523662600526463       0.71703870108371881       0.92641064540276641       0.93325265637150578       0.92101214176857493     
  0.51537492896755976       0.48550358773393271       0.62531799283218892       0.62975841944906241       0.68016442649855835       0.55647736923317959       0.57808484413873140       0.60405985366641413       0.51190874146875942       0.55964654474735498     
  0.94612679477053219       0.73767378953638296       0.89317260442234347       0.95511664361855797       0.93953439010617545       0.98770201117052059       0.73560066966954230       0.94047314539506999       0.94776745022016273       0.93837791565320361     
  0.57222690839354839       0.67034139306205975       0.55866449483140923       0.42804214133369373       0.59431620693217280       0.55673064516090043       0.63032229993745914       0.68637608759059632       0.54923036710734763       0.66518368687025342     
  0.96020900158521394       0.79745879801288844       0.91578781261652920       0.96640849750777846       0.95482016550884419       0.99051897618960749       0.76043597307247845       0.95528217224010592       0.96148632086319086       0.95409476421798900     
  0.64930230993694760       0.73158623635870490       0.74306465674828936       0.41319143760678795       0.57400568411638397       0.80223828207535752       0.69516997754617338       0.59089161100451804       0.49205767898152292       0.52542193370424217     
  0.97457112001810664       0.85860777171032987       0.93920139458039331       0.97765560657895034       0.97076782098644920       0.99345385298268496       0.79422041404166344       0.97000127469750719       0.97531300056669801       0.96956416839657822     
  0.57525205594195916       0.67100667613379994       0.60356152079566083       0.49730958856303775       0.52238386467009001       0.79473604036257817       0.63549098939131976       0.68150680449643808       0.62538098586574686       0.51722717113204819     
  0.98740079026561167       0.92822922977029987       0.96899313521957087       0.98879645917624104       0.98559211318934414       0.99676243932250397       0.87150247796559299       0.98499125930386811       0.98786588101859196       0.98494254899395561     
  0.52381240011538543       0.75670885671384547       0.74651085783334836       0.44788160185629705       0.51980027852529820        1.2210866082359684       0.63832444675015776       0.87003469896526575       0.54698482074999655       0.53919762199771715     
   1.0000000000000000        1.0000000000000000        1.0000000000000000        1.0000000000000000        1.0000000000000000        1.0000000000000000        1.0000000000000000        1.0000000000000000        1.0000000000000000        1.0000000000000000     
  0.75405696055292770        1.1363113010966308       0.52358902336077051       0.44391671150539685       0.50901103383370416       0.87700802089168162       0.38748512417350661       0.83013455844165573        1.2368562539940462       0.50806398800943120     
  -7.4098362689693342       -17.449468883053502       -10.304375702604169       -7.8483301022813254       -10.594735775763304       -6.6771874387121750       -6.6045507763582751       -10.691998584300444       -8.3796531822624925       -8.8350885888621598     
  -12.308539589740436       -8.9688256487460354       -13.250221374679075       -10.284926160610834       -8.3355499053729325       -4.2412800334722673       -9.4060413368568767       -8.0666971095952320       -8.7421153852381543       -8.3675172380117626     
  -7.7096752996739868       -4.8763551573750883       -10.939623798858545       -8.1525599875928965       -11.130325663315464        1.1765586836164796       -9.9229798679856618       -6.5618032038922465       -11.998914799521465       -12.121919134598905     
  -10.723972147040108       -2.0967473741410565       -8.0882014114753513       -7.2669536813973554       -10.689064851841303       -3.8060880382205444       -9.6775869172669466       -9.9863419063315320       -11.118323238980086       -8.6347306415614380     
  -8.6907321783401432       -2.9371236409813357       -10.636109313053975       -9.3219864555499878       -8.4958332396077125       -7.6711131918416662       -10.213845135053385       -12.871546174122404       -8.4970979412346814       -9.9835829129892719     
  -8.6631040818447431       0.80930333895061279       -4.5608387750625248       -10.000995698202582       -8.2003968012230004       -6.1000542828462283       -9.6395604929454972       -8.1916472444951580       -8.0352968883607740       -10.592912876286277     
  -9.6136394473677225        8.7405086636612292       -7.9519772702916329       -12.373864006535515       -6.3181001767628802       -10.068188857691048       -7.7700818306748323       -6.6292351838028587       -10.631845497919825       -7.5330284572279522     
  -8.9690439802173856        16.381519919295226       -4.1971443840691220       -9.1619445666869925       -11.035271092501668       -13.130206870142862       -7.0503676820341346       -10.132086635779975       -9.1626784768010605       -8.7390890470677292     
   2.1325975604678175E-004
           1           1           1           1           1           1           1           1           1           1
   7.5982303188989694E-005   4.1260321950020505E-005  -6.4007196131075339E-008  -9.3760692467864235        2.8262802093484457E-006   5.5555209344422263E-009
   2.1224760258872312E-007   1.9973428712590334E-007   7.2503359414473619E-008   6.3609339857186808E-002   7.2469201444565467E-008   9.9240433472603836E-011
   7.2049912046573735E-003  -10.515159549268246     
