   0.0000000000000000        0.0000000000000000        0.0000000000000000        0.0000000000000000        0.0000000000000000        0.0000000000000000        0.0000000000000000        0.0000000000000000        0.0000000000000000        0.0000000000000000     
   2.7526490409674961E-002   1.8733662351158231E-003   3.9107426310107732E-002   1.2312223018484119E-002   1.6193070845879273E-002  0.21624558740341240       0.13597270934954994        8.7196068879249689E-002   2.2032558508065719E-002   1.8123004857762900E-002
  0.48697347635912847        1.7813633110576428       0.59374860223815040       0.48487681252722359       0.53726904512859586       0.57826181627731943       0.36871102947800027       0.36612827178981783        1.0279328060380515       0.97112921053843870     
   5.5182269597506058E-002   3.5209195886775784E-003   7.4118098300250249E-002   2.4693451763580787E-002   3.2773309788158095E-002  0.41731902624188721       0.21381010779306417       0.15315292212040549        4.3705591440479384E-002   3.6044795954602318E-002
  0.58166277246901199        1.1242489310808710       0.60783635763030930       0.44512869397983434       0.46976429613943788        1.4404922479768312       0.53347097499229756       0.86847068108402681        1.2576945073334371       0.60189469856052213     
   7.5553160232799399E-002   5.1097534555025869E-003  0.10206664807366594        3.6619497938177946E-002   4.9209031086045636E-002  0.46772842810240950       0.25302418218407291       0.18883235961238798        6.0510026608709078E-002   5.3617868972227922E-002
  0.56226590477630034       0.93541209420037630       0.79883931089613147       0.46646243144016442       0.58094143480872240       0.80022560045780522       0.57002881688778861       0.65649042610258213       0.76670737945259348       0.65374686554641459     
   9.6607818119629194E-002   6.6108832039529688E-003  0.12836661514435838        4.8817686477378844E-002   6.5046182944797790E-002  0.52047208857076865       0.28128443073682335       0.21881830732086802        7.7640410275174265E-002   7.1005105877484154E-002
  0.59751492331800182       0.85635513475514402       0.64436678883755349       0.43493391465697695       0.52135714603760253       0.87311051911108439       0.60327757221107503       0.72655791960581584       0.89047688539079584       0.55756688810200550     
  0.11312496702917742        8.2655001063683935E-003  0.15053666507206873        6.1553275994706898E-002   8.1050687309141278E-002  0.55423029137677393       0.30350673154634716       0.23152946779104736        9.2388996286627750E-002   8.8409433191111095E-002
  0.63974765841934256       0.66950600410362182       0.64623070208227185       0.51607558517309970       0.51386326576645480       0.57387225328616454       0.58146724336278410       0.53328932200698409       0.64325020769401808       0.55619858510555720     
  0.12974665293348561        9.9241642693298163E-003  0.17149028830657864        7.4773315307531910E-002   9.6664902857891880E-002  0.58570409610604013       0.32136068821233815       0.24506007063119600       0.10712905200016161       0.10631775851020422     
  0.43467987303914341       0.58948778303001037       0.51859064794157372       0.52164004625518834       0.49806549032794334       0.55691774370362079       0.44067065788984622       0.56878346433539972       0.68859173209883051       0.56351154101363898     
  0.14626582999140922        1.1677470114096802E-002  0.19088367933398082        8.8567688583128801E-002  0.11215123598354990       0.61293348209720788       0.33657376347938961       0.25797323355706331       0.12164537509821838       0.12457976697899695     
  0.62757708871638251       0.59056404983519162       0.52071653925763939       0.60961664101753876       0.52437696036172399       0.66465047838144464       0.53556073942273463       0.57389358054733663       0.66594464059913472       0.64352765188541405     
  0.16249448544776415        1.3502869495392525E-002  0.21055519270715481       0.10224617564490711       0.12800146372621818       0.63721159804517347       0.34964517011102647       0.27165208429029819       0.13657542164285305       0.14321765485184451     
  0.43762127318998045       0.62138509192947511       0.62511641546947749       0.48076978145854848       0.52816258187442755       0.59587424848363058       0.53754239290247463       0.59656372234680322       0.52683302230847684       0.65427609037046353     
  0.17979566870147826        1.5462880827113052E-002  0.23096591034634623       0.11578309511599844       0.14310878189689846       0.65830744970977628       0.36115452733096365       0.28283632602008929       0.15192316166454828       0.16211500609728857     
  0.57917455761095438       0.56881207935944023       0.53693638197276605       0.37116168678848521       0.50303159746278658       0.52839571301373256       0.51260482679700292       0.59966285905607908       0.73438012205405945       0.48317431991677229     
  0.19715092395010189        1.7549304596631211E-002  0.25035832044199713       0.13181709985360790       0.15824823574018690       0.67694927556597095       0.37168247181582514       0.29361183084935655       0.16852702615439366       0.18107439838113687     
  0.52419549931236475       0.55795511812822385       0.55093933515891935       0.49792131576594423       0.52945173339727358       0.46049947925851503       0.45869975691883907       0.50060486796884229       0.56440379249435357       0.61837109420788361     
  0.21519382223017386        1.9709675780512186E-002  0.26918895081077776       0.14896693270798089       0.17229411043288073       0.69353932785168826       0.38129140627613312       0.30318745171539269       0.18435746179582044       0.20009735781981797     
  0.65375833441023989       0.54803461033341005       0.66486684321988743       0.62538995669873010       0.62666161647629492       0.64944604726284494       0.50297809437833962       0.55226910375927052       0.58593899438806785       0.56247022509816780     
  0.23307246329252651        2.1982349837210466E-002  0.28813581335687016       0.16504500682421447       0.18559398118923351       0.70948359359880842       0.39066439638147343       0.31236480966625974       0.19888103590957806       0.21883049972523899     
  0.50139200840648779       0.48391446637752306       0.57217811421089815       0.54533661935726041       0.46766871055441972       0.49552202555002728       0.57995026499101154       0.56124636240763803       0.54344641854344899       0.51488669358675243     
  0.24843387717747262        2.4221711455659347E-002  0.30655465165997015       0.18082801486947853       0.19852919397392885       0.72506461025280822       0.39961217310771868       0.32131413259225522       0.21222897634868704       0.23687170637948407     
  0.50873803398321116       0.48962815830105155       0.56017131638840112       0.47179556017420082       0.44287140860935259       0.59109982386686200       0.53805660684533374       0.51174644912321476       0.53430267487700922       0.52031642709516623     
  0.26420601302408475        2.6468009173523040E-002  0.32460936249386757       0.19645695610865366       0.21166041998855367       0.73839338956530132       0.40846037197834950       0.33037813516752484       0.22605552964398012       0.25445516316498590     
  0.47607221799940025       0.43633202364002333       0.49512971873586492       0.54187009957730559       0.52239786719719383       0.48821483373379498       0.45714209776893622       0.48196841037734328       0.43887893661740962       0.57539054186515493     
  0.28164414114965214        2.8710750297236635E-002  0.34223566964827629       0.21169925554575292       0.22434238271118459       0.75075338112056189       0.41738097836601451       0.33987738560300851       0.23865449020585297       0.27230603851633373     
  0.56650307676367206       0.40677992010000436       0.50430948227481109       0.46250811538034042       0.50365597377078519       0.46719336128102601       0.52865617624706907       0.50332205727202095       0.51530896247336788       0.49956117257705068     
  0.29922075727573078        3.1075446650104584E-002  0.36008671032983414       0.22679204800403385       0.23861724968720960       0.76158303710784492       0.42566397939260570       0.34945565051210353       0.25134933479594901       0.28988304968141382     
  0.53783145557120193       0.51593738937454769       0.48708852031885913       0.48767595345910697       0.46425924803542612       0.43074604179139908       0.43800764571418715       0.43380883072336851       0.53133544419023060       0.46516701289129631     
  0.31579854511777311        3.3486333021878138E-002  0.37596668180073595       0.24156442121261146       0.25271605179570550       0.77201120814018076       0.43303159441263939       0.35938336172582847       0.26583131640333846       0.30721909085739096     
  0.47720479233706431       0.47075948841481507       0.55966448687979997       0.44631689016426301       0.62319189633803518       0.39762863486336397       0.44779158624881843       0.62281082536511667       0.50075448434146186       0.55062755159859811     
  0.33169224777983436        3.6177369878851735E-002  0.39118196806154770       0.25670487778630030       0.26850841743211440       0.78104336446437994       0.44004759300179175       0.36907882533656078       0.28078849465647593       0.32449694209748170     
  0.49002439835777584       0.48473379009897194       0.55719508335234669       0.44971859250556262       0.58761137603173652       0.46036191720610403       0.40225176138019386       0.61874141795731163       0.46453810608819368       0.48119996648376134     
  0.34888107949274455        3.8989613737679077E-002  0.40654825206687339       0.27176853254801869       0.28425161505828833       0.78995777617623975       0.44696064805274044       0.37873752065604172       0.29495337156972051       0.34119258965892074     
  0.43271542513195727       0.43179452942466517       0.45624691793815725       0.55036199095944216       0.65529254941135617       0.43469512689769341       0.44790562143227619       0.50484435496579161       0.45980606275390595       0.59423933882576985     
  0.36638471736328593        4.1757994392791015E-002  0.42223728388002207       0.28921228202063864       0.29982348555424593       0.79813800240886146       0.45447322035607113       0.38806204531461597       0.30922875022357943       0.35793812250181256     
  0.62209351019901271       0.50238218722768058       0.59222276213038738       0.70250492715416846       0.63312197371880718       0.39863706888139122       0.49147768482608273       0.49499052912226782       0.46881984157039353       0.48310206504702607     
  0.38411563977882007        4.4516062179817933E-002  0.43848105474672799       0.30745501047969803       0.31561418106351136       0.80607188865570401       0.46206591067798236       0.39729962190194679       0.32321553198226766       0.37436534660972526     
  0.61736204443073373       0.46002090133204210       0.50958393873387287       0.49440278957363426       0.55432442872794563       0.40934804767105065       0.46257724300246345       0.60564558114571299       0.46228596003440975       0.59724397916809635     
  0.40213481337505408        4.7565387566275860E-002  0.45491796763050063       0.32288538798142830       0.33141635234448463       0.81401821312787148       0.46980552254327340       0.40640201555544642       0.33716819255422997       0.39078067327694194     
  0.53517163042191773       0.45715876794214116       0.48199224689787873       0.59535566835015863       0.49289715205192203       0.47889633178515395       0.42966604610970560       0.38653120991907608       0.52523220175626695       0.54714696886856951     
  0.41739136540768296        5.0836802231217892E-002  0.47096945088952297       0.33727408817280252       0.34757366237855297       0.82181851311288701       0.47773080001523216       0.41603301136959514       0.35276747886605209       0.40767319169119293     
  0.60619665015928059       0.43157922416648753       0.51916094999831619       0.57706463163819788       0.49098670612438305       0.47653223451242543       0.50451102573607309       0.43536566993674486       0.43185231334188051       0.53639960158300570     
  0.43297844688630160        5.4264047405741644E-002  0.48397606390187753       0.35247716652879968       0.36273405321315033       0.82872696323398509       0.48618432457041882       0.42620724776427510       0.36794723858964956       0.42318814980228253     
  0.48393549159075955       0.48723690883789805       0.45467569432408772       0.45021291618245790       0.54991387473047681       0.42550134673538620       0.50400179296312797       0.63676898238379431       0.48048320295347480       0.46753572674360089     
  0.44784399375433931        5.7744989960071179E-002  0.49727102915051286       0.36767533954857051       0.37758136207138027       0.83543803812997430       0.49445904392520529       0.43501566475451114       0.38353441853652065       0.43760777654243427     
  0.44396733537882471       0.46020157459465522       0.57547388242335895       0.57322812924504352       0.46691742682832910       0.42046600690224351       0.50568990702709760       0.45057993707574684       0.46187212448137077       0.52515539469983519     
  0.46299881539883042        6.1593634647969776E-002  0.51156654596162165       0.38430015873452428       0.39375968649381737       0.84158947942982076       0.50221537950381334       0.44383917106594412       0.39927619966684968       0.45312570526857554     
  0.49688258754692372       0.46006043930972823       0.46315790124094830       0.60595402212427918       0.59062742970005699       0.53452243585096515       0.47762159227850176       0.50648529457482538       0.42245464372322461       0.43961111637350131     
  0.47910846835230725        6.5888629720215822E-002  0.52646479923700917       0.40161003992765654       0.41075084366474396       0.84800165791195392       0.50971259575849703       0.45385158391375663       0.41611000727928699       0.46977701805973315     
  0.60712683237133158       0.45383695138548102       0.50979772342289842       0.61929473246910671       0.58293995480839267       0.47694276228255256       0.55112674032193831       0.45565155886098146       0.46241851242625076       0.53923396817277625     
  0.49485811204100866        7.0114481392097597E-002  0.54240219334838213       0.41721609664871545       0.42718412586260335       0.85432454489247323       0.51692586274346908       0.46398731213367045       0.43464157586494517       0.48523914713609240     
  0.55379473264272494       0.54466391527570679       0.57535155556097406       0.48514547596618152       0.58224049380449938       0.41636748606281687       0.49684829667494040       0.41478681151912672       0.48964760221854498       0.52449291670808906     
  0.51054807566527838        7.4252918873280394E-002  0.55809692850544868       0.43200252456877092       0.44306934804657921       0.86064262475722220       0.52412022579787487       0.47626507538545598       0.45297257975843414       0.49946877371543713     
  0.53272043379738043       0.43410697287921346       0.61128510572553363       0.40703275878458128       0.65182949313427807       0.39633486949411978       0.48426171274069835       0.47460788019533962       0.61088067899480814       0.52026492181128714     
  0.52593881459015490        7.8568801348577744E-002  0.57362257371450365       0.44659569293398393       0.45959510441929746       0.86693695145891636       0.53120588463031204       0.48838989825759177       0.47053351030080337       0.51461435544065948     
  0.57138972084669615       0.46296697989302166       0.49964968020477024       0.51177036842954549       0.46730853543554085       0.42520805718415422       0.59623607289591141       0.49592370892509113       0.48520462010597337       0.48208834488532049     
  0.54038396096437524        8.3096414029542709E-002  0.58814998173040822       0.46140321720958105       0.47681162977166164       0.87292663108682833       0.53844836835906240       0.49973131789276287       0.48813623730291428       0.53022845270966701     
  0.54876685482951904       0.47811748345178023       0.55215467495011294       0.56068766211334542       0.62921852293140645       0.40702351008897514       0.55333837940628072       0.53380638237460598       0.50147507679767012       0.63870573693605792     
  0.55495658195684661        8.7784955724376834E-002  0.60150152558217673       0.47755810965266543       0.49316573380408280       0.87855306062402083       0.54608644847115184       0.51130283844872126       0.50558485374412587       0.54548357966515659     
  0.50217901337675908       0.46619783018401539       0.53770949374285582       0.57630889981348232       0.58479388012052547       0.42058815311235709       0.62326543624324116       0.48625626033976227       0.40310195125669995       0.52740116941476545     
  0.56800458152081723        9.2556743974348654E-002  0.61492674961629445       0.49511939169456570       0.50832628298291993       0.88400506580476712       0.55387221568476896       0.52354536505167693       0.52419452522778176       0.56057793009291701     
  0.41633065954208770       0.42843630385649423       0.58367397047756653       0.52849075430165737       0.46642773016082195       0.52505108637313858       0.47091870955841486       0.51242629049336208       0.50710219942523738       0.44466332486125909     
  0.58183665054515588        9.7827062000670761E-002  0.62831089162730680       0.51286685464665605       0.52433636710025955       0.88946405047432553       0.56223942190076193       0.53558056698259693       0.54340389947303813       0.57528868280082801     
  0.47044840559171236       0.46441319020003707       0.49888450814714441       0.61101552249724589       0.47381931690021667       0.57803363562050003       0.60749688214059561       0.48926328124167212       0.39960107498870873       0.63484755612154775     
  0.59608918607654193       0.10360401317453723       0.64036994062391561       0.53121174945438332       0.54043488349875224       0.89496567469831534       0.57061449613377635       0.54781600969196675       0.56257936925810292       0.58989870979799353     
  0.58581313000366897       0.50100569507088477       0.46403218475822827       0.74640297143251433       0.49003428061576282       0.45910766711019058       0.65401265103475859       0.50577871625530502       0.56433627656292307       0.47290183768562510     
  0.61144624662363989       0.10939206635463314       0.65101918241150225       0.54949221105907708       0.55630718878586383       0.90024332150987874       0.57883678799715166       0.56052249289836131       0.58176778405544549       0.60528894068487304     
  0.50437966965585257       0.41573312595403633       0.40103454602077299       0.52487214274890281       0.65465015246713176       0.46301902811535389       0.75917857487386531       0.49414824421430015       0.55590082750535541       0.46010499142606337     
  0.62819692190794174       0.11527766837761727       0.66055309668319573       0.56753878963266879       0.57163692361474439       0.90533188707351586       0.58683502449805192       0.57333082665903723       0.60030905104447918       0.62086594337112799     
  0.56681410786047548       0.42008263795801631       0.39086922341665009       0.62916186690083087       0.45647688739306691       0.50211058491565319       0.50156310683879279       0.40108647638795619       0.49593068085902808       0.51479334982094482     
  0.64289403151854352       0.12171922014896400       0.66973455796909942       0.58567729283431891       0.58641957883876683       0.91014209657205491       0.59465403711290310       0.58646782643765560       0.61756524431598669       0.63614868410208747     
  0.56486766201550898       0.44307347149936838       0.45197381318127855       0.58080878740461706       0.45957968607419941       0.45649569045419647       0.60289956824732871       0.50035075762191838       0.47333390605893677       0.44729128034464688     
  0.65641068627796906       0.12826042866397872       0.67812704877183094       0.60446190610794592       0.60104490767844321       0.91478922247761307       0.60232031570072153       0.60045020893560908       0.63496810797584879       0.65139523653141507     
  0.41515032525574480       0.45237805039492601       0.45549462986509148       0.59507105054541054       0.53867812844919893       0.42963039805171138       0.64893567771252714       0.50559481167928755       0.51825270807956803       0.52503549475718347     
  0.66955053342610982       0.13589055623799054       0.68676864850214103       0.62328954988897001       0.61569615976988012       0.91934089696373822       0.60995613834718743       0.61469153903722107       0.65064599662674949       0.66481028880079995     
  0.41640022123816289       0.45209282105391596       0.41481450290533745       0.64050875564935461       0.58366174860897502       0.46807122652065941       0.56192509522247625       0.49772371367076013       0.44195148989752664       0.46035489471400592     
  0.68252920251432725       0.14351071256129744       0.69671821742740381       0.63800138598676959       0.63152744664636562       0.92379737501802806       0.61736493230100753       0.62962734181203928       0.66684762539914944       0.67842423868165680     
  0.43762971362266617       0.48520693397147097       0.56087361241058620       0.46215971304121367       0.52897128226246137       0.44679527681537079       0.52571045882109468       0.43204739241619405       0.50761006489797811       0.42564342632178231     
  0.69828695390988837       0.15255828815094841       0.70638759353538039       0.65373000405745207       0.64755710584930315       0.92816393839665834       0.62531217657398130       0.64446575165051168       0.68209770203833564       0.68987941736396052     
  0.43571809612092355       0.53064506036229342       0.43576951287833232       0.52186159718035119       0.55073743421397492       0.47222674557873751       0.58875598454228617       0.61723276268513660       0.56310228603936840       0.47687904143784959     
  0.71384746953757738       0.16151775578794114       0.71555884752942955       0.66973077149201543       0.66447799385501005       0.93246365286191768       0.63337924123978351       0.65911232257205166       0.69752519799526247       0.70155395278742516     
  0.51917992147520131       0.41005022804103591       0.40771113920658869       0.56088850298504100       0.49020403085252007       0.54836754804707055       0.50700590191068262       0.54010658332268335       0.50578144957471705       0.48061610063494647     
  0.72813614500758062       0.17154360734896479       0.72810166410418764       0.68601115344962482       0.68125454878793723       0.93677627354489834       0.64184386043460961       0.67400952398664216       0.71384291287632151       0.71223135178629060     
  0.54077338056816804       0.47054210681545283       0.51110393990152936       0.51408759271189619       0.52252450172926757       0.54792443138728986       0.69021453030438418       0.51330983687269904       0.44698126133796351       0.60898576939540450     
  0.74300805956070981       0.18175713599557949       0.74077628517223248       0.70261118032633363       0.69791718077133813       0.94100294680304586       0.65049776743925292       0.68971365112796035       0.73002842675926638       0.72447897089642033     
  0.54648504548776589       0.43252218798225017       0.51915452290593722       0.46916015704773850       0.43687298006611736       0.53644868276412050       0.51390004119920707       0.48036953012773287       0.46349978921426621       0.47993095196544955     
  0.75826067320350787       0.19343645857606404       0.75496326649115963       0.71867681816382889       0.71468683687738122       0.94470709928208096       0.65919579112538496       0.70541933203787621       0.74648936674966992       0.73864028390916858     
  0.54486647280279754       0.45473186589430131       0.50828587345637477       0.57578159703375353       0.51612720265690237       0.46433182510500987       0.66504585563643415       0.56148472147285433       0.43392046242592741       0.47818914840848309     
  0.77366901391110965       0.20570431943617618       0.76784099213092538       0.73469234330010946       0.73150276087893096       0.94837854786504994       0.66792255073038675       0.72113403799674702       0.76290432442173883       0.75315673277212325     
  0.53865964201298999       0.46627867744137974       0.47633315910327778       0.66955821652883696       0.57109994791076379       0.42248611513033429       0.58989496927976148       0.63480337003373943       0.44504142509246924       0.50077909655872410     
  0.78950650264393452       0.21992441634989257       0.78012619237641401       0.75123515180243927       0.74818353743776755       0.95193817270973369       0.67677582338266240       0.73731607371038432       0.77845726666213766       0.76788826863243698     
  0.59705781252584034       0.44363180644063793       0.51258751268145331       0.54261689317721495       0.47928163369232912       0.52397981737266375       0.67191248924863201       0.58474063706291279       0.39842741518436320       0.53226513759030314     
  0.80483155349878066       0.23470328862666384       0.79247396959309180       0.76698202997691489       0.76405062463265949       0.95554239766278393       0.68608379985015921       0.75403935428605839       0.79396382133406607       0.78397268991357627     
  0.65441600408512235       0.43531300577777832       0.43983313279812314       0.54686728806003071       0.51737480046772399       0.44108002036422234       0.54262849669150770       0.41466483074104921       0.42793021070958021       0.48443278828297337     
  0.81995997413697275       0.25248897605051734       0.80515427088016722       0.78255536539925841       0.78005295021164667       0.95913016773558435       0.69565327268971400       0.77179224638887367       0.80946481953603588       0.80011848296727928     
  0.52090156406667387       0.53097925504959953       0.44509708959111211       0.59630327611786760       0.50798453551433742       0.59579013967387040       0.59396072062024197       0.50206282978952899       0.47493530938314371       0.55054300230493725     
  0.83538613384680505       0.27025561740384119       0.81844865502709019       0.79747783829525720       0.79467364276163588       0.96255244277499052       0.70594800974555039       0.78810649104638253       0.82563161160335385       0.81666541498239387     
  0.55053270551669531       0.57410659781485651       0.53742441362532434       0.49122465907218293       0.59045432472476622       0.47182003057956756       0.60687632478042197       0.47748243149003172       0.43386277871517054       0.55140491877314290     
  0.84966863327333231       0.29105610503000623       0.83142573008211285       0.81218264578965926       0.80998991907625861       0.96592838546214765       0.71570148133775968       0.80418827561382422       0.84331585565834366       0.83364347896682067     
  0.51805225838147895       0.53052698114355223       0.54979847096692414       0.55388802890835320       0.53104393576382991       0.49871689954153109       0.46204164167472167       0.56879456157031905       0.58986805520530838       0.74380659609064825     
  0.86353582250241301       0.31155681113864703       0.84455354437665264       0.82697968575867276       0.82654608033985233       0.96939983483242320       0.72664698491920443       0.81957187177644053       0.86040196083270692       0.84954665322393297     
  0.50113873836484213       0.43390441148306691       0.55390152086153566       0.56920165202977346       0.60532206211955464       0.60136297157720442       0.74396735864746888       0.44337276808664733       0.55014534848633767       0.42458907298635928     
  0.87810546357906349       0.33670058287122484       0.85835680159253747       0.84190433425796929       0.84329075203021397       0.97278669461347467       0.73763993345954537       0.83517976711484887       0.87681964898214193       0.86488294939439758     
  0.58195494785444757       0.47430642958439628       0.46326299361988377       0.54309657523891475       0.44695004180986836       0.73134085723246334       0.54935382004785505       0.50665445994983616       0.53410858973082243       0.59035194772126720     
  0.89278196498582107       0.36276323689818063       0.87204742876079411       0.85584813798915416       0.86004181328445439       0.97587801048674239       0.74921044549441795       0.85194914408540201       0.89274632561630662       0.88054002981328949     
  0.50945079920858538       0.57964988809529272       0.53620849258348979       0.49664704496555068       0.58759317190729377       0.58185459528414940       0.52690836149145115       0.46025999868778955       0.42486883539191034       0.51869301356632069     
  0.90692828616879162       0.40040689409601038       0.88541021269437270       0.87114665371558853       0.87619491590738141       0.97875171746380896       0.76128861649804402       0.86931737602412751       0.90709525563676285       0.89690513516272485     
  0.41854296882246989       0.58975927239500814       0.59053842739986184       0.49023275029525099       0.55708217390261749       0.61978054099004620       0.52184463295054151       0.54888556119225995       0.48666176328369992       0.50597778661161052     
  0.92097386583981189       0.43863742638378267       0.89829317670878484       0.88757249828218454       0.89236824242351920       0.98106100753642800       0.77445350645712696       0.88784070074798827       0.92113363185486308       0.91186704628178650     
  0.50991454433939598       0.54417278407418002       0.55380678854975451       0.57241400837078216       0.57154362896072874       0.60808591324379835       0.51185359635954653       0.62136043130100171       0.49461179533424782       0.43926465569744821     
  0.93507571118787880       0.48534197305578447       0.91180073341858392       0.90289366269365778       0.90786157592572769       0.98333835852138896       0.78817597688023888       0.90598731051056969       0.93457623013395930       0.92674909457210763     
  0.70560181774306341       0.63294822675165630       0.48229887317331388       0.47256030672221783       0.53279346418158435       0.53536821024052117       0.52708113589806271       0.58494276431051406       0.44955093018746334       0.45614953373390871     
  0.94718458646383297       0.53882674579301360       0.92536776929128273       0.91690536286364555       0.92310238084473195       0.98575719618549673       0.80217409490804359       0.92205874437958701       0.94748630348442742       0.94030191631939963     
  0.43662555023096034       0.59822755303324171       0.55041946557173316       0.54147346882961167       0.55696954902235196       0.63082957267801354       0.54677625275759012       0.61655038461726597       0.39347609305128772       0.52280794453479962     
  0.96040954374345300       0.61254252062114500       0.93983496499170560       0.93207661128134489       0.93888424753289335       0.98820221664726460       0.81697708245982592       0.93837293092634944       0.96032548490881309       0.95396633328482894     
  0.50207571989871402       0.67368854614989504       0.58897090118032813       0.57120822304521257       0.44571426991963614       0.61692267105373277       0.46736899313265579       0.67264199433265892       0.47856557365338792       0.49010573075259833     
  0.97128326903115036       0.69357795909371622       0.95531081098423043       0.94957970282602533       0.95490301087668561       0.99086328441712257       0.83643091500715616       0.95379959217325638       0.97125576762039723       0.96668535508739983     
  0.50486148051380442       0.63136898728751545       0.79162321540832548       0.47599008044956187       0.57808946175154297       0.63841218077732043       0.46282236160833107       0.59128149250784723       0.42878848511207718       0.52847502375870581     
  0.98213904107580063       0.78088725313375373       0.97052169090064366       0.96633902269531680       0.97083916195411113       0.99354856774465850       0.86073444109848696       0.96913018852980326       0.98165578816331422       0.97880901234518758     
  0.57141291528336036       0.60629160381465341       0.70112240838668205       0.55136663610085102       0.60291226649813456       0.74819444991205608       0.56037325511467939       0.62534101001212694       0.44791977850341275       0.47043905983841022     
  0.99122766686684860       0.88187358955935546       0.98540487231839069       0.98338444828757521       0.98566359366643130       0.99671012727343578       0.91553749444638366       0.98486370198820639       0.99098624640706023       0.98961098990687124     
  0.55051297540613409       0.54853768783844259       0.62593600855573572       0.47706851748563034       0.47460286315536998        1.0052969734774422       0.59028080400999261       0.71477816499249491       0.44760643207757361       0.50616279060505553     
   1.0000000000000000        1.0000000000000000        1.0000000000000000        1.0000000000000000        1.0000000000000000        1.0000000000000000        1.0000000000000000        1.0000000000000000        1.0000000000000000        1.0000000000000000     
  0.93925746299734414        1.1424944274130835       0.52407611392979025       0.53743623245655647       0.44757965844770531       0.70155483246111916       0.37346632151884879       0.60812197663823531        3.3981369897495388       0.70397640460083255     
  -12.716424790881087       -16.158027269475877       -9.8032554003632075       -11.356094127380652       -12.037331000088258        0.0000000000000000       -8.6141004279450790       -9.9330407614081579       -11.618846199719101       -11.604234099800676     
  -10.447782816767649       -10.171874692491182       -11.712961750223030       -12.212339355313373       -11.775034948452175      -0.65596077744788384       -9.6516468529094084       -12.086976887061258       -10.451110929816020       -10.029101017396062     
  -9.0624996331910292       -6.4472826793521305       -10.995710234494004       -10.905010096727754       -11.402702117280473       -5.4280533644110793       -11.233700208590594       -9.5310338289465140       -10.921805440778298       -9.1460662993810136     
  -9.9838071406617566       -4.5537396610755669       -10.451201136707684       -10.175703940174460       -11.134942925709799       -4.3679388142918407       -11.328878904657468       -10.741096772929554       -10.594068196576210       -12.107551094886226     
  -11.914934538123914       -2.3156889061113919       -11.261079947157610       -11.314909326804784       -10.512373044008964       -7.1236092968089233       -10.097277372580697       -10.780297291441659       -9.2673598868252842       -10.627960372899947     
  -11.471657927655318       -4.8564537813767815E-002  -11.775588306129148       -10.632768217514009       -8.4028348042724712       -10.531049989127631       -11.921568611968526       -10.696620799409770       -10.924076390167322       -10.917984783827270     
  -9.2862465045417029        4.6297141088864482       -10.730885403162292       -9.5861515517870561       -10.424548412228557       -12.305513256512702       -10.373131625825257       -9.7245758075271418       -10.406563551349290       -10.158507492079551     
  -10.931676889121578        11.538205128645309       -7.4046197184162468       -9.2169918755264835       -10.801325562717439       -11.644595094112532       -7.9789161742780452       -11.542224232173343       -12.220194242414964       -11.751746910665911     
   1.0475945793787854E-004
           1           1           1           1           1           1           1           1           1           1
   3.8607794907313067E-005   1.9919615980056808E-005  -9.4921349070681368E-008  -10.561118360645999        9.6398172754821147E-007   1.7800053244811970E-009
   1.1004830944557168E-007   9.7782783140185226E-008   3.7023146041938785E-008   6.1900955559741261E-002   3.7014819583630506E-008   4.4104281441747526E-011
   5.0000000000000001E-003  -11.591343599342549     
