   0.0000000000000000        0.0000000000000000        0.0000000000000000        0.0000000000000000        0.0000000000000000        0.0000000000000000        0.0000000000000000        0.0000000000000000        0.0000000000000000        0.0000000000000000     
   4.0762381237320324E-004   1.9930719670552309E-003   1.6948684700240784E-002   3.0013469491871062E-002   3.2612606450003023E-002  0.48038016346419343        7.3786777433530987E-002  0.10317854963552602        1.9154847077030010E-002   1.5863158491631280E-002
  0.63474503337039523       0.49085964961986461       0.37776591682176763       0.50732412063748855       0.44143350766850981       0.53102757948469126       0.32601935316881347       0.35310216036851960       0.45622137411425551       0.47277546785045715     
   8.2261561698007734E-004   3.7860793834957850E-003   2.6842431195016628E-002   5.1296359419520120E-002   6.4068107772570243E-002  0.59571869698407420       0.11051829470536223       0.16363201861172116        3.8049040861821273E-002   3.1312491587346114E-002
  0.90806199948754796       0.92924797939933146       0.43378370778320008       0.43593745693877967       0.47749538458068841       0.46610654914265581       0.49042086423456122       0.47672262853166386       0.49253304922229041       0.52861086526575929     
   1.2582749776459342E-003   5.5068814697788624E-003   3.8024813312046664E-002   6.4707222818085275E-002   9.6365637596863438E-002  0.65300785831335395       0.13024801826805837       0.19613401618813051        5.7366222557047111E-002   4.6375430565817714E-002
  0.63820663923927756       0.51923565296589969       0.35370764285169815       0.35276671651015584       0.45696873916584552       0.47487510259044419       0.42593368626133510       0.51785561082947440       0.50700794056671228       0.57837869070127546     
   1.7236636016393534E-003   7.2700074641239131E-003   4.9267310578513225E-002   7.7881909376969441E-002  0.12685926268958461       0.69645115570379423       0.14513378319302361       0.21208112178496877        7.4540095356452757E-002   6.1310240195265882E-002
  0.69503535591802479       0.46524202876331722       0.34495237134799317       0.39334272018296090       0.49140331084705541       0.48291694596770190       0.43207607021713207       0.39134180102863997       0.53541668910776741       0.40498602342733298     
   2.2005316175002848E-003   9.4206459721970330E-003   6.1878403341987673E-002   9.1104048182023015E-002  0.15115845611642914       0.72851456576685192       0.15662833668259618       0.22458349050273874        8.9657898402791564E-002   7.6330322668712577E-002
  0.60552049792062412       0.63565401377284581       0.41235694606192586       0.38407867865852668       0.37282760285877181       0.48219055440401937       0.42317582208187826       0.36469257202820438       0.58137579415391294       0.37786386838029001     
   2.6904431564239613E-003   1.2084493177669272E-002   7.7196598813767142E-002  0.10391540207741815       0.17456875235730782       0.75298644377363777       0.16802454774116160       0.23697305246492364       0.10189591555792761        9.2448145127414963E-002
  0.61720358814883802       0.49321590373288149       0.41782800938821973       0.40438473600129887       0.49492779969460277       0.46907745473910922       0.39245079325898857       0.41347166289363646       0.52106762547256213       0.43022490089207771     
   3.2523836418956349E-003   1.5099265799020042E-002   9.3727976334116933E-002  0.11557501040610940       0.19622047007132629       0.77282853927443462       0.17884224115152489       0.24691740538873269       0.11211485002945634       0.11070756740472174     
  0.49122185513688837       0.57766786469891762       0.38789885921657791       0.46025002843986540       0.37121541612055331       0.50489548411211427       0.38453518872944342       0.40016839390838732       0.44408289910244741       0.38381973457276491     
   3.9436429127975075E-003   1.8229693157876793E-002  0.11044522868894389       0.12678830616410133       0.21649262239805431       0.79021115770237571       0.18980103382528207       0.25758008874839383       0.12302010148877532       0.12697083143807858     
  0.46014348171548275       0.51005668485673961       0.44171427572993305       0.36184606660962543       0.41613282573215482       0.39789112492852874       0.34031570097469904       0.47896440416649566       0.43775424125311618       0.46105311901091178     
   4.6482641336370954E-003   2.1287004981505191E-002  0.12703164145580459       0.13826672721525368       0.23311212635493422       0.80611294507438169       0.19969191131122074       0.26976984807076071       0.13442757619885559       0.14273482900678303     
  0.53189414953593583       0.47175410252247418       0.38339006914045226       0.34967461886389062       0.39426666437984875       0.35523171294219508       0.44354802761454176       0.45162817060167026       0.54335565606793601       0.48220704084009752     
   5.3274677565761548E-003   2.4279239290429529E-002  0.14308119598436170       0.14973369245737303       0.25002204935180661       0.82112238143117944       0.20943178185369823       0.27830287205534643       0.14556735131189649       0.15717049353253440     
  0.35757671931962703       0.43445524216310871       0.40870405692293738       0.43421426764367305       0.46629937076113259       0.34223807012289514       0.44878326515320383       0.41253076399429123       0.44678564146196131       0.33963595670887453     
   5.9944602361668813E-003   2.7369691328168560E-002  0.15879109047124998       0.16137180494088510       0.26787818689052761       0.83423794040816046       0.21926610767713656       0.28840043107613583       0.15796563197029692       0.17274825872879562     
  0.43815128124871516       0.47813197536517443       0.36847771050631040       0.38947957732148702       0.42079221460940586       0.47197170009301515       0.49906121059525005       0.43573703832656063       0.41509593166471986       0.36289572294031353     
   6.6998008300017745E-003   3.0745503620986603E-002  0.17438217220083244       0.17103660688035871       0.28393868497675562       0.84538268686724394       0.22779677890352962       0.29875298147912455       0.17168061204096136       0.18798074077166146     
  0.42606571669551280       0.51721992287139995       0.42140403911267627       0.37089361999143450       0.38647557459616610       0.32896144161498386       0.48694760897908668       0.37422460292152598       0.46533492496660817       0.34807557905481357     
   7.4412007972985425E-003   3.4194133424478523E-002  0.19037390305230428       0.17990202627972868       0.29841903073846238       0.85545137125377690       0.23573455808452637       0.30802693463787373       0.18691612717956088       0.20348425186820013     
  0.35022849989315352       0.45982443133719864       0.46708966333590413       0.34725878943751987       0.40472128020346060       0.40619829169206983       0.36326375611635303       0.39180892630794301       0.41156154888222535       0.36652592910874765     
   8.1871515223486697E-003   3.8305567807331006E-002  0.20730898548021720       0.19099443185321452       0.31247786594409332       0.86481321359719376       0.24361614088522596       0.31722436962154243       0.20291119954509829       0.21984729065350250     
  0.43291249230956708       0.58421905335219770       0.60753427758153278       0.36444793572682693       0.50944928993452610       0.34862789659986321       0.42872634319735287       0.39607613571704764       0.43056120047579843       0.36903577410066041     
   8.9353544961778344E-003   4.2741637064545313E-002  0.22457960953767370       0.20082634122273871       0.32601387520154690       0.87305096499317991       0.25173279807346499       0.32752995031341731       0.21959152848167343       0.23706053912424413     
  0.38161470053949398       0.39799982188437738       0.42276789608435289       0.40936786844116929       0.51549152741258264       0.38439916538714919       0.48201403740035581       0.42573283775413850       0.48018496277221234       0.44636806747897545     
   9.7635463072249639E-003   4.7006509879791894E-002  0.24121793288814336       0.21130731174268111       0.33961600699825212       0.88077456178737290       0.26037635424434835       0.33847626827236055       0.23554827223517902       0.25346779210142245     
  0.32345342700279955       0.40108659787261136       0.51679599187711800       0.47209851023809579       0.35210590558327998       0.40196310241717309       0.44877741730337140       0.50522235124980830       0.43237672066167315       0.49262827562508194     
   1.0877194161054815E-002   5.1287447144898510E-002  0.25744472579668470       0.22163439690021577       0.35261055969098953       0.88760521563854977       0.26912313228684304       0.34837589479962278       0.25043006327665146       0.26754741365142737     
  0.42520505648217827       0.45124634996828950       0.40627385136081928       0.35381245829711583       0.40672818108588632       0.34930530650831559       0.41658176035184225       0.40941758224563229       0.39703342117595780       0.36612067099727141     
   1.2095096454671057E-002   5.5735603266535844E-002  0.27381952308527457       0.23240391684893677       0.36528161550184107       0.89403796652678935       0.27734550429445948       0.35742149831389991       0.26505588501267718       0.28091070380428557     
  0.43631945189658400       0.45874021488770816       0.48570215741914863       0.48938146556615331       0.43825677461188062       0.36982213729937286       0.37394873968153614       0.42619504870568725       0.39012063420179116       0.51388639675704939     
   1.3358264862416879E-002   6.0610832647475986E-002  0.29053053328297679       0.24316646746905810       0.37812310129481502       0.89991831959148894       0.28507038966917370       0.36598345753723710       0.28018819753591578       0.29407334236382232     
  0.37153326602878051       0.41322941162088095       0.41068205500909055       0.36719634193767509       0.45255062121174283       0.41640639802591706       0.38602854082830290       0.43866554426871535       0.37334776048273632       0.49102049871168085     
   1.4716955409365838E-002   6.5973043950994681E-002  0.30730761055625733       0.25355825250990172       0.39058702410005042       0.90563080081384695       0.29281246866916927       0.37444628723551182       0.29633177928421173       0.30654244181468254     
  0.38191250805590299       0.43407522127029580       0.45844769248047562       0.40568878852647416       0.45512654206361358       0.36486304354330712       0.38923623499243210       0.40372283608601855       0.45842503812550400       0.35234971529914338     
   1.6101843970470583E-002   7.1766829205591368E-002  0.32320772365473910       0.26481418825264796       0.40246120117474976       0.91125170556367063       0.30053661106180579       0.38335754661913185       0.31315494740652483       0.32161558094738135     
  0.33212293414957406       0.42937925164415142       0.47944102705414349       0.46831839728119590       0.39203954798686491       0.42860348115899649       0.38036342662916195       0.36146235979403613       0.38593942879937693       0.37279164983752899     
   1.7608499504813503E-002   7.7816814631932157E-002  0.33869429723577710       0.27614564911641315       0.41356116206825716       0.91649451924550029       0.30858223023589820       0.39249809065736407       0.33006336273893239       0.33860571532824296     
  0.39786946334885415       0.38352399840959189       0.44288111617230974       0.40824475235636704       0.44837274821654094       0.37785231680932230       0.35774224284202133       0.35507604756750927       0.41373191706027329       0.42901686129293604     
   1.9223104141352674E-002   8.3991685515102124E-002  0.35438028351670697       0.28777739775596567       0.42398378622104183       0.92154361614687264       0.31739077052112724       0.40261976209121852       0.34690560819738231       0.35481039814735071     
  0.39559256478607041       0.41212336399134514       0.45026391741004540       0.38691028973332914       0.39800953766113317       0.31350624107649411       0.37026411205739534       0.47546665382731995       0.44453241054886905       0.38972002496499181     
   2.1049001640164811E-002   9.0256048908779377E-002  0.36999661192804689       0.30000767933058092       0.43414925599690307       0.92596567270366248       0.32667935140288873       0.41343861216475591       0.36330426751465905       0.37118025412543648     
  0.42578462887650315       0.40854505108160960       0.42711287623692440       0.42379709296213869       0.39645264511751760       0.41122858583363620       0.45415165732880541       0.42109808617010658       0.38560156532978584       0.46605103075395676     
   2.3139453629873404E-002   9.6932807853178857E-002  0.38577167502826148       0.31296948984797196       0.44418811841054112       0.92999960956065564       0.33611347863126639       0.42484327960973739       0.37909034733343244       0.38809125374092435     
  0.36669452748883585       0.40473246185736217       0.41553331330171456       0.38982610701469839       0.41036096730673516       0.36237714810826088       0.47734569772894736       0.45997862478661578       0.46351368691943118       0.42645217169734284     
   2.5366651312181149E-002  0.10425063504934967       0.40119831050087074       0.32601770524071000       0.45387936533418394       0.93384073162575632       0.34551252343432987       0.43701998351070281       0.39485207949948042       0.40421931698137314     
  0.34538004552450174       0.45651462842760843       0.34098850078340398       0.35820029142896515       0.44658386644636222       0.37418729817228435       0.42799039658015120       0.49644930534042980       0.35502790059109612       0.41248625436985548     
   2.7733047712976921E-002  0.11213110462339312       0.41723192007652843       0.33939887461662599       0.46311959716757417       0.93749020612877987       0.35487381162573628       0.44933243839246761       0.41029931068529957       0.41926091590549552     
  0.40974987247449324       0.41393265183335093       0.52868876571555357       0.36281804711817067       0.37798369375429614       0.31046137457308809       0.49305703138948809       0.41883685398363124       0.38489420933960333       0.49279120823817413     
   3.0218145050873214E-002  0.12062473870512679       0.43248104899259365       0.35302088908335438       0.47221979740057002       0.94088625498047440       0.36441738724845146       0.46167743927184052       0.42399121412602570       0.43404105177217478     
  0.36309853800927533       0.36326730126983520       0.42147958041122746       0.43598987403521478       0.39665177671607138       0.36368741549809752       0.54797129803070777       0.38510828689973198       0.39071241903393039       0.39708719784854757     
   3.2831509202922160E-002  0.12936631119078784       0.44776602477978417       0.36643869229748355       0.48161806596767720       0.94418450127327225       0.37403779715464713       0.47386259385305113       0.43744600448960630       0.44824283967301787     
  0.40075619478771268       0.40214385032476557       0.51468370259603946       0.41062306844865881       0.40213918122264053       0.36426474031359102       0.42382040312558422       0.37214242714884294       0.34326012050910842       0.38064394755714143     
   3.5630270918535205E-002  0.13783943594181955       0.46410140894513058       0.37954040154213164       0.49050772885192168       0.94745228988497432       0.38398647664234320       0.48543082845817093       0.45195200251932194       0.46257902554932900     
  0.41971974280928781       0.41171272938445536       0.40541753478624970       0.36594748580781589       0.39360980657582006       0.35410343314342418       0.47617136206842386       0.42629975450545904       0.36133313385085564       0.44807963396177125     
   3.8599321000701403E-002  0.14670328984138387       0.47948807764295737       0.39157401071540332       0.49897511711553760       0.95051014703732006       0.39389325703105244       0.49677933729617407       0.46888567674491655       0.47717475023436295     
  0.36526023458711976       0.32958428579067250       0.47789194373526811       0.43660080805595614       0.42511551447660584       0.38132368104935482       0.48409573897051755       0.42075567796616714       0.43927425154787103       0.39106340286220254     
   4.1803235833534173E-002  0.15632134068509623       0.49544553519027812       0.40413239867783007       0.50784898446866611       0.95318142607599410       0.40341519365697581       0.50912298380194820       0.48675954103012220       0.49248210246756791     
  0.39329877113892853       0.35176995860741106       0.46009697290968055       0.38681817366540633       0.40184523031979169       0.40451533591085492       0.40438516905951472       0.40490148082776628       0.43714292528115262       0.53116343080460682     
   4.5268435042013215E-002  0.16613052148481014       0.51127830837653743       0.41797501341889731       0.51487676030249785       0.95585882548179579       0.41273860319515138       0.52232287870277916       0.50374209567130346       0.50808348879824028     
  0.35805848834471604       0.41725756035434269       0.40126798682088188       0.34813734521873513       0.39301416120013555       0.39015184635778866       0.41496600108563131       0.44415896150987166       0.41017834013537924       0.36738631888744977     
   4.9140880352971851E-002  0.17635692310187351       0.52636658441181294       0.43216170285530159       0.52122087622638835       0.95841707755506389       0.42195602844707097       0.53680558029154679       0.51954352537156079       0.52410824169659720     
  0.48380249495224503       0.35684378559010688       0.43970168782387664       0.40106305635975770       0.38329285001719732       0.36975036014651635       0.45916288461317983       0.42248533552558465       0.47484298282297549       0.36528658137334380     
   5.3385374427735000E-002  0.18776046306224450       0.54347725543661873       0.44589306474960405       0.52720515924052624       0.96100257941638889       0.43084968177979638       0.55171604011934428       0.53275061185062389       0.54018215002500036     
  0.44020769760797140       0.37574139454100358       0.50392306263892694       0.48570556388109110       0.31907935404825555       0.41305323887694778       0.46456403910469429       0.39180831665072852       0.36961781112283176       0.44662285351091219     
   5.7930314291076687E-002  0.19986208464362221       0.56068668144866263       0.45972791387707795       0.53360233909095800       0.96321866004385159       0.43969689478254631       0.56714311885563884       0.54826953532904465       0.55603647312931581     
  0.34601987107410032       0.35955120284422892       0.38221931968442185       0.38195201030992459       0.41211718357803467       0.37881002149494769       0.48127907335907921       0.46730619163686571       0.39086845863615111       0.47094662686636340     
   6.2786836483339450E-002  0.21247154158829182       0.57780509031887817       0.47372514085386613       0.54249722392711075       0.96538785139735195       0.44911061770656596       0.58313469835813836       0.56469800902304179       0.57248364549540631     
  0.37602313856545205       0.40380193503038148       0.37503067189349432       0.41424387192732137       0.41173424136682990       0.32829805719452937       0.39779171271833086       0.42186030799582824       0.40091509549984727       0.41833311097916082     
   6.7976457338299878E-002  0.22588934706630237       0.59556885495673351       0.48766260214999396       0.55200350075311466       0.96740783874306169       0.45952780077832356       0.59893157645573403       0.58134432394587365       0.58868400461759496     
  0.41467208315878812       0.49397201332998908       0.46914465181222181       0.35571273288450661       0.37875433827627181       0.37669627526672489       0.37651399095418292       0.54307273079172813       0.42815991336973330       0.43507233509170073     
   7.3592627211334624E-002  0.24022284620984885       0.61355354942459606       0.50144252935258071       0.56176933482916236       0.96941685192360050       0.46953714767587834       0.61442190749319614       0.59775819078045267       0.60374024511737501     
  0.41056650015316187       0.34677981315756007       0.47559668746399875       0.42197653329374202       0.37902732455516214       0.40363309620084886       0.38475691943648238       0.39298053266426625       0.35763676651256981       0.39649251262358060     
   7.9397990672627775E-002  0.25535950150899561       0.63089188407392527       0.51522648990705844       0.57146597166466861       0.97133779917489738       0.47807705763305991       0.63063457009966040       0.61360899623625342       0.61874915044823864     
  0.35527777941312100       0.34484983798707652       0.37547642192913744       0.39279522589336047       0.38124144261343751       0.41860426724002187       0.43572758022999919       0.44114197665200205       0.46216353936952881       0.40573406819185653     
   8.5496378696541725E-002  0.27130649821810265       0.64647661449165872       0.52940047565687576       0.58092639176810779       0.97317005887836294       0.48607147543996393       0.64484727737127745       0.62965294825450591       0.63388884064983719     
  0.35017532588817951       0.37699613403371640       0.38704375423453991       0.39346081752251361       0.44054276493372774       0.45660520843344249       0.32878622813299063       0.47053718313916648       0.44182287732210912       0.42299945618951351     
   9.2144018312620965E-002  0.28622027609782336       0.66117209588314629       0.54207942791404029       0.58991308187755687       0.97487773470973182       0.49379933758693068       0.65867084473485704       0.64417433450809303       0.64845999401511512     
  0.36062630456616507       0.34397491290359838       0.39823217570659752       0.37317412597425265       0.37498110933338252       0.37103614327329404       0.40177847637238479       0.43019615152112850       0.31459416366581650       0.38100529929097665     
   9.9165920518453798E-002  0.30184944939100844       0.67709535944001609       0.55482857805546770       0.59880521511001972       0.97655258350214391       0.50261649572744282       0.67206688579202700       0.65884002384404639       0.66300298258473978     
  0.31604041527684223       0.41322137480161092       0.37853557672001004       0.41825116358712944       0.39541516539084731       0.48337792690137071       0.37692402031438504       0.46159796795179175       0.44689682125407998       0.36344989240180042     
  0.10688952321729760       0.31846566383411701       0.69250966987351925       0.56772950730294125       0.60885681986103724       0.97824437861715596       0.51350612407524043       0.68550523434219157       0.67296506989909888       0.67617527618804463     
  0.44320064536731602       0.39517667523196176       0.39580058474307411       0.41158883069803365       0.40590054237884532       0.38975488630528482       0.39405729907254189       0.44677300495973732       0.35337367600067715       0.39524131219120429     
  0.11572038959430170       0.33733589625123395       0.70715476055245308       0.58197082824566171       0.62043036009167218       0.97994785792442107       0.52499082144957510       0.69908870172503867       0.68742094753619298       0.68888418032292220     
  0.37220684868491494       0.37054177176597769       0.41107070877435503       0.36515043166450256       0.48673630596717393       0.48610632333651221       0.44157695162473365       0.40231215675900844       0.38725779816837719       0.40085770289209088     
  0.12626756028663322       0.35770612710410565       0.72136364916594764       0.59699448339468952       0.63192095760690747       0.98153228037757623       0.53641083547852020       0.71315958232688992       0.70236547159587759       0.70258006824565167     
  0.43452059374333485       0.43842807689107471       0.39592554504940092       0.51755647828894591       0.42410892118704729       0.40246033897650257       0.36347636611923057       0.41612905023774355       0.53129716993633025       0.38579569729664448     
  0.13821406830424890       0.37883580166786424       0.73532656829195508       0.61307394348202815       0.64427030202118241       0.98298728637170518       0.54811022026854728       0.72801104196687716       0.71791049073774704       0.71780563801560071     
  0.44356380884436974       0.38269444881304476       0.41446592662078435       0.35243883798824177       0.43416162127434610       0.38855045799887999       0.41668074314983211       0.40283042262302077       0.36825517953059467       0.36573424235126539     
  0.15098347310825913       0.40054294613034175       0.75249600688070328       0.62584619692522447       0.65533700078492296       0.98433710747108527       0.56000586890266701       0.74298502664247268       0.73382997934641414       0.73454343693796953     
  0.37446002404973600       0.33973187079258016       0.38225453193036396       0.40193171914562104       0.44968315309210527       0.37985098476183560       0.40666209927763852       0.34633373593761380       0.38157819290316536       0.48030934672170822     
  0.16457339167362015       0.42379374563938399       0.77012208593741360       0.63616625031815799       0.66859984299665498       0.98553459986435343       0.57195987526804437       0.75762250884743632       0.75129078407609451       0.75102876477413660     
  0.41229934761718645       0.40275504714225319       0.54193528387602541       0.39295984933550804       0.38943461396235135       0.43008382092433972       0.43894690351474774       0.36796895253833867       0.41165244994427580       0.39186102513045484     
  0.17805491806000803       0.44920075171452484       0.78585769646633252       0.64641094087989970       0.68228252378524445       0.98666411199768900       0.58445996964161151       0.77218086265108510       0.76837783875668419       0.76743806617371657     
  0.35611461489786655       0.37097352329042416       0.38557413906459431       0.32146066564128184       0.49911400248952426       0.44651541273637724       0.43312288298934937       0.38212621108881978       0.35316784203950197       0.33309134271954277     
  0.19257304816521667       0.47566270557057655       0.79963311884842181       0.65751180746636440       0.69724338630450433       0.98789517023084805       0.59801854018999345       0.78740023818462279       0.78619192209979383       0.78422765620786672     
  0.45489107069880602       0.35512221692572682       0.38060078084570864       0.36208530222001523       0.46787605884529715       0.42442396158150497       0.38962059332803950       0.39708887527071074       0.47828105591810177       0.47094406482951245     
  0.20814804752228278       0.50234615419410522       0.81265702221359026       0.67006489214439580       0.71287503587179291       0.98917083806046513       0.61228523272548652       0.80308132929097564       0.80407460866069469       0.80187860464520710     
  0.38213177632212342       0.42563196630489553       0.42763680061944714       0.37392808014825191       0.46561704740902626       0.58581539186958931       0.41507767086524500       0.37045310121483588       0.44347042060723363       0.38652166232353535     
  0.22517973672710340       0.52922491294406082       0.82703421621229900       0.68579170425874048       0.72923662830536329       0.99041900133202543       0.62611089307356094       0.81878698758074953       0.82171098011525767       0.82056822252877815     
  0.37202763582256515       0.43128890894241417       0.33166086090257868       0.39562733721003973       0.39802938644234781       0.52685208140981199       0.45268453984790347       0.39581641578650745       0.41483106063736386       0.44123093185217416     
  0.24427969593478005       0.55668587435932826       0.84310191910039500       0.70256336917299333       0.74625960148109216       0.99154483436781193       0.63950374730979997       0.83452710524906792       0.83873833013711840       0.83890816087148046     
  0.38469000132824743       0.33056541045896076       0.35912491133604380       0.40582119393711574       0.41802664168604625       0.54679975143224280       0.39859236831899614       0.41698696491049064       0.37472231418529334       0.45370703529569356     
  0.26651346084821848       0.58574253376743901       0.85866826995832879       0.71890388903908042       0.76408963829052845       0.99247593399349532       0.65437944610872478       0.85029266967938288       0.85591801409056156       0.85639914641585124     
  0.39312626790445770       0.41674756140556374       0.38641298166594201       0.53045009181948743       0.56092793193967760       0.47566370352376425       0.40807873877184203       0.45458301167913784       0.41134467302920374       0.55630220953258680     
  0.29102409622185460       0.61691756395052322       0.87538920549022969       0.73525994806441308       0.78348624045058102       0.99324582093125136       0.67104193472644591       0.86601101781795387       0.87366314225475494       0.87388462298860214     
  0.35563557138968782       0.41194591240335060       0.49927940503795382       0.50311033818212703       0.47611762376735256       0.47559899408459877       0.38998531911109835       0.41776749176998101       0.35126885856717177       0.50691143288240337     
  0.32167987437437112       0.65138058215076644       0.89269252046969449       0.75169934251002279       0.80442896505169370       0.99396883243008105       0.68802366945848592       0.88221896679835288       0.89150502709832458       0.89093739381648995     
  0.45363471201648059       0.38602270431733132       0.36286978011606164       0.48241186630468869       0.36731796115012971       0.56494178195709543       0.47848394343117795       0.39896899691137810       0.41804619016137168       0.52599769173891398     
  0.35872338847228757       0.68948291987475219       0.91015927682054087       0.76812659775697312       0.82502967154008688       0.99470373956855673       0.70533842681433190       0.89931307018036999       0.90926650096217576       0.90814231986938687     
  0.42063638984981228       0.32699441246982136       0.39264772843052470       0.52932446551232204       0.37894109751247629       0.44588039254017375       0.40982271611542931       0.43991085171544969       0.39101804957338127       0.39511273222180165     
  0.40345232725988334       0.73151462394329703       0.92706215731128039       0.78416999692069655       0.84780672247589328       0.99545675059002214       0.72355329827842496       0.91611893644407538       0.92619968298628252       0.92423682814012309     
  0.44263621391338270       0.45997261200375655       0.50544172021990630       0.42924135826461002       0.37056523607939507       0.45192202813753224       0.39362758481654198       0.41267380030192591       0.39602488690631982       0.40428023125243595     
  0.45719452898274565       0.77766348712176547       0.94262034241742554       0.80102027568683176       0.87475558642095930       0.99616829553272024       0.74132298894228144       0.93238936531915684       0.94263079648026127       0.94131822198014958     
  0.46331554930545693       0.41657165082161179       0.40005859978275388       0.48908971662493234       0.41207253208833089       0.45917466359133607       0.42346471549026743       0.42126071906752144       0.46767561686649223       0.36077452569600926     
  0.52094765174692337       0.82583653924943023       0.95763221285291555       0.82217636210399836       0.90322058114898907       0.99688885147822892       0.76352763091962539       0.94990376316500824       0.95789200125973673       0.95722679327685034     
  0.50978921058257520       0.32992400084033419       0.41708767461721924       0.67881413259539625       0.36797530851122057       0.44959356651947102       0.41800372006756786       0.51017179153084136       0.42012720799511255       0.38366918273909673     
  0.60034604774575562       0.87946304982175727       0.97220246306508884       0.84894857251160349       0.93435088712025716       0.99781805390728029       0.79684680392453466       0.96694653806654862       0.97330834917807363       0.97257614353965927     
  0.45316679848985303       0.40020901652351887       0.39922557356345145       0.67923894894833026       0.40452361194043895       0.51035929733208885       0.43454360119030033       0.38596536627465267       0.37968235497453967       0.43369200539839736     
  0.74115685044543467       0.93799276082768701       0.98641608334401454       0.89930657812571291       0.96457189026603862       0.99889902838465572       0.86712649451966428       0.98379341119366581       0.98690256425208878       0.98641185483152227     
  0.41267728950400073       0.39365225632692308       0.41707970656238658       0.78117675496411487       0.41394590036725915       0.78772141363998327       0.51194339769964203       0.37729122577980934       0.36223479621136750       0.41431191730530792     
   1.0000000000000000        1.0000000000000000        1.0000000000000000        1.0000000000000000        1.0000000000000000        1.0000000000000000        1.0000000000000000        1.0000000000000000        1.0000000000000000        1.0000000000000000     
  0.31904886350917094       0.36634634788360443       0.34114031963292041       0.56761398462433266       0.49435080931514080       0.39053704158961094       0.35593365559478507       0.42941097373990972       0.40790430153109419       0.38122066397685528     
  -12.112066399271963       -26.607371828579762       -9.2955687340447124       -17.967957963892061       -8.6626278255309401       -1.6532833429210601       -11.002617034897021       -12.824427794797439       -10.649998064633868       -12.089159051670579     
  -12.935888318379474       -13.646292373441318       -6.6015357886206321       -13.025638677401650       -10.608921302123019       -7.5421750237686940       -15.069513677345881       -6.3623574313948819       -9.1185209887827998       -10.582423399938119     
  -7.7184202908830724       -9.1589949727219828       -11.410846173199147       -8.7660648794537046       -11.051414109581531       -5.3806379028940094       -9.9342202477810808       -11.998768377603431       -12.577272846112480       -11.848157455097672     
  -16.224956356283261       -7.7419563291746263       -10.388411872035904       -9.7694514765621179       -8.0117279301252449       -2.3025630790847802       -10.365145495857019       -10.510117015685346       -10.347433653782339       -9.8928163957774409     
  -11.954477014066274       -5.4964234965571617       -10.878721557182473       -10.268545186175341       -10.784271659243977       -4.5201091772403839       -11.345223638596064       -11.868315911905864       -11.821322775625898       -9.6134785903708533     
  -6.0614180012197769       -3.4380256046416564       -10.862319895518079       -11.017880260007459       -10.162336841459910       -9.2035663696349364       -15.946955715748754       -13.477879974717723       -9.3911513103776993       -11.494891285392201     
  -8.6121407125340870        1.5611445449683663       -11.840029085841024       -13.523008831126058       -10.746197585704826       -11.863709018361289       -8.9160644155686715       -11.497150296477757       -16.287206200767084       -9.6782358371020614     
  -5.7334375060549734        2.7444254778100157       -16.921090819711782       -6.8009848736400205       -22.912231351663952       -12.748091047233638       -6.9854747363551644       -9.4203972654793340       -10.045274779919353       -13.668567653080434     
   9.5270709642032828E-006
           1           1           1           1           1           1           1           1           1           1
   5.3234472071854701E-006   2.7242164391111753E-006  -1.5412576984767996E-008  -13.157752068547410        1.0131883665026985E-007   1.5966573205937688E-010
   6.5961269198788747E-008   4.9122015448403833E-008   1.4722266410367453E-008  0.37019382210636004        1.4718315970251379E-008   1.8540399694647217E-011
   5.0000000000000001E-003  -11.251928004353886     
