   0.0000000000000000        0.0000000000000000        0.0000000000000000        0.0000000000000000        0.0000000000000000        0.0000000000000000        0.0000000000000000        0.0000000000000000        0.0000000000000000        0.0000000000000000     
   3.0745877440185553E-002   2.9394315089754908E-003   2.0718262611685835E-002   1.7342639220391951E-002   1.5487275037881682E-002  0.10219705723563507        9.9859271697362403E-002   9.7177278649219490E-002   4.1575101832626402E-002   1.8352800224972553E-002
  0.38058455643259709        1.3408592691193539       0.46686042942959316       0.66952554574746970       0.45137403349529148       0.27747543615590953       0.35679064716137987       0.51906663546989751       0.78868500373763339       0.74451018759140108     
   5.8329019475838795E-002   5.2760378369856838E-003   3.9473231513991430E-002   3.3091962767712625E-002   3.1145014867258972E-002  0.16246135333851885       0.13989069618377736       0.16802491387751228        7.8150209998939096E-002   3.7719840781103270E-002
  0.50470693359289709        1.8496490348166041       0.52582050784815848       0.54355880222121711       0.61868186967672290        1.5534832239062113       0.62268761347406121       0.76093389598011951       0.79398080768928159       0.47248286153672953     
   8.0796022368602824E-002   7.3979580599149259E-003   5.5002998061550339E-002   5.0242763437846706E-002   4.6905997150625628E-002  0.19337987340562543       0.15968879334991495       0.20955162553751189       0.10546060943016217        5.2126616758965114E-002
  0.42789963859831193        1.7071647616284118       0.55830730930481465       0.59820702066170373       0.43574982315010213        2.1770307372787436       0.49785313431379485       0.46346655045485696        1.0552420008828440       0.55129899883273192     
  0.10101383399547681        9.6492031381252112E-003   6.8044465625327302E-002   6.7312590831557328E-002   6.3078622254317901E-002  0.21155762148207929       0.17624807114699409       0.24212354422214175       0.13020548310197810        6.6903303788321766E-002
  0.42992374418554208        1.4269716521366391       0.49013711204655969       0.57724185459037125       0.53897597884166826        1.2541351061940464       0.52363277885975634       0.52479933115554533       0.68628368943244489       0.59245708476296988     
  0.11993365262709522        1.2312263991054022E-002   7.9519224387579010E-002   8.4077925438473131E-002   7.9371575015650814E-002  0.23064072751100009       0.19062800975331756       0.26824403814018882       0.15102389998299692        8.1715271128536354E-002
  0.45474492643229941        1.5284768931582833       0.50474279336197658       0.63407223182766304       0.58857668188457324        1.1278502781884838       0.54482203010231767       0.46064284251869464       0.77045491588348458       0.63364503948950490     
  0.13753839718827016        1.5292784947885310E-002   9.0534923640188419E-002  0.10030998796753211        9.4538379165470116E-002  0.25140778654989210       0.20445002003369242       0.29071861849942743       0.16920184560061458        9.8644100673634341E-002
  0.61198891885033213        1.5685631827063993       0.48102439208006825       0.56025931643091720       0.56443656463401704        1.1497382238359046       0.62828260200426223       0.43565760171529616       0.90396169791673564       0.53095089614596891     
  0.15489066744620647        1.9701700803778283E-002  0.10091184392790685       0.11634442568282416       0.11010456244351018       0.27466194506031666       0.21738401476918845       0.31037109447999472       0.18688267172888143       0.11681182964759330     
  0.65244295403646890        1.4968209862936193       0.36524562087858253       0.46875296859683235       0.44965158625000923       0.75303767570379598       0.48637873099103918       0.46716353517643772       0.62191576859572339       0.53465387871256564     
  0.17205831093630905        2.4778645459148999E-002  0.11060414504125893       0.13099910917754107       0.12575874687263175       0.29814074033942028       0.22883577057819798       0.32864234342176318       0.20314507018556338       0.13401367027712591     
  0.62719051053321084        1.5556526758193172       0.59671076306153681       0.56172210646934539       0.73316590211186228       0.57973167018975713       0.49923311143866667       0.39764891568343541       0.64712462354378630       0.60541409773494670     
  0.18996589426452540        3.0380425132159716E-002  0.11968699347710028       0.14545656702186111       0.14140463386550509       0.31847290166414222       0.23939522169600408       0.34584798589799415       0.21860788575813114       0.15060586947165941     
  0.59327775929715432        1.2899024932347363       0.40974535477230489       0.62819915442030827       0.49638165338726076       0.55152033521759714       0.51514129255065033       0.46513705972333674       0.60210865700627569       0.49386289822215557     
  0.20711410525190108        3.6388248586676636E-002  0.12868269447062747       0.15998837005779906       0.15650599179743338       0.33506300545502699       0.24956182951451636       0.36281227580095410       0.23224425921502725       0.16669091386234308     
  0.53704586138263066       0.83095741597790518       0.41872492534964756       0.57161835459773458       0.53533521929727390       0.81048145058752474       0.54122714464574273       0.48394970460166226       0.55641460248655294       0.47972146443911606     
  0.22199526332785519        4.2982028799348711E-002  0.13790511302985739       0.17451212776776695       0.17122712441515359       0.34914968058066231       0.25957980670669834       0.37970940248505125       0.24538554892836134       0.18335045018223489     
  0.50654157036861780       0.77974556279729046       0.53686432116334415       0.56751981129834028       0.48570580435239502       0.48055506569555811       0.61201921878142462       0.32583936105414046       0.60907436981044627       0.41282052999789387     
  0.23580116576689369        5.0290358243838679E-002  0.14729224922795592       0.19000103364907131       0.18595255356203669       0.36218612691269098       0.26962577324665354       0.39697721832304333       0.26005203364961937       0.20089003005071504     
  0.52926898365381980        1.1278264872429937       0.52947681432186688       0.62491622028155447       0.47193745433801326       0.60718536493065511       0.43724677368959963       0.47578505681561573       0.65232204141495376       0.50119331215730112     
  0.25091918316833833        5.7023353076174114E-002  0.15683005034025641       0.20591241148427344       0.20076841511498467       0.37446908101678811       0.27934184490206077       0.41392836291083818       0.27504987889338750       0.21902233600050194     
  0.44670388937487115       0.63377502865373003       0.57938594126479170       0.51646599556192607       0.41513073284373453       0.51528084111709538       0.74367265965854779       0.40112607247953824       0.68558847074655604       0.40722073395924102     
  0.26839393666360062        6.3741050560428572E-002  0.16628466139735298       0.22251516625890136       0.21556683876208965       0.38714932613249448       0.28850175562261626       0.43066404756246734       0.29037956290607109       0.23644097428743527     
  0.50071605279818410       0.59300871474399564       0.69456436567535651       0.45551538153038962       0.63984586333425619       0.43951412472227286       0.53440077766560368       0.41242662604378844       0.76505119026491131       0.48821851261933175     
  0.28426116971654686        7.1409171102909022E-002  0.17547511280334749       0.23855183365371754       0.23022216076493268       0.39869776379872279       0.29737362563697811       0.44757040951764548       0.30537419092270679       0.25433512686887388     
  0.42882293203025451       0.55444553784474571       0.59992271328079194       0.47746852201465267       0.45746560583583057       0.42857314649630951       0.58215990554424402       0.54671048217803764       0.65542790203421608       0.67946780986142696     
  0.29928080990370931        8.1122278858869218E-002  0.18438482335289269       0.25434905145048703       0.24515023725464860       0.41047219265607338       0.30563994064726113       0.46430628980746480       0.31958515523452713       0.27242112780783295     
  0.41209981127172729       0.59335088997639385       0.54438890354366609       0.75638204917300467       0.55582227732483136       0.62776822810266186       0.62777534319621886       0.46325787899887250       0.71087943074619264       0.51275059469181394     
  0.31417916507216659        9.3123973007838673E-002  0.19311428846213044       0.27028337886816090       0.25967498975742509       0.42207551143484334       0.31304693521187327       0.48028973758034993       0.33396361037797323       0.29047742683385991     
  0.64973883102560825       0.60425964384215669       0.65029405158185349       0.56155185253200235       0.51174590309373813       0.62528499060000886       0.63911574843430130       0.49756778839201649       0.64045849753183015       0.81398439038566928     
  0.32955886439034415       0.10785932016128855       0.20098267343112311       0.28451457685611120       0.27407332243881355       0.43324811268639990       0.32016213511478797       0.49610752515846429       0.35004196777301144       0.30851122172845186     
  0.46545289572524629       0.76756086149791569       0.52227264613598345       0.65999473448557999       0.48329870088227755       0.49664090647930864       0.53764637558507800       0.53311427689936364       0.79763500815118726       0.57651983337810009     
  0.34514039432264254       0.12356408014498882       0.20905232091580853       0.30012140086306754       0.28900721741505919       0.44340285993314243       0.32741628565861036       0.51146348987388124       0.36673160136404459       0.32664909874467796     
  0.50127590256591470       0.56630555552602591       0.52579560494526301       0.44763827529473732       0.58241074877456966       0.54778955794025297       0.59773957511118070       0.42085702516807744       0.56328634033028280       0.50383472006955043     
  0.36053520516705628       0.13931159542882704       0.21611970539874809       0.31467178091493814       0.30467870726952162       0.45275135984858506       0.33502225201508445       0.52591965386761463       0.38279942608967976       0.34429218490257379     
  0.43459198018284212       0.72004500344807632       0.37978664835190745       0.47314659405032983       0.55844573400029107       0.49384131868554160       0.58336518978097718       0.46615595369806440       0.64204247669093917       0.46939529012837922     
  0.37641390620997400       0.15580850456753664       0.22326841746297202       0.32923176990467318       0.32151460669742177       0.46293482337432734       0.34236721871190517       0.53951686643188079       0.39837674912606191       0.36081612972329230     
  0.69495054582389260       0.55277322804515738       0.51259120331960129       0.44074614221890973       0.48709004610472550       0.51833470629542089       0.69667444088683517       0.62232166058700888       0.59490320997430224       0.44144338181858123     
  0.39343466630580010       0.17270300571665448       0.23020131009749203       0.34424881560201265       0.33826248519125862       0.47337682060740000       0.34867591180134966       0.55300430469390460       0.41427460376602199       0.37760946212865204     
  0.46146732815042935       0.65166903807608301       0.41263412452736797       0.44533829262078284       0.50178809788936451       0.48345230898511771       0.69715520765853622       0.44003919718309792       0.63733706302018245       0.52021699771750851     
  0.41119252552108759       0.18937798951514992       0.23694269350845309       0.35959100797387639       0.35505197400788008       0.48374250176422051       0.35476149556915282       0.56622199688043773       0.42973486208252876       0.39339798525787578     
  0.49011859729399321       0.49347708319758532       0.42227672219988266       0.53027906035192940       0.66672681739621298       0.53286538427157681       0.49283041733631339       0.57158290681053670       0.50998851454975502       0.56080541969403941     
  0.42864434478618030       0.20510407386937374       0.24427315939810301       0.37642635968940535       0.37152125637866223       0.49406905171480087       0.36121498921582829       0.57815142403847819       0.44390455933773110       0.40798612666462664     
  0.39828080687919887       0.47405838586300114       0.45030274623553646       0.47779885003707895       0.49135599386548234       0.42387962053448419       0.53320406005726462       0.47855299761548736       0.52858961985432262       0.59729530680799314     
  0.44615597061580331       0.21982273147823303       0.25249387200493034       0.39226589460545935       0.38673336198223079       0.50454720484711846       0.36811460214335423       0.58908563109238476       0.45744904957157434       0.42171713714368270     
  0.58935355989071114       0.43197758389960739       0.61269833852952205       0.42109259429451990       0.57251233003479141       0.42040822592532728       0.59673393413763776       0.45092131796369417       0.47704482883591176       0.54001411715584180     
  0.46378227608539307       0.23422527570901686       0.26193334787352152       0.40734471296277025       0.40096323316808780       0.51567017014430028       0.37513983577753940       0.60002916069646994       0.47146600999973493       0.43482455311650503     
  0.68244645188119657       0.36982617079863861       0.52073382445271565       0.54040411500127983       0.52905101379099462       0.47089903402906458       0.50554765820251024       0.56649474369767427       0.68618911120235637       0.49205991222042089     
  0.48085056781747881       0.24999057833011798       0.27179675360474997       0.42299834848903145       0.41473500899799415       0.52697899408754667       0.38179143088536993       0.61193965239027825       0.48622966788401983       0.44786608450797610     
  0.53928289347952052       0.40581601173778981       0.55960671019878883       0.57562250365868828       0.50875199379627822       0.43210229441217785       0.38395861936200976       0.59606049373037462       0.53384915935532351       0.66370926894469351     
  0.49695621979477106       0.26672222968198994       0.28142491078322185       0.43929249454699049       0.42882843211344696       0.53778947183286141       0.38839369644837557       0.62416351265599523       0.50130408776229485       0.46121833838066451     
  0.61412506902324226       0.55604550838688926       0.50750392937275268       0.65707357145433820       0.55067005960581417       0.53133227306175079       0.52560826661032722       0.47249015063473015       0.47204483478980941       0.61811235435872358     
  0.51239827085080425       0.28432019142047477       0.29056133277844448       0.45594161393719590       0.44383854341281098       0.54862981143036393       0.39526440686522191       0.63579471335902371       0.51569884700450142       0.47440267723837726     
  0.49861909628218648       0.41552698549345263       0.49885340743293927       0.54060982135249991       0.50854033125544562       0.62699661996132472       0.50857199735452463       0.58791099791216295       0.60747846141650397       0.51385165385002574     
  0.52799829660558051       0.30147845002593454       0.29914270991472175       0.47223406580725363       0.45938283784622935       0.55956636708563046       0.40245704599410359       0.64739089572041364       0.52979532220277004       0.48575100839318802     
  0.42189497151910460       0.46118939134630554       0.53062336006470967       0.48561371248391488       0.53224346595089944       0.43647224632946435       0.61453036968135177       0.53919449257512497       0.52277054723292538       0.77188761334027778     
  0.54363864038336240       0.31792799117332599       0.30752747762793331       0.48770350864097312       0.47574846544603860       0.57079495740173147       0.41008950918944614       0.65898008698606481       0.54416340430470600       0.49725062680388243     
  0.64167194736079192       0.43341453581215467       0.54290531961904231       0.53954102285725869       0.57841674221960426       0.44448463049753090       0.61054421870585462       0.62405380180315351       0.48231327904842736       0.91503411873321772     
  0.55932580830578582       0.33428168479191833       0.31631268874879515       0.50337458369321508       0.49329707460558869       0.58215253601013783       0.41729146464521610       0.67061226694477460       0.55887128743268977       0.50908137590884417     
  0.67183371112196966       0.40819049149769210       0.49956701028205119       0.58488953684723222       0.63565860222935255       0.62621606394660634       0.35612266999767950       0.59203203921222780       0.45492735476753698        1.6565424540263867     
  0.57495290433205970       0.35098425432234737       0.32549601527893768       0.51811591428476900       0.51106865709931337       0.59300171217637687       0.42358922755866585       0.68250218659051076       0.57446523527220228       0.52230060919307675     
  0.50285122923768044       0.46169596674565194       0.64034067943848483       0.54627901306019244       0.66289765308303528       0.42520163477965855       0.74080284510900474       0.63515711668740016       0.59176315581682015       0.64105910556262491     
  0.59039156171298279       0.36820563459520361       0.33519686045186847       0.53210832332844671       0.52821104763644633       0.60435535181849520       0.43012318554040124       0.69290367242964235       0.59011636541351453       0.53676081321675784     
  0.53646559542914907       0.44978929085048941       0.57454323931194262       0.46793155872292752       0.51708239215994323       0.59172222059028545       0.48808696512052013       0.54279008138885587       0.46605788697095285       0.55013582512624637     
  0.60514414523499493       0.38593788538078522       0.34566651577027602       0.54578367991632959       0.54372415211085856       0.61569100090201323       0.43683566733642509       0.70170654712003833       0.60535667303627616       0.55137393507599064     
  0.47768003845219642       0.38844248328489295       0.58203714632000880       0.54811071783310994       0.67396211010517937       0.52936499570755535       0.63858136362609963       0.43699811862120269       0.61311562856334534       0.53756607337933893     
  0.62007152108917718       0.40372919356185327       0.35658573546774508       0.55978530822053407       0.55825263095048638       0.62704395500522614       0.44491482928298748       0.71047280595678564       0.61979149580073656       0.56571089966738553     
  0.45383704311518946       0.41799119690003028       0.73895513994528406       0.48861332238045752       0.53391032131003746       0.59807765464934204       0.64977951173680393       0.43030879849221182       0.54482939858960611       0.48925272432061362     
  0.63549250399834256       0.42131793417861796       0.36756469475990022       0.57510060831300835       0.57160620589497424       0.63930577338381822       0.45289844575468396       0.72017218973127028       0.63305646389633041       0.58051396670311950     
  0.62790225088582985       0.43644577309885108       0.51578898082505276       0.53998468510180053       0.37794746886880592       0.55353381285022984       0.58676194114606617       0.63384423004068113       0.51619774496256654       0.48899960894250649     
  0.65219043304087054       0.43761412529975424       0.37798693469858030       0.59160367538810532       0.58582899805620781       0.65226594158046702       0.46142830120514927       0.73121606308148490       0.64633318858986155       0.59652561092572187     
  0.46760211574421306       0.37283437664371355       0.49512850672733544       0.77919926081829505       0.60967077486554033       0.47945075301315848       0.56311920921402336       0.63961001461992895       0.42089644060221693       0.56258482328598092     
  0.66908362667913623       0.45370727212779721       0.38807452184409547       0.60797226808268778       0.60232898099909926       0.66507145146957858       0.47012411560690931       0.74209087146585917       0.65989665433781075       0.61199925722256043     
  0.52450828098183966       0.41120832586546013       0.50043330687317955       0.56404313680530649       0.55211277133509573       0.55700871256248585       0.67634071371620696       0.62177639053922340       0.43502125322017526       0.62724734031340479     
  0.68518964324654641       0.46942504885420849       0.39797005611670005       0.62465666201713921       0.61912091214554565       0.67758929062629913       0.47868561057389020       0.75253425627628434       0.67394432229731271       0.62709450427550073     
  0.67135700968109757       0.49777601511023750       0.49361945966065957       0.48743029289728051       0.53274466673515908       0.51448496954883349       0.59682379504119987       0.60193997269076049       0.59343960674954377       0.54171812185620449     
  0.70092888735501313       0.48557864669907247       0.40800566775600555       0.64160857468188648       0.63731233578104329       0.68973384614567668       0.48721724730161992       0.76281430291640229       0.68802645359637027       0.64206518830684867     
  0.57839424002532924       0.37799131969203970       0.65446180488787398       0.62070932783078225       0.78440185888390379       0.49715974206515390       0.63932812219179502       0.74520325574576396       0.43277008097832892       0.48050755365171000     
  0.71665921577574532       0.50206743109213936       0.41873659078842018       0.65843733579298758       0.65523776441864434       0.70175945026524567       0.49588790010338701       0.77292028301674753       0.70302108690009690       0.65826448310550023     
  0.43236355757049910       0.37126743354428726       0.67129521288604577       0.58341317974092022       0.61183830305486320       0.40121639944239168       0.76963351419535797       0.75013226455897442       0.42124136871159590       0.54198345668241221     
  0.73167486920182456       0.51890591606122349       0.43039658133845204       0.67511123831801845       0.66984614239541995       0.71349471528187314       0.50482288522142071       0.78364329588589254       0.71876813783632654       0.67597261818377241     
  0.51307069944898975       0.34469074187344745       0.63599293676006263       0.51632031451633109       0.45196331721481336       0.52286764513545891       0.40712845484236393       0.66404074433906413       0.42572921746660886       0.60175140213973133     
  0.74624548470339258       0.53618857004670173       0.44242051994521975       0.69094292228823284       0.68250510105704698       0.72432635387750210       0.51363011471641484       0.79460244104578603       0.73497426001523836       0.69315887904892381     
  0.55562838646177981       0.31528173960840428       0.65269799055361644       0.49137984803037416       0.42074870032342987       0.38611286188278859       0.56259167247528707       0.50120222894870403       0.51578887226965153       0.56436484736038983     
  0.75999864747233870       0.55398887932910301       0.45455960672383144       0.70594196890000593       0.69582149192069664       0.73504473353791211       0.52234694006088178       0.80524801542625457       0.75138191574899516       0.70900778445804646     
  0.59010549140584900       0.36174840368799505       0.57105009766066828       0.47046862943252366       0.49666651687270724       0.39842836142123167       0.55276625790692202       0.79702431819751707       0.41871852085545874       0.42999868358740301     
  0.77343457773592872       0.57197743247159216       0.46651617642567378       0.72135531347458171       0.71040416239194470       0.74606933247228924       0.53123651986976139       0.81561682674831282       0.76744727333868223       0.72513377846978921     
  0.53968504111130544       0.41686531639833796       0.56767842337769470       0.63587887651578090       0.44618694889511190       0.48184040515625509       0.53255522955897805       0.67536581525971107       0.40010637852446290       0.48636761233100184     
  0.78837544666692971       0.58976502046123591       0.47849412704322708       0.73723289791254942       0.72759480351421257       0.75768482042120255       0.54028093482072803       0.82539997654910080       0.78315997690899741       0.74025029671039377     
  0.62222163750506154       0.40098218314152706       0.55742334585654174       0.52008917263047538       0.50767301744203641       0.49083002814421239       0.62079676416236707       0.49623262863435486       0.45299118138869726       0.52497504328168754     
  0.80390345565403065       0.60750166705916808       0.49143056248764377       0.75366962794984638       0.74490887100001002       0.76926166413938790       0.55014062778008355       0.83448591264011407       0.79857514752623759       0.75298682896486602     
  0.57873972733149170       0.38857406713787479       0.59897260886410131       0.68285637886138562       0.68754770064611404       0.46258717645850189       0.60711511645662042       0.46101900086711550       0.46482531932283977       0.39239201302234972     
  0.81955903824386467       0.62551836854975273       0.50654333414273955       0.76994697753462538       0.76195204684834894       0.78036825646821240       0.56055042076296380       0.84332533902525952       0.81385827369138419       0.76610639128355140     
  0.65148657692666134       0.32192369155142775       0.61119706123545126       0.44064829905947356       0.51397721406012020       0.54267341027629801       0.68773907795012912       0.55852170193437112       0.49614780356306765       0.35995911917528295     
  0.83500629979474883       0.64383071100614231       0.52334822119255642       0.78642079712438506       0.77906812771905565       0.79177704597157228       0.57189974268523802       0.85226834042616806       0.82945256292544478       0.77959712872571441     
  0.54835312096081812       0.55277140616779175       0.53172397667703664       0.63886594498545746       0.62137272203393901       0.47585405521374285       0.54407739008369738       0.42054260675925892       0.37876305537599564       0.47087216995090214     
  0.85041750287343743       0.66246351797603775       0.54103194525438225       0.80288463998652648       0.79529095731537225       0.80326862862684778       0.58330660799937739       0.86172887977243773       0.84503772018038703       0.79449086440020777     
  0.63114822915800461       0.42071027356582441       0.47709482804507297       0.56532687099562207       0.67390698309166308       0.45759614889106581       0.62772989960027914       0.51804544928818186       0.33789717053304780       0.57272895931332413     
  0.86583848660204810       0.68133226045217221       0.55875596124008287       0.81864753020996495       0.81176548912958180       0.81587442377592878       0.59447861156631032       0.87181218533065807       0.86037459571168218       0.81036957754831729     
  0.75346711673025191       0.45242575758541292       0.60022825133443558       0.71773166149785816       0.65991307572017477       0.48417464386894932       0.64613919871806913       0.64389810995609431       0.46470661683704867       0.49952322074669553     
  0.88109534358564456       0.70059920551914945       0.57658959422517020       0.83400926463839742       0.82834554330235799       0.82913940480723347       0.60595316444192426       0.88196068208603695       0.87538215046473533       0.82651382439091015     
  0.71365199193181994       0.38697629633555924       0.58191290591971701       0.63966125723507028       0.55827758552223417       0.58308860302933097       0.48573487267965210       0.65821126740973357       0.34742221595128314       0.59043527490374215     
  0.89601852670020909       0.72018119250261359       0.59601798630832958       0.85051873549113444       0.84498488601380739       0.84280362020543820       0.61805016538023849       0.89249715289285014       0.88862567277419457       0.84318565580921456     
  0.88153283083709533       0.33571338557859337       0.65517999853744613       0.45026806782316975       0.60191823399509137       0.58617104663301911       0.53003528712807157       0.83563697292309647       0.34209712780152396       0.49015230149477135     
  0.90978113094660995       0.74027473790653642       0.61721876676649701       0.86814652897782585       0.86052897125880601       0.85618233033291824       0.63042742327375689       0.90211035613973256       0.90203831901667875       0.86081935887900640     
  0.57821111015098658       0.33703364762086169       0.56806051348051212       0.71051016965840141       0.52092240789918309       0.51226013035055595       0.46719635425288036       0.69618507340304081       0.36600012151928479       0.53207258229640997     
  0.92295737321368365       0.76063600096170669       0.63855473548702024       0.88491216931514083       0.87555212165142904       0.86924917854424710       0.64425401270638749       0.91052320412950472       0.91553667736839284       0.87778105978575849     
  0.57778385603269111       0.38339723058756858       0.50016387596465040       0.44027423203822502       0.55532919091407196       0.50307328228894055       0.52211467730871974       0.57635742284679004       0.39553657987598156       0.58673761196710950     
  0.93511716963271296       0.78156484083405608       0.66067098548433401       0.89850463759377008       0.89098772243592783       0.88231299797075369       0.65846811688831897       0.91785452022297020       0.92926197902753860       0.89195967844342450     
  0.62080799494383232       0.38435268447825011       0.63207239320123054       0.49267249584773720       0.65728988496798157       0.46612020940681553       0.39874338408366938       0.44118226224880763       0.43749502153379111       0.52965163648978009     
  0.94698367196696343       0.80294401211845545       0.68544987090072851       0.91088205712954062       0.90764601258184940       0.89539986682972661       0.67452609298545263       0.92621370958919913       0.94282797857683598       0.90555613110397071     
  0.57052758448891949       0.38358919256705776       0.62024240244300166       0.45016692847129830       0.65689253954137861       0.48113175551565524       0.43355485925987780       0.52032632114385680       0.34161233306379196       0.52785765233328885     
  0.95786547000342603       0.82561889116859599       0.71423589273356158       0.92332485934898822       0.92284958544875795       0.90825648057908337       0.69060266982715013       0.93623005736417320       0.95637718729948729       0.91920584960049279     
  0.45137403744297000       0.44302805475458845       0.54292091803693687       0.43192534858383008       0.52918017554875230       0.43083816955024373       0.53630607824623133       0.73170728357106973       0.35345899781678736       0.40005164688729539     
  0.96886447233172357       0.84978889496396870       0.74680210957217630       0.93774388664590891       0.93799772931204439       0.92143345443268143       0.70906737269753117       0.94833522035439910       0.96932402244859162       0.93426185187384669     
  0.54052643579348181       0.40028001066299385       0.55657712558053374       0.59992696231478193       0.49030777122936148       0.41752820332393931       0.41462445614724275       0.56849384578173057       0.42097319022807617       0.43733997833566235     
  0.97787251970913702       0.87534973268544369       0.78524929861926096       0.95271324557461545       0.95374045507341010       0.93573274384744431       0.73152746554195103       0.95987399896424708       0.98098520560548341       0.95180043775789624     
  0.46358320727970564       0.43234614870598681       0.59116508447517235       0.53180873545942120       0.71123499822711422       0.49897589609179260       0.41205311393849325       0.80392465968022009       0.41948619753142069       0.59480887682020001     
  0.98675052804121766       0.90362858772984134       0.83091323070547107       0.97013551799461417       0.97032617501665885       0.95208331707046634       0.76250950027012654       0.97232423216420460       0.98944371293569111       0.96770433298417202     
  0.57452872689598944       0.36589772349144284       0.57627725752785441       0.55373374434056599       0.52173687299372362       0.49536037545604472       0.46004030159996517       0.72992431131497792       0.33255649650148522       0.55604519847171885     
  0.99340109920067443       0.94299061885046775       0.89952175130197332       0.98572759342136451       0.98500774687013937       0.97344824879307812       0.83725537316129894       0.98559851839385670       0.99507887660951533       0.98403582902478448     
  0.58017198209577359       0.38691357067629506       0.76756331414524026       0.56321151175200357       0.45530572080718285       0.53117093228532819       0.51023996460619170       0.53013685097286567       0.34945166036753572       0.46349520281483408     
   1.0000000000000000        1.0000000000000000        1.0000000000000000        1.0000000000000000        1.0000000000000000        1.0000000000000000        1.0000000000000000        1.0000000000000000        1.0000000000000000        1.0000000000000000     
  0.72246807379130162       0.41110545244640095       0.46333515292465227       0.42935946863547109       0.46503560176448905       0.46590207079403595       0.39386807052345418       0.57894013112262066        6.3947887452915513       0.44683281755402082     
  -5.8782071989649056        30.079209019511300       -6.9361120422988947       -2.7259756480271844       -3.5058308093778976        0.0000000000000000       -3.0918086284848254       -6.3134297481856860        4.2182590291125415       -2.7445515354434296     
  -3.2016506834166729        7.7785376344370860       -2.4814808380586304       -5.1318516164760029       -1.2715287405847520       -3.1171292513018134       -2.6915122385547456       -5.7136920906391051       -3.0690819529668407       -4.8700102978724278     
  -1.9359595018429525       -1.1051131146001225      -0.78543670698228985        1.0215537074710654       -5.7863650511807645      -0.78812931527438101       -4.0072447993866831       -1.5709307521085061       -2.7853940333957206       -3.2472259699105686     
  -3.7922676870321679       -3.9381709829250537        4.2027969979498598       -5.1120311163089101        2.2399116124949701       -3.3717629868928523        3.4509924849196483       -2.3900308336838805       -2.7060208404143244        2.8140002235320716     
  -4.5937118280249187       -10.196953636155520       -3.6017782873499122       -1.9103791146136848       -4.3379234259657844       -3.2800242164229876       -4.2727618576310631       -4.2887353487099853       -4.6510944257352600       -6.0570155868185340     
 -0.83465156101287763       -13.110517456704075       -2.2848925192018834       -2.2558212738132242       -1.2734259792017053       -5.2686393802468352       -1.1298817940687325        5.0317108556616867       -3.7106924627563762       -5.4874686916301192     
  -3.1771210597810211       -17.567084563094749       -6.5455179296240642       -2.8497569113375931       -5.5203054443847757       -2.6707695824577118       -1.9457963814814034       -3.7837609824938685       -3.3500281927220299       0.53545405527811851     
   1.6675370054973051       -22.021427071016639       -10.554629773405473       -2.6390153888016950       -2.8164682837605679        1.4154940693854414       -4.5040393506615608       -4.4206481567631046        3.0537927546071941       -2.3312414675508215     
   7.2212322119297301E-006
           1           1           1           1           1           1           1           1           1           1
   2.9425011450613781E-006   2.2681844684612600E-006  -2.7383112171288105E-009  -3.2580098045554533        9.0891181468215750E-008   1.0288305544591582E-010
   3.1358731932664901E-008   3.1721537874264831E-008   1.4593469242990833E-009   5.8218109871286790E-002   1.4589112018367035E-009   1.3312500854162113E-012
   5.0000000000000001E-003 -0.58528373438016090     
