     
 Collinear #          57
 ME*wgt:
  0.82362427681144590        6.2080448375860187E-016   7.5374718938830402E-016
  0.98484240804596856        7.4232219705505809E-016   7.5374718938830402E-016
   1.0003521533875044        7.5401262401436900E-016   7.5374718938830402E-016
   1.0006332781855625        7.5422452104077262E-016   7.5374718938830402E-016
   1.0002570241422859        7.5394092061315704E-016   7.5374718938830402E-016
   1.0000682156897498        7.5379860677272517E-016   7.5374718938830402E-016
   1.0001150692178515        7.5383392248784469E-016   7.5374718938830402E-016
  0.99983315069081136        7.5362142719045172E-016   7.5374718938830402E-016
  0.99999999999999989        7.5374718938830393E-016   7.5374718938830402E-016
   1.0000000000000002        7.5374718938830422E-016   7.5374718938830402E-016
 wgt:
   1.0000003512204261        2.9758630618414430E-004   2.9758620166579178E-004
   1.0000000336644530        2.9758621168386848E-004   2.9758620166579178E-004
   1.0000000033525269        2.9758620266345754E-004   2.9758620166579178E-004
   1.0000000003351144        2.9758620176551718E-004   2.9758620166579178E-004
   1.0000000000335101        2.9758620167576395E-004   2.9758620166579178E-004
   1.0000000000033509        2.9758620166678897E-004   2.9758620166579178E-004
   1.0000000000003353        2.9758620166589153E-004   2.9758620166579178E-004
   1.0000000000000333        2.9758620166580170E-004   2.9758620166579178E-004
   1.0000000000000036        2.9758620166579281E-004   2.9758620166579178E-004
   1.0000000000000004        2.9758620166579189E-004   2.9758620166579178E-004
