   0.0000000000000000        0.0000000000000000        0.0000000000000000        0.0000000000000000        0.0000000000000000        0.0000000000000000        0.0000000000000000        0.0000000000000000        0.0000000000000000        0.0000000000000000     
   2.4890094502444293E-002   2.4985943684116184E-002   1.7597867673691679E-002   2.1201275921085970E-002   1.7373603517966990E-002  0.17372214918890527        8.4067339274856628E-002   8.4708583560745621E-002   3.9362215745799081E-002   1.6950613826983058E-002
  0.35755207116558640       0.45655223602075867       0.39794979444760420       0.68776752540095654       0.43463235644363102       0.34356544933069022       0.28347234926770326       0.35740597990010853       0.50148167286982093       0.41556162265365598     
   4.9395052009960486E-002   4.9640954224081074E-002   3.4601778203862170E-002   3.9824998457637921E-002   3.4425076388762466E-002  0.31630249466082017       0.13391682410947206       0.13689809821774582        7.2138347435004038E-002   3.3977624900833295E-002
  0.32415717316424114       0.35825324901991051       0.37601578937731667       0.64822967746127780       0.33757213053449081       0.80071339193747371       0.34988082010617461       0.43478681721195928       0.44206326476800056       0.47022536478085247     
   6.8327245783533663E-002   7.2707376140757882E-002   5.0037518649316264E-002   5.6076608334904965E-002   5.2113698421333787E-002  0.35053495474290192       0.15999252027535377       0.15503338353935120        9.8654025289282243E-002   5.0558270316284716E-002
  0.48455709871858260       0.33835707902006534       0.40355009263046537       0.43062362696611511       0.42563681276463805       0.50375591044152612       0.31120469743101781       0.27441017812383972       0.44633491772983119       0.37729045738711914     
   8.7420152975168794E-002   9.6200904600851012E-002   5.7543030362107492E-002   7.2145767764126109E-002   6.9602068826062236E-002  0.38329614795923017       0.17832833732577441       0.17320588878735418       0.12238813425405426        6.7188493384008771E-002
  0.35422260032590991       0.33644682012593896       0.31138233135748872       0.37174391273086754       0.31848884628255003       0.48496234328571364       0.43154315753212652       0.30381814130794377       0.38167577987646500       0.35440078410056713     
  0.10458167823818795       0.11996865674213095        6.5048542074898727E-002   9.0789093313120781E-002   8.6281385501481470E-002  0.40725324221670250       0.19399512766901283       0.19145340142002829       0.14187366443052912        8.3817580364299663E-002
  0.37850684100487819       0.38738676506293279       0.27316460365770739       0.45007729548372050       0.32532313267500046       0.38943607037840422       0.31893926266067701       0.36652184236814989       0.38552165942761807       0.29094122933361971     
  0.12149386249761106       0.14236487518201091        7.2211811948765914E-002  0.10925432039064996       0.10272955886212448       0.42998462784063818       0.20297359334599654       0.20813468559582501       0.16198948203435351       0.10037027686464231     
  0.39232230487130981       0.42440833369004455       0.30381814130794377       0.34515319098154340       0.40955177707163826       0.45255254388246469       0.32633127147374141       0.41491739589291032       0.43120070809868344       0.31328029658360479     
  0.13813924159487617       0.16322032360701033        7.9343709732254505E-002  0.12420683301004448       0.11907886505824739       0.45043386953545245       0.20924909491393587       0.21934489031965620       0.18005072736000582       0.11737983391363119     
  0.39872164660115933       0.41796957616517477       0.28251675569833185       0.35778039567331965       0.44040677399587486       0.33899188098668692       0.28974199505406772       0.28728556838570929       0.41075397818701742       0.37947002541026426     
  0.15502197970157092       0.18316270303348414        8.6636795390304402E-002  0.14351932959213801       0.13579160244972729       0.47019054081387723       0.21549061783522144       0.23245882997100029       0.20014126768155385       0.13429954324005020     
  0.39386976084075015       0.37184453776383819       0.29308722863154457       0.36795402264217381       0.35766225157488168       0.41157970856288217       0.32612210028133559       0.35976071032440632       0.45289782172251941       0.37838423129497317     
  0.17124681756457780       0.19981677576610968        9.3986577443541289E-002  0.16411863759457357       0.15302850140380000       0.48933259873856805       0.22171332821615530       0.25603858849114941       0.22159813931143973       0.15164898350477063     
  0.34716121219202017       0.33431630197585677       0.27678784505494464       0.42339060125816458       0.39078771486446640       0.39109012153617134       0.29940729255059534       0.37088921528981322       0.36471874119876230       0.43042477294819559     
  0.18599811958286053       0.21609172781636909       0.10670152176383976       0.18653389235171799       0.17072626809385752       0.50670092390017274       0.22741941379080927       0.27475925823228564       0.24354140290636134       0.16972495305794416     
  0.43044797358079617       0.38218623157811810       0.37066481592609690       0.33755373665093852       0.37380004273963968       0.38536487002930098       0.32562422129095570       0.48843042103689122       0.42609185407018635       0.37054820393858662     
  0.20025516098260493       0.23212089932521565       0.12274556687913052       0.20889058199188631       0.18830289955302940       0.52368237560515485       0.23270697184708597       0.29254720091348135       0.26586257848554351       0.18822278119080535     
  0.34173652278752786       0.37980842005515658       0.37523690503774915       0.39050221097765175       0.42016429214426226       0.42538538941380138       0.28044569818438664       0.47421356602541564       0.47405087228086462       0.40269571159960704     
  0.21459888168095517       0.24740432581150354       0.13869610833381418       0.23004221554755860       0.20486129274428960       0.53955776757067031       0.24013100115480931       0.30734159338688349       0.28659787420396898       0.20688414050884069     
  0.31595282165897398       0.35547193087185747       0.34826440942818016       0.36497412377315530       0.36280655465149741       0.38646118032313342       0.36323630090438058       0.39608317685389693       0.37689227854217972       0.37966197677698577     
  0.22935058244165213       0.26252349315078372       0.15481276045854814       0.25098323808149903       0.22105622017621673       0.55564368411020548       0.25079478256327975       0.32192991662646980       0.30663717424961162       0.22573368735530813     
  0.30960593553583604       0.34033402942625779       0.34603879623546813       0.45405445732830774       0.38873618724198900       0.46882160293836206       0.44134859017180822       0.38793433483188677       0.38430746815006783       0.35496872721121642     
  0.24625267557426073       0.27811769649294837       0.17204403932805248       0.27158895386010773       0.23757360422659907       0.56964495419466754       0.26097514464836674       0.33611179477725073       0.32696806480836393       0.24432268167534296     
  0.36826480321760924       0.39155838702805590       0.44970443254907089       0.38254406906752603       0.38985252272627136       0.31727822583698684       0.39670845505165236       0.45045005285034795       0.44594565046437196       0.35939620181811321     
  0.26295974309755515       0.29403756174668372       0.18952751675849619       0.29233744551053614       0.25334313433087058       0.58392982767499779       0.27114022586456599       0.35018997056725643       0.34722853910603374       0.26249398242647715     
  0.39662069948687900       0.32562422129095570       0.41471089410304834       0.41421810375920198       0.30227373365983773       0.38763603605321978       0.32629726786953733       0.39546773255239781       0.37258034223160064       0.38710660970034078     
  0.28019850586726669       0.30971692491401981       0.20568682207350800       0.31224422988087147       0.27032567936880503       0.59769421105203135       0.28097208664865314       0.36414071865105396       0.36621762702440441       0.27957362710164479     
  0.36432560242825379       0.45583195503516816       0.39460251461827328       0.36534137395701138       0.42652101775653706       0.34544697608437952       0.34420448500077278       0.36183368279453149       0.38538131394007319       0.30727684302026459     
  0.29695518716524050       0.32534421706433864       0.22202028234753521       0.33208519991960883       0.28740718002524496       0.61067583916589452       0.29064905219990778       0.37803805820849157       0.38477798624585430       0.29625387303367512     
  0.36840882837119393       0.35527413026364213       0.39616355287934168       0.39481020193058258       0.29773797796321738       0.41123854732613291       0.34262483017335843       0.40332666686738144       0.38040020953655312       0.38982102248419259     
  0.31394694160015685       0.34089255234415117       0.23425982604832965       0.35045619562422542       0.30552469428495627       0.62216793194279307       0.30024346855594447       0.39181189222806723       0.40312947892738965       0.31382536878272704     
  0.35481387458721647       0.36200775729986151       0.34745241128236809       0.43918457420470131       0.38116231358063796       0.37133066227297790       0.38422805915503372       0.37327018858261629       0.37276851675708184       0.39896609272476913     
  0.33104771171916569       0.35667908651763097       0.24720738776867593       0.36871539190952740       0.32290340682430702       0.63445965697176687       0.30989631864947426       0.40506776622670226       0.42197089719374509       0.33158217614970531     
  0.49993455396220049       0.43706847217141276       0.35429604156186584       0.39098570487116613       0.41230883841850718       0.36409672667047133       0.48493849757051638       0.36937581318093188       0.38038084711593623       0.41339781704223982     
  0.34875397686166965       0.37247128810742169       0.26212022430010273       0.38634581461681905       0.33853090694477767       0.64279105246619228       0.31966644212472539       0.41807670503315814       0.44100006930938196       0.34922863974201407     
  0.38579748532910474       0.33616171247104853       0.51972984201792993       0.34841703020091752       0.38811100378998303       0.31484820930630125       0.40929057523146811       0.40011678431278325       0.35599661545035344       0.35644173082528874     
  0.36647765636597202       0.38817150712663134       0.27775441101705256       0.40323989282367695       0.35414676421004515       0.64836563817816084       0.32914325356018770       0.43191689210413386       0.45977153687920824       0.36443809848287290     
  0.45114557946764988       0.36416312618552343       0.42304248632731667       0.38913305781959967       0.37841113975145380       0.33366969532357243       0.36321751574503025       0.39585555391307042       0.41177938754381249       0.32174682418492828     
  0.38406318998541916       0.40360891635701313       0.29426987352591455       0.41932665296912569       0.36978192860056086       0.65366958344019721       0.33829371981842976       0.44673608855779634       0.47766273800807524       0.37166082130341338     
  0.44067569252562439       0.32822868746021711       0.32189066955960094       0.38913724743243527       0.36550562242283324       0.28890253438772490       0.44843237998995233       0.34729430022590296       0.46583527213533099       0.31572436623473327     
  0.40176680085430228       0.41835376583644723       0.31057267492024621       0.43555366558363595       0.38510811382331561       0.65873401031219447       0.34702007623891934       0.46119033297930712       0.49461969565845709       0.37885718585860650     
  0.39812374356965236       0.46226531905065804       0.34572600658115860       0.37446868084968682       0.43479094392580730       0.29010226362543456       0.43676598273335238       0.41597296516627003       0.30820537817842752       0.26987347216373808     
  0.41893252868501901       0.43239818191282930       0.32711438320305947       0.45188490781436552       0.39965901248965874       0.66378483873586225       0.35539146570409585       0.47536356684375747       0.51063994190753847       0.38592460400551082     
  0.35996025920451169       0.40570838339286686       0.37205552550378373       0.34130212489953005       0.37387529091629179       0.31466464724984655       0.29866732251410971       0.37034298246763009       0.34137852233338678       0.29792502952459576     
  0.43644906698415498       0.44643787687044578       0.34340927326190329       0.46813219587678268       0.41483291572671627       0.66881660005198218       0.36333140910244910       0.48890123073342323       0.52637838573696050       0.39296546875362204     
  0.48836843302542698       0.37606198580852046       0.34525151449174735       0.36097377938434788       0.39582237680133298       0.27339995039599585       0.44118605311290454       0.39541038344386598       0.32628825743699530       0.26470782648539787     
  0.45376531532263176       0.46079149828970400       0.35944094147073741       0.48430791051657646       0.43060925848243553       0.67551063625203311       0.37105729682841393       0.50263325032575612       0.54212919966269124       0.39968869747468927     
  0.45503696563338164       0.37360750519857477       0.37174799488216625       0.38163922394794464       0.39312979902632150       0.27172492285935756       0.35003216808967258       0.33622118377149707       0.35321250780834179       0.27804854968939929     
  0.47104505351508441       0.47502755429423699       0.37655090180755463       0.50023502074363024       0.44594804543289962       0.68630626586983312       0.37799710115178747       0.51648547854991012       0.55787244123628521       0.40641192619575650     
  0.27456303216921951       0.32219885350305538       0.33722089591332555       0.33613745910059256       0.32162774128887550       0.36425804083460822       0.31717474565812137       0.41788588996113107       0.31626585586150086       0.30389090741201558     
  0.48871642951965932       0.48904389977869223       0.39411058924146786       0.51591166711079661       0.46083452276226777       0.69682869889318699       0.38452489705961151       0.53005890334445371       0.57338618908469718       0.42165394158847691     
  0.32994089541124560       0.35217657557600568       0.43498563073602181       0.36712977558183685       0.38298916731628396       0.47571684773161949       0.44884355359860817       0.33902069412049590       0.35728156601002997       0.34342536691418302     
  0.50623406472560528       0.50202397439960400       0.41227922494381242       0.53118629625724212       0.47318953649822015       0.70695801101212752       0.39267700232713959       0.54373782550652794       0.58859855923131510       0.43608656468958684     
  0.45689307968392900       0.40584743782394200       0.40933095245578155       0.39946784066181118       0.33263121009680041       0.31525519455959106       0.40541860854292711       0.33965937499272802       0.40149104755386439       0.43057184118820357     
  0.52295600971130041       0.51444705840560268       0.42983651587987520       0.54592372409315926       0.48486097591498567       0.71724626236388000       0.40076390412862412       0.55735395043633063       0.60390475611335159       0.45057063159834443     
  0.41734607228987708       0.39226913720459355       0.34317236381051663       0.33583850586068448       0.29530689860006537       0.39525526071690059       0.42209269661234322       0.37875600464848552       0.36701170558713725       0.36110447659216316     
  0.53926654706191801       0.52709946456020096       0.44589003193023158       0.56013405309061381       0.50233584817071364       0.72764435381763370       0.40876676831144126       0.57059938117923514       0.61845975178946178       0.46528803051069390     
  0.35265344477519278       0.32935277110797240       0.31465430088448104       0.34935334194639400       0.36247503250968915       0.38884253767674481       0.45306517267195695       0.36466039861946697       0.38038101044613143       0.46959521595712994     
  0.55537549323040292       0.54049305367707878       0.46160160954325080       0.57432261931722850       0.51980892510475241       0.73756580481955847       0.41668700460884761       0.58400380842413313       0.63299950560511919       0.47942020119900808     
  0.31718982194580475       0.32349458571156664       0.27110107571498215       0.31799719558256040       0.36792455967410731       0.35437887830081921       0.43216642613732903       0.38388189321141097       0.37633712154554799       0.39878045737424428     
  0.57193416569548106       0.55455851207519569       0.47744847842698274       0.58910503761139943       0.53858551702747837       0.74740840913418594       0.42431384000917904       0.59854571408221535       0.64715018120400869       0.49217768254148919     
  0.40726598428583405       0.39299563668301440       0.37913024676315144       0.41875113116606477       0.37504498665741054       0.42979930103521408       0.33780034560430949       0.33556890759463281       0.43150760630181723       0.54149402908825184     
  0.58874483009596212       0.56883451178391831       0.49440244802846633       0.60377370512758433       0.55676743380113336       0.75541034800634710       0.43229326285724273       0.61260259356880975       0.66117555478240198       0.50513876854909467     
  0.41773834116342906       0.41200489550507829       0.34465153847734464       0.36982104158212298       0.40218976180967897       0.35708412466357559       0.37255654661847254       0.37540513362698263       0.35382676672911689       0.42573373855444663     
  0.60608442071569690       0.58275619575708892       0.51157521185594568       0.61802254056108219       0.57287846694458711       0.76259752823239413       0.44095963270524824       0.62628853187580558       0.67539096229530216       0.51862545784749514     
  0.40102340003039205       0.39365364141109505       0.42279076268586835       0.33293690685548288       0.33662993641737499       0.29192480105499258       0.37657290189721360       0.41227663599542297       0.33343211133653355       0.59583301948050005     
  0.62374681532159526       0.59645629890058327       0.52834390910695839       0.63211475346303281       0.58913165173984650       0.77226207902857014       0.44955473052786871       0.64003695175641218       0.68938121777387151       0.53392106648244897     
  0.44336491007984380       0.40966257699357150       0.38487167409614192       0.32655341500663232       0.39260021135994233       0.47116362171308324       0.39239145105352613       0.33896976664433465       0.35600357948105726       0.48860301848438548     
  0.64123723504164176       0.60376679043336190       0.54561316912797264       0.64539995050402532       0.60533636201927343       0.78176570674762980       0.45835407523254312       0.65364003049505592       0.70342431820413909       0.55057979552318215     
  0.45017321499287083       0.30731725529378884       0.38747437169557880       0.33289060586904373       0.47231568936348245       0.41119503125613438       0.37233976323302226       0.32045172334227379       0.40374077824409815       0.34888262018609906     
  0.65863521574631112       0.60997531734911425       0.56305845436863000       0.65844178846540635       0.62262842291828469       0.79142868400470212       0.46709374665391529       0.66718389806416978       0.71741555989177841       0.56751362761184865     
  0.38001907893856063       0.27510986227817835       0.42070202447675459       0.40726508180479321       0.31666582082032263       0.36600086778297641       0.40581845703735009       0.31873334894364186       0.33029811818854976       0.38239010367785659     
  0.67572040165610170       0.61622299074611642       0.58115209712120541       0.67136957849753809       0.64074829255211985       0.80110574216748809       0.47584276443993950       0.68063711574013153       0.73175135872373509       0.58474983075425790     
  0.37615896529094095       0.26448905405521189       0.47595798782024434       0.36141726428288412       0.40868973413590248       0.37875408432432756       0.45126825321968561       0.30538032672498305       0.32661527427262949       0.35317970368045215     
  0.69277127020779028       0.62248598851375203       0.59905052525427660       0.68465859198907719       0.65868709187570973       0.81035572711341652       0.48462533639116656       0.69430335273450128       0.74569772484696162       0.60186636490054601     
  0.40698255650060122       0.34801669507080224       0.45577460763058814       0.31444862368785553       0.37590931405892075       0.33687865623282437       0.40730719481429034       0.30552969164814575       0.34242655253201054       0.45105655290384000     
  0.70815251743214891       0.62857828102495772       0.61650621729238630       0.69826683355631902       0.67616060157597480       0.81939956793709112       0.49348205784626314       0.70794512786745767       0.75900196426702582       0.61957911645163377     
  0.31997207611471018       0.32187258947790365       0.33699572155271862       0.40286204768704059       0.47129666060748865       0.39115947601752621       0.37903741816943626       0.33600970413154668       0.31213441865483793       0.40519181849325570     
  0.72381589802620294       0.63455840692547372       0.63327914061698731       0.71199322614520943       0.69296646775963833       0.82797673851461484       0.50209441106460784       0.72146619707666526       0.77248924913189809       0.63634373740415995     
  0.39661757838723533       0.28347234926770326       0.46145723455470272       0.35356474616173605       0.38110526823280116       0.36461083315898429       0.34019353903452754       0.37973666893420105       0.36932682893174834       0.41985502590213220     
  0.73583706025199858       0.64417935608872035       0.64971256489096696       0.72577994848757310       0.70994077796824362       0.83658734347680441       0.51114673895762330       0.73516710185874445       0.78541657553991029       0.65262382533007690     
  0.34852501349477039       0.40469438322643742       0.35566052249451163       0.31622600124899625       0.45464743229332344       0.31769125774565543       0.46908080499243970       0.41212327482607342       0.33828838240137510       0.33387877592249388     
  0.74923317800774603       0.65725039104192806       0.66564758100229460       0.73951793111199282       0.72508145416498304       0.84470127532559325       0.52029015595998551       0.74868605118440990       0.79858933492493500       0.66947568036892835     
  0.33829601547458782       0.38609435406651504       0.41002551929077347       0.37101190526441902       0.33921321633952872       0.42985936072629460       0.39043861161972954       0.40250973449088268       0.32534331492807100       0.31700895731391165     
  0.76570971954754286       0.67016027946194523       0.68108175019261463       0.75320022383630070       0.73977975959199227       0.85275877271773803       0.52973652742941391       0.76215361670294546       0.81179630719754903       0.68664753569080517     
  0.35011741986927902       0.35378360341102200       0.47398544226011480       0.38152677480168301       0.35925263736461732       0.42400448446302058       0.40591299123040786       0.43919060018416367       0.29028509002071690       0.31624595776334308     
  0.78171739151507325       0.68417511330927760       0.69702472370147095       0.76657272420218536       0.75428775721089703       0.86038280867615757       0.53933830969552943       0.77538766844469054       0.82475765175538851       0.70437414699621292     
  0.40664099015865934       0.31728188822637876       0.39359054720669306       0.36126581877079567       0.33081047635076816       0.35366625081870817       0.41023867009218828       0.33535966558833380       0.32215316000290023       0.33341029012514123     
  0.79781181888952912       0.69894325174497229       0.71267166871440180       0.77990200926946018       0.76889593010596191       0.86787086456210893       0.54902651123560264       0.78840254790762498       0.83701291814015577       0.72169602838346669     
  0.36472622551407208       0.46547306075136546       0.48207325167222137       0.30202580955618719       0.47411498661363444       0.34323086069479225       0.38928055213703594       0.29563895370716303       0.36811901238791084       0.34204595455486336     
  0.81372492055155476       0.71343500587971587       0.72841404349047267       0.79334683355911795       0.78516547430928085       0.87509364311966620       0.55896931885728129       0.80143658042292920       0.84976943685423112       0.73786486026804787     
  0.32081188629901480       0.42749899540682995       0.32207736684794569       0.35455462164541340       0.47631854906891391       0.32224323887060663       0.42374381829211133       0.40418247102356386       0.30088830083422902       0.34997800444031651     
  0.82994705292068116       0.72787410775491324       0.74436791319989748       0.80669810222658667       0.80219211932220635       0.88230541303100274       0.56891171786409289       0.81392058475816786       0.86293025394793932       0.75432949650688430     
  0.39587914218014303       0.34114411376891707       0.37930011631628607       0.39447576609734186       0.34310848790716308       0.34997047367932799       0.35750301326564032       0.33676274748748442       0.31607949854799233       0.36250789145175083     
  0.84065485459921763       0.74332870716971622       0.76186371627233196       0.82003376621667212       0.81917254541796769       0.88923279978225267       0.57897455786367957       0.82624347235016993       0.87629811998249685       0.77063583872060515     
  0.30004385233317798       0.35259339974887050       0.36281036435801173       0.34298530412153422       0.43707889340373929       0.30489208651175875       0.44459731779064637       0.37242821691693717       0.31948672782485404       0.37072507550551531     
  0.84752024936860659       0.75900304574673361       0.77903349168642810       0.83346524581418724       0.82676843375897702       0.89644105535247520       0.58900402953187925       0.83874203645640311       0.88969561343724313       0.78622502789798843     
  0.29690615419420990       0.38629780741558134       0.42657822288380887       0.38444842956741404       0.27489719766162762       0.36432680437354781       0.30837100804552348       0.32261705979574923       0.32498583790500707       0.41414215905146823     
  0.85438320867043316       0.77388510562699497       0.79639219166622255       0.84685993244352031       0.83436432209998634       0.90388681438192953       0.59980533624591381       0.85189037243648236       0.90298468603075632       0.80206783674373494     
  0.32292299265370100       0.48823610663102784       0.41419151164988266       0.36029943883155890       0.26473715272491233       0.44319857181274896       0.35221423720744127       0.34361192579833577       0.33895306625255101       0.36414705875151437     
  0.86124437266869991       0.78887562554936685       0.81381095975710249       0.86031984197708833       0.84260306734496659       0.91141757324000694       0.61101328269401167       0.86448914846201930       0.91638506294596322       0.81912247760422585     
  0.29909109544391838       0.42079020298841741       0.33900641462692110       0.41540327860605858       0.29782098379657979       0.36371021818002247       0.42771582940628222       0.38321716679297618       0.33464463374254627       0.35535961276108624     
  0.86790654432316094       0.80149124929907800       0.83107653388475811       0.87481036919710553       0.85094139587589346       0.91877110440654064       0.62314686154247267       0.87677732702805122       0.92870854033619066       0.83670621726113170     
  0.27642829611470127       0.33350453321970452       0.45649269281727123       0.39108479233569771       0.31606055145237638       0.40640368480460459       0.34742635117534393       0.39251560664419499       0.30589929097455681       0.47826167524314289     
  0.87439738948912593       0.81542294071369192       0.84786210892732972       0.88913723815743795       0.85939380076616334       0.92615014524124639       0.63552487256845991       0.88969108002054509       0.94072349589623605       0.85368806900635497     
  0.33151081231714652       0.40490154380835985       0.32101370644096100       0.38283400012422786       0.29772765962723174       0.36255708410862675       0.38058752477098035       0.43356680737847275       0.37729468499704710       0.35812579149060714     
  0.88502175816117135       0.83055724239746120       0.86392295770225624       0.89582580219715990       0.86789141111270451       0.93346468786933723       0.64988798641559808       0.90303310596908304       0.95253353386225881       0.87030596773233382     
  0.29279509538434945       0.31647403046120082       0.35790757427326392       0.28420997970151080       0.35723713754874181       0.43384995055280567       0.32450015131648785       0.46175071496567333       0.32889368678097636       0.38615628657491252     
  0.89949390724639688       0.84669588048632649       0.88097515770596946       0.90251436623688186       0.88151737201910063       0.94073514511149559       0.66473533076257874       0.91614514746004527       0.96434765397146238       0.88727209401022200     
  0.35363307057788246       0.38081143600051054       0.40715297957214730       0.31225207191320203       0.30122264205506438       0.36363280182541835       0.35371138963173210       0.41297814569158869       0.31012098754994710       0.42069212285693386     
  0.91337655690324704       0.86441358554934733       0.89872279275065814       0.90926760522688366       0.89844950826502279       0.94800092340718722       0.68147945166803237       0.92879401154831631       0.97421686117585560       0.90444791342596553     
  0.38930910289489495       0.34729938041179875       0.33947182497687489       0.28334300920887673       0.40639203391417117       0.41614594082492207       0.36083727076368372       0.46307914616029061       0.27374157243811553       0.36369634281369878     
  0.92806174009233489       0.88305654807172851       0.91627161473721941       0.91602593022284273       0.91492023742211237       0.95534471097428286       0.69870518607907295       0.94078824411537199       0.98342521066198496       0.92065924373114005     
  0.30012796478693976       0.42435835545970307       0.35147916134036367       0.28347234926770326       0.42705089675629693       0.33011413542688828       0.38624167493520589       0.34860226909051728       0.37722535600642898       0.41949632089057681     
  0.94317198639425248       0.90291307757387240       0.93396650382574931       0.92374910281882250       0.93102208206972537       0.96272829289978989       0.71877416804762229       0.95266443322664507       0.98709759993956459       0.93670158385243751     
  0.41332154282804096       0.39938999490816701       0.38612806455736526       0.32095917765294502       0.39406955417638584       0.36752291286896716       0.35948772751462260       0.42454436497552905       0.26625718946954446       0.37479572483499718     
  0.95815839716760109       0.92448570024489563       0.95009065410940130       0.93166247408960989       0.94821237024623450       0.97068158646311742       0.74228646334772164       0.96449561760910518       0.99076998921714432       0.95351616059751465     
  0.36755324011271412       0.43209651069643540       0.37268196758373229       0.29499314798346127       0.43898247876165153       0.35245312919012262       0.48737059392122073       0.36465733369503445       0.29997423530764522       0.39766157944317976     
  0.97303790087427033       0.94734953727801519       0.96624501511885286       0.94660122219168452       0.96640093141985639       0.97886595190464176       0.78407235998990044       0.97707003812524429       0.99394715177335446       0.96991348447639514     
  0.39095060155083100       0.38792320101838662       0.42238163108223203       0.36122864790593245       0.40999382007711366       0.34009064449998738       0.37539926043321170       0.35254852744197640       0.31843869565700295       0.34116590138294450     
  0.98661589720241760       0.97288992889855475       0.98304686417056253       0.97193897415327934       0.98340825936441234       0.98885551505090719       0.86131434907025584       0.98868244178472409       0.99697357588667723       0.98491178736643747     
  0.38968081623690809       0.47155524665260784       0.35964364804343191       0.56891071572785090       0.36071862071575839       0.36706226712498496       0.35008555391275054       0.40565848861413295       0.37216169634205010       0.33835138898638345     
   1.0000000000000000        1.0000000000000000        1.0000000000000000        1.0000000000000000        1.0000000000000000        1.0000000000000000        1.0000000000000000        1.0000000000000000        1.0000000000000000        1.0000000000000000     
  0.56145501241699514       0.42377515901620710       0.36789724550268987       0.39365962476262900       0.39776717313657145       0.31325832236154116       0.29239543371442822       0.34461818102590769        2.8517320981187293       0.40807854688074602     
  -5.3990861996459714       -5.9790809999670183       -4.0141231523688479        17.531622818857773       -5.9798466207001866        0.0000000000000000       -7.4110313663825576       -7.1341891773919786       -6.0098523021585777       -8.5834612684660581     
  -5.2822247484731353       -2.5632886843810545       -6.2270749633845517        3.3426304577818149       -4.0346006198315294       -1.1003597669135086       -5.3452177735567048       -3.4772489956914701       -3.9312462386377374       -6.6654087092935166     
  -3.2601580723948405       -1.3831018515446332       -7.0848147098730552      -0.30776851184055426       -6.1116350268938913       -1.4646618979498780       -7.8885880974674558       -7.5426575865814511       -6.8994346598680236       -5.5175875794216136     
  -7.3768756735158565       -3.5693796628001988       -5.8660670252484026       -3.0575598126654757       -4.2737956334879676       -3.7657643458600218       -5.0665693694655829       -5.7724582563510820       -5.4927386218877912       -4.7471951164235699     
  -7.2328365737763471       -6.6844183179878955       -5.5212522014772212       -8.6017886486081832       -7.9802344947589789       -5.7969093447840194       -6.0001805865552287       -4.2754514633988512       -7.1507114122648803       -6.5171833119720501     
  -6.4694672895855980       -8.1860310270691787       -6.6808555949031989       -10.645951162587988       -7.1802143102349030       -5.7052357911752889       -6.1298922799937383       -5.4546815775180759       -5.3331426636156811       -6.3388655098864941     
  -6.9120938176719351       -9.6977121007168936       -6.4000095889298727       -14.666189332065080       -6.7841705202584031       -5.6302289462701669       -4.8511437811047164       -6.7097717810328401       -5.1622362727186744       -3.8406959037502753     
  -5.2893614696942999       -10.499360011406223       -6.4981645283071074       -18.853990360800555       -4.7350881624795749       -8.0438030349456575       -5.1636984053776480       -7.0495449692700278       -6.7881694093709815       -5.2940652577195770     
   1.5718278578776253E-006
           1           1           1           1           1           1           1           1           1           1
   1.8024389678370762E-006   1.2503851050190680E-006  -7.1848517462334258E-009  -6.6352218419034585        6.0440727304054422E-008   7.7482541782842866E-011
   2.7136982874967714E-008   2.7371369954751476E-008   4.3301770724005356E-009  0.26061329418159890        4.3281289863558358E-009   4.7155858209535162E-012
   5.0000000000000001E-003  -5.5380788180332541     
