   0.0000000000000000        0.0000000000000000        0.0000000000000000        0.0000000000000000        0.0000000000000000        0.0000000000000000        0.0000000000000000        0.0000000000000000        0.0000000000000000        0.0000000000000000     
   7.8737762061005447E-004   4.2908084262533678E-003   1.7383251826904818E-002   1.8718250697158324E-003   2.7053998441306473E-002  0.40096224975637967        9.1651578142947429E-002  0.10857643475849785        1.4344960247643163E-002   1.6256126833699036E-002
  0.34308386116247547       0.49196058944914667       0.37462542036810420       0.30154934502234099       0.43292550358696841       0.37249436760136462       0.27107600261208986       0.26632246168632007       0.37746288179093751       0.34175189579192616     
   1.6494268659518721E-003   8.2503335498645310E-003   3.5181678990684473E-002   3.7921094202397190E-003   5.3819634521413445E-002  0.55982794338322239       0.15363407581638072       0.16034010719585207        2.7629500674246049E-002   3.3034769349106728E-002
  0.47009444055678906       0.53499110870361088       0.35837188703300821       0.44687805875085779       0.40930777504328586       0.51162507554140346       0.48969058811195737       0.41301183755432813       0.55878651053595074       0.32850598490584348     
   2.4814985509497138E-003   1.1972976215727786E-002   5.1946993884513744E-002   5.7674813874586282E-003   7.8106134117640003E-002  0.62792881807482048       0.17481650877485427       0.18935548704006108        3.8308296631612844E-002   4.7369034956622744E-002
  0.58126987447670653       0.35292823507938326       0.33285967109626929       0.45544956640865197       0.40400748136192610       0.56947948118282266       0.38672673462550827       0.37313173781723158       0.39868657363729304       0.34953284677566177     
   3.1052173684632586E-003   1.5880448121243607E-002   6.7711857105123549E-002   7.6723637163653843E-003  0.10249365075723722       0.66912668600252656       0.19866069490591454       0.21040265294003491        4.7224895773070152E-002   6.0874495673077393E-002
  0.44949388928085243       0.45386239686658580       0.36522740408698046       0.36491190250494626       0.40598914597682323       0.49719696851134537       0.40240104872130256       0.36018287794613946       0.35377169872785458       0.35316505307401441     
   3.8233109382635826E-003   1.9848742189228222E-002   8.3228637722393875E-002   9.4532188881592885E-003  0.12134124978576960       0.70071343820286791       0.21353847561279690       0.22732347791749635        5.7942837107645855E-002   7.6316625235045371E-002
  0.45443020526990152       0.45198047366749100       0.37037110478920227       0.40889168254755631       0.37580333188763754       0.46763126647897996       0.45872009717099005       0.35905493698425078       0.38188580960957980       0.38759905282815726     
   4.5286166630300745E-003   2.4031231661869518E-002   9.7855732689025129E-002   1.1134970761847992E-002  0.13882356789641967       0.72517297173655781       0.22743895469642839       0.24121046686440736        6.8902858111735216E-002   9.2842996508004816E-002
  0.41190191317710484       0.37279990511936284       0.37595685975995674       0.42764358298066013       0.33321253821214220       0.47121680945727440       0.39598963837959028       0.33806633483485848       0.30492988472920385       0.42230449039014945     
   5.2564317271417268E-003   2.8700809349684778E-002  0.11160125494768638        1.2844228730263904E-002  0.15315213858962023       0.74685666672867668       0.24036031852887826       0.25415288023230570        8.0100261525344066E-002  0.10983168967873375     
  0.34756630177232289       0.36139379916108699       0.37272840965333404       0.37638145528686529       0.35145648176536770       0.34701492120986765       0.41781789427715055       0.42507890021858352       0.40200899297548376       0.44683200053003347     
   6.0628914916888545E-003   3.3980590398466286E-002  0.12642009780693167        1.4679217223315090E-002  0.16713781299196756       0.76354172637352469       0.25169748591716168       0.26616532305089641        9.1740711523480845E-002  0.12794023595024728     
  0.45815933891055854       0.38833218985059842       0.37885685977615097       0.39818040040624497       0.37137484260869519       0.29118266816760185       0.39858258988456441       0.31032257913864247       0.35395468229258825       0.39308389386441972     
   7.0085858643321990E-003   3.9695783847917568E-002  0.14311981212907746        1.6656044022274576E-002  0.17922526066538971       0.77874469942018432       0.26196159096874450       0.27735568295201496       0.10484711099844919       0.14572466684661495     
  0.38465544772482535       0.37055247883039866       0.39149638349396476       0.32638252480728014       0.35575289891078793       0.37827889917462743       0.32306479492788348       0.35986177644562611       0.42830338675408020       0.35463157068485979     
   7.9978432186009543E-003   4.5887927861103225E-002  0.15979994492031727        1.8826991885252692E-002  0.19089657210197919       0.79251588218517033       0.27161735238350593       0.28788870905304859       0.11828333943612931       0.16337099776496009     
  0.38621861338957636       0.42213994104854141       0.39380223496361771       0.39957606330628748       0.33988211345264618       0.35850381749875410       0.38188311363781768       0.39124499259376061       0.45796043076597664       0.40211259509962727     
   9.0387627872714101E-003   5.2516343692587744E-002  0.17711906352765902        2.1051144826884714E-002  0.20245257780565110       0.80534293628316778       0.28217540799842905       0.29948856724024642       0.13194383000803461       0.18098653095200071     
  0.42157037093917377       0.32640087941151696       0.31992664784660529       0.36517728899592494       0.34904884756687010       0.37876889374838130       0.40501181388490831       0.38162165684342830       0.42067795587935786       0.42018049775712413     
   1.0123486182573686E-002   5.9453459244752302E-002  0.19443100840524502        2.3279265095915262E-002  0.21436915146176541       0.81750826311715752       0.29269797961208360       0.31103454475304176       0.14688314980612921       0.19924508294960833     
  0.36529543880440218       0.35436147905622134       0.40714912092261207       0.40831073412727598       0.36771938801107407       0.40301485029372813       0.35077147110410223       0.42922778848862103       0.46225032893755258       0.44455469836988615     
   1.1165519809838861E-002   6.7147402511049420E-002  0.21183572421287888        2.5409578727602605E-002  0.22648760761671619       0.82847851439093678       0.30138727190064940       0.32225464428850709       0.16291567193819512       0.21729102624994345     
  0.40515769923530409       0.38468148064273999       0.37504209510816339       0.41429861066438711       0.34234887164630406       0.32938997469956677       0.35087570373075411       0.41090865020564687       0.37499080034970539       0.43038417053387817     
   1.2315341377989503E-002   7.5509286108684376E-002  0.22861309117080922        2.7487499543862638E-002  0.23784344587761527       0.83878054465563723       0.30980462002401327       0.33319700797443780       0.17861264366258459       0.23586000400381313     
  0.39225772449566693       0.52665087784713371       0.42527901443996918       0.35511444235344952       0.33839556897946355       0.37468736608069919       0.34225936944603064       0.38434906634288352       0.38188581037086095       0.35237887878118740     
   1.3468119822067739E-002   8.4647099768202061E-002  0.24507513850519097        2.9973984789960668E-002  0.24866082928481698       0.84823504991176124       0.31810926525126959       0.34435334184708083       0.19355157611000878       0.25289506844684384     
  0.32319048685278040       0.32781900330288460       0.39440643302923833       0.33305699995581406       0.29305205288300384       0.34642345263188085       0.38116285765573393       0.40570576986791296       0.34475849080139398       0.30837403522042561     
   1.4772447666474467E-002   9.4274467331974490E-002  0.26167895150680248        3.2847416091170062E-002  0.25919583331197010       0.85705989062939769       0.32572901153147527       0.35499528316447915       0.20923777314143352       0.26910733149087446     
  0.40401548447921892       0.39145510865723915       0.45597753111817058       0.43105745139900975       0.29445861100823711       0.35019788053760276       0.35041179041385900       0.37568838703697932       0.41126924834119494       0.35012059815693453     
   1.6100704009766542E-002  0.10494287247202766       0.27818304714744779        3.5740878609456239E-002  0.26928478348674645       0.86522464335504368       0.33226178464143852       0.36543279350177194       0.22358953603995912       0.28662626661648527     
  0.32770556825100433       0.32541608212822171       0.35449824752181358       0.41541808078383796       0.31977244145725320       0.35528448745983721       0.32453993157989669       0.34910834635355315       0.41327516182793950       0.33712936360134194     
   1.7577114769455924E-002  0.11691920072365820       0.29437493460631092        3.8861790260477057E-002  0.28159912256730557       0.87271250382707610       0.33842665811736944       0.37611792715776482       0.23943258982878196       0.30404668714785177     
  0.33437117416839812       0.33215077685079319       0.35932850552287882       0.37662730704323816       0.35604686824862031       0.35660676130209068       0.31992167162136775       0.37336373947992724       0.33579459507178006       0.34961295027821282     
   1.9176035028024615E-002  0.12878349734398550       0.30852945129315662        4.2223783680326706E-002  0.29194828445789989       0.87979529658316191       0.34502930479520599       0.38691231194198655       0.25724892242923197       0.32068984495548986     
  0.34932483302753115       0.35613970773679704       0.32567207858466085       0.38248888687401505       0.36702201085678871       0.36762552999861015       0.29738833803275361       0.39947359121327869       0.41571594397513389       0.33909563950567395     
   2.0672758059459794E-002  0.13980715180428083       0.32177185254269808        4.5696779314157943E-002  0.30378169643519543       0.88653875073516508       0.35160603451978917       0.39780260315519622       0.27404810757695625       0.33660745514680346     
  0.33688367099052530       0.35045174456361644       0.31163634795863460       0.38882411662715721       0.38785200338387094       0.35400864369734170       0.29944203934238983       0.37449549424851236       0.36993685254163994       0.39271370901643421     
   2.2079588639424785E-002  0.15145612011299939       0.33454116288673241        4.9390011732397779E-002  0.31868289830128260       0.89300695157851129       0.35844667951668496       0.40909486325812011       0.29056873371609721       0.35273009312777054     
  0.29841178698152260       0.41546622306275410       0.28549985034736186       0.44227789213895186       0.35878914891877384       0.31544587078806519       0.31450403596593829       0.41032529740982082       0.39135683825355255       0.31129281552028037     
   2.3789477208305425E-002  0.16305649263748465       0.34554054879176560        5.3301534693661189E-002  0.33313224134124786       0.89916038706818679       0.36613700640834257       0.42100454581389557       0.30692636816231933       0.36777087970324540     
  0.34079271121039600       0.34348702684170002       0.36019311038189900       0.36354687901150257       0.41823047089492438       0.33021396539972819       0.36733575377515826       0.39973574885717861       0.39473246817805702       0.36283832382686143     
   2.5495470705586602E-002  0.17448249953762934       0.35652320069012705        5.7306651493683150E-002  0.34695474579021857       0.90480778200217116       0.37378361961563944       0.43324478622214374       0.32478513051420577       0.38482871383086026     
  0.31322878059797238       0.38328995746434336       0.27792487280402917       0.34919222470577826       0.35291897533076028       0.36544564911398325       0.40204940500927139       0.33462352803770923       0.37259662001029686       0.38658472878888650     
   2.7399232974763779E-002  0.18707780696096843       0.36882389819900657        6.1311862327668477E-002  0.36066107691400950       0.91026867484372931       0.38157560149057651       0.44521004686014942       0.34347612853398962       0.40215930050247606     
  0.33919326773690256       0.33622440860589781       0.32321364444561296       0.38699073523006383       0.40565171322740329       0.36510291367911396       0.39793659164288947       0.34404964582074316       0.41696096990193832       0.39022023017299529     
   2.9410441559328527E-002  0.19949763083874356       0.38096409914931761        6.5351972634020511E-002  0.37446157442127259       0.91550583531898588       0.38925337075722533       0.45683954518788084       0.36229495049035382       0.41854443690198317     
  0.35896579329634570       0.33141091285053093       0.28242077619913963       0.37011671221593795       0.36760434329792430       0.36361838402947760       0.33034529164135557       0.40162184769917192       0.46535608528493461       0.37369094238608686     
   3.1486632104141210E-002  0.21253387364159221       0.39274727617021382        6.9463286577376993E-002  0.38828730570407294       0.92042343392219328       0.39699113159373534       0.46845594960092801       0.38115156379548198       0.43370560224080951     
  0.35439130553911713       0.29681252874380254       0.32329444879760660       0.37807940523027250       0.41771873703836893       0.35829928366490726       0.40037436852121361       0.38729687178549432       0.39740147247022417       0.45995874029838613     
   3.3692778043087367E-002  0.22722499171406207       0.40589528723006923        7.3783255221125471E-002  0.40388181832818343       0.92503733102325159       0.40474185174768729       0.47971723328429017       0.39994992201043594       0.44884980475130887     
  0.45343802125128702       0.37613662185469243       0.30002053451748811       0.39118064161085542       0.40226762028145857       0.34897473560178349       0.32482730904206286       0.42322804412724668       0.35114681110879647       0.37217770626398050     
   3.5954254982370558E-002  0.24386710482152432       0.42070827832297769        7.8448524095568156E-002  0.41943871154668244       0.92939169409482647       0.41245198375135478       0.49279255205898803       0.41823079566173021       0.46148396406407760     
  0.32980492913956522       0.39869133312857752       0.38672078615910682       0.39020858427904542       0.36700191816052108       0.32966575148702182       0.36142443525512202       0.39682317282784046       0.44062485477022612       0.27278303387461300     
   3.8149007664935584E-002  0.26137293107831455       0.43676177919956694        8.3270424904042281E-002  0.43443971926372399       0.93343776194105188       0.42010884672048354       0.50490352345592593       0.43564395102271936       0.47278584621406888     
  0.35732061536115317       0.40500994474516810       0.45160801756000135       0.38242382266825170       0.32620438401041191       0.39054772799093318       0.33399058150644673       0.35100550015056198       0.37964593480754188       0.32191250825635925     
   4.0393283160430865E-002  0.27844353583786441       0.45381685679005795        8.8265946953155885E-002  0.44976624533114395       0.93693182657952234       0.42757760534867800       0.51827963599700233       0.45303367707479408       0.48345595582478912     
  0.34333218525599601       0.34488766029015006       0.37218184376501129       0.31541185322368548       0.38715731479115428       0.31697299211353674       0.42309152997450461       0.44505825420152523       0.32834034904035841       0.33817692309615455     
   4.2900776867690983E-002  0.29572544900148545       0.47018255317660124        9.3404732645935518E-002  0.46488841463796154       0.94052050413733146       0.43471811655523546       0.53035636624017157       0.47072304362944695       0.49496482429066724     
  0.28639311152953389       0.42433424038811918       0.36686946057819469       0.33315244507248887       0.37396163308379859       0.36336401547478064       0.39028509229538511       0.45014948030629337       0.34921566272665894       0.31179367666402458     
   4.5572575731025994E-002  0.31275420586686986       0.48608788341875192        9.8835390745098076E-002  0.48076006692476375       0.94325573172113963       0.44182139079237764       0.54193917405318648       0.48794712788113953       0.50739093258884971     
  0.33843148645261451       0.37515440191206495       0.35114978729586793       0.36096112028446081       0.32551958376705886       0.28991289953508226       0.37834268642095886       0.34700592684275600       0.30282906636367052       0.33593769853109740     
   4.8764078727005236E-002  0.32900790015490655       0.50293622369976287       0.10450014726049707       0.49919698488465092       0.94631755062566059       0.44968438948728678       0.55198443977070766       0.50465273190494264       0.52049245466751637     
  0.40726113115613594       0.41538702687756035       0.42635960222521252       0.34478496251936369       0.40528106170324862       0.28395608755637358       0.40307274292207301       0.33050324876438558       0.34907791661365056       0.33398509386486747     
   5.2117629631779627E-002  0.34598302617209220       0.52081928612992290       0.11025828982989341       0.51620749177101455       0.94937558129375355       0.45810997349560173       0.56221555626164055       0.52021380287217656       0.53346554705718352     
  0.34407395016083259       0.31914570853846441       0.40605779474018555       0.40912699533974983       0.49741203218459651       0.31147224102872928       0.40388878499046094       0.27270594066785647       0.36040379957539720       0.30651054823256102     
   5.5673326050349109E-002  0.36270377729069064       0.53832999616385080       0.11651457364723612       0.53071817029475232       0.95236630884149465       0.46666393403303941       0.57264221204797661       0.53534801882139538       0.54877729783058682     
  0.35256663003261735       0.42972552738898390       0.45300808466806963       0.35481223007416818       0.34801655193741543       0.37438832053586413       0.38253239053550042       0.31597169420920951       0.37674100852716191       0.40204975994130449     
   5.9493149611672784E-002  0.37798642095437807       0.55512693687137160       0.12313905229056392       0.54531775626292400       0.95544896691494852       0.47552722040958878       0.58339783816362789       0.55029903027760352       0.56283429585656453     
  0.39919895362454816       0.31491871100609181       0.34042469761709260       0.36631053839248456       0.35316898326884888       0.40685852837910108       0.39017453683234687       0.34817165840808983       0.31591370407357416       0.37762851366983169     
   6.3497210718094999E-002  0.39417328972356863       0.57125348388836927       0.13027679714335580       0.56107873168147837       0.95825283229688474       0.48463286591619487       0.59570935136833736       0.56587413024986899       0.57743639355469112     
  0.42255034039936468       0.33148964339478698       0.38924680254720617       0.38439586604907006       0.35856642097445501       0.30177422182937619       0.43882967070169082       0.37261749957421142       0.44463417731361116       0.33358597923471489     
   6.7693242394336883E-002  0.41163834507756997       0.58608439490434050       0.13794655170618583       0.57690495238876383       0.96084461493543272       0.49369923441961672       0.60914683744185072       0.58258689936650987       0.59179818725233968     
  0.38010103726177341       0.40716306711091366       0.38309121632650178       0.34763288305451728       0.34106780155834288       0.34263018538840956       0.40472642382127721       0.38203283230888080       0.39765938069027729       0.40765561121723465     
   7.2181430414513720E-002  0.42961652491743807       0.59970358660108392       0.14579814023907045       0.59328186264950999       0.96327207290216632       0.50236360587657924       0.62242962058793350       0.59862683707776454       0.60583302891763768     
  0.32038073568223696       0.39347687440981527       0.34399105512343786       0.39917087754760094       0.32721075018750473       0.38094182896495399       0.45298922418364007       0.39320885629276103       0.32406437486136486       0.32863215685245062     
   7.7207410388859823E-002  0.44686373106080307       0.61357586921898943       0.15404699795969470       0.61078894856827515       0.96551840585239779       0.51117088050068615       0.63497513335501110       0.61344615240329003       0.62100091663719248     
  0.34183512544153222       0.34063374939089813       0.35952691199389025       0.38447842544476712       0.48999656968934491       0.38049886411947981       0.31584364332555348       0.38222032834189984       0.32715380769770208       0.37948522572074234     
   8.2776726605657686E-002  0.46435407640188847       0.62782721701701882       0.16279716299036978       0.62671421810193340       0.96764602623998608       0.51974904632183316       0.64769933077369779       0.62739410609553403       0.63450091073468806     
  0.36739413028590384       0.32228061345717091       0.33917518180291162       0.32195288834080843       0.35771869563085579       0.42038173332713935       0.32667392240322257       0.35040065908619122       0.34345395138922941       0.38255869610988502     
   8.8737982949776278E-002  0.48484096421368211       0.64403059544916108       0.17142815151584387       0.64201528257488549       0.96970479978654733       0.52813315233775715       0.66085415270555381       0.64151716962111049       0.64887470292411176     
  0.40880094134033890       0.38149809529801754       0.37560283248183080       0.31765396369098498       0.38959743225005805       0.32888475998686273       0.36099919357071408       0.37906768741744773       0.33559191804942651       0.36051690208202614     
   9.5044358139743212E-002  0.50818387280805910       0.66087109575876890       0.18008478269695105       0.65703554870395653       0.97170229927731444       0.53687866833635733       0.67504716230937134       0.65573555481153023       0.66362660217788250     
  0.29526427313125170       0.50397112570651004       0.35268262941141265       0.40337833177157395       0.33312234534510327       0.34178219076686173       0.41718864935143302       0.32535358928935254       0.31620658420642672       0.36324528518160248     
  0.10160092626903146       0.53317632479500077       0.67783610049677157       0.18919887419975212       0.67234743013105880       0.97367953300850507       0.54593233244456096       0.68981629017313595       0.67020752252078220       0.67960987225112668     
  0.32447837827838510       0.39105020473145929       0.50538862914434479       0.38554988963341430       0.37773725373607309       0.34169181333565629       0.50357605431147645       0.42829818737477371       0.30685227234818097       0.38876610735989531     
  0.10863666310483319       0.55846080416128707       0.69414624340140163       0.19864843825193385       0.68762041401628016       0.97563380861762572       0.55521266149109139       0.70327852913761602       0.68483359674720912       0.69358227218548918     
  0.38293996168610589       0.35977589234112461       0.33126229442778660       0.28745984368533400       0.42362584631605088       0.43878021689888469       0.38071556035708048       0.30629661154027354       0.29876317782235046       0.33320405022845395     
  0.11612744825511212       0.58203470804305435       0.71045145932633702       0.20868866286651694       0.70210730381923558       0.97757432337456107       0.56389760730438665       0.71636771309074487       0.70100254640962678       0.70625042130112092     
  0.35132036385289983       0.33801547901015505       0.34927538163092503       0.33034869937404665       0.34763782556613165       0.41214327462094957       0.39425540499698986       0.29870922917924148       0.33319335024442914       0.38959258921090473     
  0.12378288853192175       0.60479258019561566       0.72644119223666725       0.21974120398074873       0.71667674351594202       0.97931817267896115       0.57211880933953396       0.73052899494859402       0.71737367036592137       0.71990279515344135     
  0.32104151429242450       0.36249943994765504       0.36069325830479571       0.36899392699215972       0.37334229638884808       0.31682180963487699       0.48631224175063797       0.37217417585149304       0.37956456383590786       0.38189259155886429     
  0.13178886572666529       0.62721077772663558       0.74113492783205892       0.23161546806744113       0.73215989346727173       0.98060546195668419       0.58012890960604291       0.74548929922706375       0.73434228830097725       0.73507427230856870     
  0.30254008202600524       0.36931203098760729       0.37451909072825418       0.30249868957539378       0.32496996747122747       0.32014317356722072       0.32789299868498367       0.30187558032684425       0.35547523251036445       0.43639919689484075     
  0.14058400296349799       0.64910877655794341       0.75545733674859827       0.24369210448804104       0.74811981130566374       0.98191758687740516       0.58838579988382522       0.76013259580840542       0.75065946679492690       0.75109813696129857     
  0.39276777344575975       0.33398553369222622       0.37482834888054456       0.33012772076395758       0.46975080402253167       0.38848069747026681       0.33226444528261767       0.40559164375411166       0.30078238184734180       0.34266879823219443     
  0.14997127242551830       0.67022080068745160       0.76958832862670379       0.25733327750050311       0.76275747209351230       0.98323174258669166       0.59748960776566074       0.77526591147010426       0.76890602397562713       0.76746097949840664     
  0.32432163347041171       0.38719158280695742       0.37150539106058450       0.31388067536091413       0.38733623898172020       0.36496332671778048       0.30039182642313339       0.43207255980113041       0.34302718203506416       0.40759852754753606     
  0.16052935578000779       0.69067058685062854       0.78478910619396702       0.27179440834263580       0.77455371026271114       0.98456786428277698       0.60656856431698358       0.79034449132613993       0.78611369857713187       0.78498378125640556     
  0.32118243752917075       0.30970088654101557       0.38186156388134779       0.33038781705964171       0.42307286714755399       0.45270558259956878       0.33679992592570673       0.31952583951203639       0.31860960127186444       0.38081574519920613     
  0.17208271020324908       0.71142013632771250       0.79988724073609307       0.28682550841585952       0.78699524310879587       0.98591487130843358       0.61577441607857808       0.80688770503081120       0.80289826359300875       0.80348644981075623     
  0.38543857858499520       0.29493283510584128       0.34266392864864159       0.36202961767414804       0.30865188279116751       0.34868130900591510       0.33278458719688414       0.37254956082210816       0.38672375166387407       0.44719097631340260     
  0.18465794217758688       0.73406702891321030       0.81577758138764089       0.30206239008570529       0.80003650969129003       0.98724578386390383       0.62468575916240654       0.82398760434538187       0.81953693827011420       0.82203446963509197     
  0.39784578250157004       0.34176171123315657       0.40058333616923730       0.33502955936861550       0.44180891512619408       0.40584329821384285       0.35677676515902673       0.38469187199744609       0.33944961349119313       0.32853271048715116     
  0.19874575759223520       0.75568110866762117       0.83231648257198165       0.31911072007051788       0.81175483563438833       0.98848836493581571       0.63461340466632354       0.84032289078821432       0.83769758040924891       0.83996800536023430     
  0.35205445416783959       0.36229295011146145       0.41034530220278542       0.32627549744344458       0.40423892119309734       0.34414695962913622       0.37089083372384368       0.47500344717487791       0.32157312933022986       0.38692050207115547     
  0.21529706565307899       0.77780888045071961       0.84753223316523352       0.33750292756647221       0.82418492772573504       0.98968356892301834       0.64487302704619387       0.85639314360880447       0.85688695481467891       0.85702040596715701     
  0.38868505216427235       0.39917087754760094       0.37184278390198133       0.36676237582055787       0.36290526762276543       0.37186315491931771       0.41758899540705352       0.33914202713180930       0.42476764965044017       0.40651469975789867     
  0.23449969109844840       0.79981573413723017       0.86198442407300790       0.35797523470528947       0.83721575853567276       0.99080140927233773       0.65668985463804996       0.87149133126115230       0.87583393577083879       0.87314161513088728     
  0.37696066217885171       0.35827569250480423       0.36017554142168662       0.38621803675638766       0.34108934348979514       0.49383552397026098       0.37589324362894078       0.28403974850212910       0.34627037762136514       0.39566144252182245     
  0.25706611565384213       0.82355925868203728       0.87807466644920729       0.38015530734117670       0.85205972841821331       0.99190504267356394       0.66945447119673795       0.88702766733658078       0.89433510351122480       0.88865943601712172     
  0.33019257141486374       0.28017520115460298       0.38397409452624243       0.46755630952256971       0.37145397165447397       0.34587299009978029       0.33553892911405570       0.39471679049467090       0.39446736253216702       0.43187183271842466     
  0.28336152621524774       0.84964305147461472       0.89366636093856033       0.40739724460661569       0.86774860145811572       0.99305395256686912       0.68303322462090976       0.90106808735818700       0.91208588008213720       0.90471288883995449     
  0.43393386152355856       0.35673922523815998       0.35967613184353409       0.37940591272828739       0.41450717301367168       0.36625614763208514       0.38492614156566046       0.36776536870560539       0.40114141433095096       0.37535615148135765     
  0.31741666344286912       0.87596216408737337       0.91166063325428592       0.43798908535477216       0.88514767047888576       0.99415988752646023       0.69769787461187238       0.91765105002531133       0.92871110958173586       0.92154874284812593     
  0.36718850344613707       0.34172962956656716       0.40494655833522014       0.36719688581442317       0.36896051117284562       0.48431275205213026       0.30992240766743995       0.36002598158923677       0.46632142527501197       0.31902267430110487     
  0.35927974307291100       0.90436511105932471       0.92931040818071819       0.47445997926757838       0.90313639992239536       0.99519349254414391       0.71208853524590809       0.93484124560509474       0.94426851870174500       0.93894414538657267     
  0.42751135501801785       0.36607446282783396       0.33359525010346824       0.39421574703926654       0.34631819595829794       0.41274575901191696       0.33367754073806771       0.40247047778437428       0.33088818873206399       0.43525112217892764     
  0.41550369103814477       0.93099427696233816       0.94677832401717477       0.52119219735350664       0.92493143591426974       0.99617032144282036       0.73446072425182063       0.95060213850640107       0.95845058305106079       0.95667987073355110     
  0.43070145290629008       0.35926663683732346       0.52299082030992750       0.38386022303216966       0.28409460853600738       0.36675232096199051       0.37165815842724503       0.36555951418141558       0.35022442261935344       0.38696599508012181     
  0.49864654447349305       0.95631386045296163       0.96445506795019154       0.58322298628274127       0.94929701684081402       0.99718626685373446       0.76690326631041417       0.96710591727446304       0.97201811681633321       0.97252929657939080     
  0.40148492115653234       0.43451502086396121       0.36399803018730603       0.40685512030783438       0.40306236767208109       0.39240274661863955       0.38594105506635523       0.42894270241670507       0.38445938702629118       0.39669723357988917     
  0.63889967927631330       0.97842499245098602       0.98185508541776234       0.70828733771674357       0.97350854231574313       0.99845794503540375       0.83460407621839561       0.98372623592084940       0.98649586734886863       0.98640829843617073     
  0.35146257938194492       0.34083348278719838       0.44428411103220877       0.35847100808648952       0.34791316756281132       0.36298781389830337       0.42794941763099803       0.38975005854673717       0.31991180886054238       0.37985133845483199     
   1.0000000000000000        1.0000000000000000        1.0000000000000000        1.0000000000000000        1.0000000000000000        1.0000000000000000        1.0000000000000000        1.0000000000000000        1.0000000000000000        1.0000000000000000     
  0.40113845435336531       0.31998588883139567       0.38837932681450588       0.32941952556818022       0.38813537475872012       0.28721017188887760       0.32062516339531671       0.37019563656938342       0.32587791995252735       0.33182765452476837     
  -19.889797497215039       -15.063829631735794       -5.6776715467225820       -13.870659597903698       -8.0169636512772353      -0.37061121871430064       -5.2795007085060721       -10.682271205161667       -11.730490779959000       -10.220356463166013     
  -5.4294474183909305       -16.138889245885746       -16.910026393938555       -15.792451222549710       -8.1857644511484917        5.3620840783320274       -12.921688646044917       -7.0831854779330925       -12.711716707454784       -6.3312335555654027     
  -4.1716671919217880       -17.053344073222899       -16.761861181057487       -10.461027323009587       -8.6012608414618139       -5.9206270521692348       -13.071957314820176       -7.4815196753696238       -10.567067459284491       -14.917705645918250     
   1.1933550542699702       -13.914330643864371       -10.257866968353623       -10.907366887657862       -18.956014132318820       -1.6378946396874450       -8.4709816739378496       -12.635245567072115       -11.767431875675724       -9.0499254708603516     
   2.5348407500569126       -5.8284139054073414       -8.0001921196522474       -6.8236242592734548       -12.498926307421792       -2.9104719060755384       -10.564325706441073       -16.631132231545639       -11.584002440200093       -8.6632397055921668     
   5.5371804704161676       -8.2509887008459213       -12.405703918348301       -10.605619272876153       -11.222182646656231       -7.1246146875610119       -14.343869296623110       -12.196773943363647       -11.714148704313676       -15.918062283164014     
   7.8125534410780375       -6.6607604522316084       -7.3538305984962067       -6.8160204970793838       -13.682282068087716       -12.651368200855412       -9.5686221686122579       -15.221612711791867       -13.666330179913510       -11.204211764542148     
   17.280027593959762      -0.80488621611230671       -14.341817549018042       -13.110643888870241       -12.018579330635395       -14.673189715004863       -7.0037346334561352       -8.3876714685027007       -12.269578499015076       -10.231355746648417     
   5.1895279902351905E-007
           1           1           1           1           1           1           1           1           1           1
   1.6667738321751184E-006   7.7746678339355371E-007   3.5904894080295285E-009  -13.699756695496252        2.4927025605363830E-008   2.9273227768196225E-011
   3.7765773713462316E-008   3.0239019678645252E-008   4.5003771200573597E-009  0.67336073715532274        4.4992109272861867E-009   4.0043341222099256E-012
   5.0000000000000001E-003  -10.513468940343746     
