     
 Collinear #          19
 ME*wgt:
   0.0000000000000000        0.0000000000000000        4.5646969446558046E-024
   0.0000000000000000        0.0000000000000000        4.5646969446558046E-024
   0.0000000000000000        0.0000000000000000        4.5646969446558046E-024
   0.0000000000000000        0.0000000000000000        4.5646969446558046E-024
   0.0000000000000000        0.0000000000000000        4.5646969446558046E-024
   0.0000000000000000        0.0000000000000000        4.5646969446558046E-024
   0.0000000000000000        0.0000000000000000        4.5646969446558046E-024
   0.0000000000000000        0.0000000000000000        4.5646969446558046E-024
   0.0000000000000000        0.0000000000000000        4.5646969446558046E-024
   0.0000000000000000        0.0000000000000000        4.5646969446558046E-024
 wgt:
   1.0000000377997988        2.0600211152242857E-006   2.0600210373559048E-006
   1.0000000036231089        2.0600210448195856E-006   2.0600210373559048E-006
   1.0000000003608129        2.0600210380991872E-006   2.0600210373559048E-006
   1.0000000000360665        2.0600210374302023E-006   2.0600210373559048E-006
   1.0000000000036062        2.0600210373633337E-006   2.0600210373559048E-006
   1.0000000000003606        2.0600210373566476E-006   2.0600210373559048E-006
   1.0000000000000360        2.0600210373559789E-006   2.0600210373559048E-006
   1.0000000000000036        2.0600210373559120E-006   2.0600210373559048E-006
   1.0000000000000004        2.0600210373559056E-006   2.0600210373559048E-006
   1.0000000000000000        2.0600210373559048E-006   2.0600210373559048E-006
