     
 Collinear #          19
 
 part:           1
 comp:           0
  0.99999999692092967        276.25021456304466        276.25021541363850     
  0.99999999970610587        276.25021533245018        276.25021541363850     
  0.99999999997074351        276.25021540555639        276.25021541363850     
  0.99999999999707567        276.25021541283064        276.25021541363850     
  0.99999999999970735        276.25021541355767        276.25021541363850     
  0.99999999999997080        276.25021541363043        276.25021541363850     
  0.99999999999999711        276.25021541363770        276.25021541363850     
  0.99999999999999933        276.25021541363833        276.25021541363850     
  0.99999999999999978        276.25021541363844        276.25021541363850     
  0.99999999999999978        276.25021541363844        276.25021541363850     
 comp:           1
   0.0000000000000000        0.0000000000000000     
   0.0000000000000000        0.0000000000000000     
   0.0000000000000000        0.0000000000000000     
   0.0000000000000000        0.0000000000000000     
   0.0000000000000000        0.0000000000000000     
   0.0000000000000000        0.0000000000000000     
   0.0000000000000000        0.0000000000000000     
   0.0000000000000000        0.0000000000000000     
   0.0000000000000000        0.0000000000000000     
   0.0000000000000000        0.0000000000000000     
 comp:           2
   0.0000000000000000        0.0000000000000000     
   0.0000000000000000        0.0000000000000000     
   0.0000000000000000        0.0000000000000000     
   0.0000000000000000        0.0000000000000000     
   0.0000000000000000        0.0000000000000000     
   0.0000000000000000        0.0000000000000000     
   0.0000000000000000        0.0000000000000000     
   0.0000000000000000        0.0000000000000000     
   0.0000000000000000        0.0000000000000000     
   0.0000000000000000        0.0000000000000000     
 comp:           3
  0.99999999692092967        276.25021456304466        276.25021541363850     
  0.99999999970610587        276.25021533245018        276.25021541363850     
  0.99999999997074351        276.25021540555639        276.25021541363850     
  0.99999999999707567        276.25021541283064        276.25021541363850     
  0.99999999999970735        276.25021541355767        276.25021541363850     
  0.99999999999997080        276.25021541363043        276.25021541363850     
  0.99999999999999711        276.25021541363770        276.25021541363850     
  0.99999999999999933        276.25021541363833        276.25021541363850     
  0.99999999999999978        276.25021541363844        276.25021541363850     
  0.99999999999999978        276.25021541363844        276.25021541363850     
 
 part:           2
 comp:           0
   1.0000000408788692        276.25001129278763        276.25000000000000     
   1.0000000039170036        276.25000108207223        276.25000000000000     
   1.0000000003900691        276.25000010775659        276.25000000000000     
   1.0000000000389908        276.25000001077120        276.25000000000000     
   1.0000000000038987        276.25000000107701        276.25000000000000     
   1.0000000000003897        276.25000000010766        276.25000000000000     
   1.0000000000000389        276.25000000001074        276.25000000000000     
   1.0000000000000038        276.25000000000102        276.25000000000000     
   1.0000000000000004        276.25000000000011        276.25000000000000     
   1.0000000000000000        276.25000000000000        276.25000000000000     
 comp:           1
   0.0000000000000000        0.0000000000000000     
   0.0000000000000000        0.0000000000000000     
   0.0000000000000000        0.0000000000000000     
   0.0000000000000000        0.0000000000000000     
   0.0000000000000000        0.0000000000000000     
   0.0000000000000000        0.0000000000000000     
   0.0000000000000000        0.0000000000000000     
   0.0000000000000000        0.0000000000000000     
   0.0000000000000000        0.0000000000000000     
   0.0000000000000000        0.0000000000000000     
 comp:           2
   0.0000000000000000        0.0000000000000000     
   0.0000000000000000        0.0000000000000000     
   0.0000000000000000        0.0000000000000000     
   0.0000000000000000        0.0000000000000000     
   0.0000000000000000        0.0000000000000000     
   0.0000000000000000        0.0000000000000000     
   0.0000000000000000        0.0000000000000000     
   0.0000000000000000        0.0000000000000000     
   0.0000000000000000        0.0000000000000000     
   0.0000000000000000        0.0000000000000000     
 comp:           3
   1.0000000408788692       -276.25001129278763       -276.25000000000000     
   1.0000000039170036       -276.25000108207223       -276.25000000000000     
   1.0000000003900691       -276.25000010775659       -276.25000000000000     
   1.0000000000389908       -276.25000001077120       -276.25000000000000     
   1.0000000000038987       -276.25000000107701       -276.25000000000000     
   1.0000000000003897       -276.25000000010766       -276.25000000000000     
   1.0000000000000389       -276.25000000001074       -276.25000000000000     
   1.0000000000000038       -276.25000000000102       -276.25000000000000     
   1.0000000000000004       -276.25000000000011       -276.25000000000000     
   1.0000000000000000       -276.25000000000000       -276.25000000000000     
 
 part:           3
 comp:           0
  0.99999986489318993        148.16965066386518        148.16967068259675     
  0.99999995810308018        148.16966447474394        148.16967068259675     
  0.99999998677640112        148.16966872326046        148.16967068259675     
  0.99999999581913057        148.16967006311870        148.16967068259675     
  0.99999999867791833        148.16967048670435        148.16967068259675     
  0.99999999958192176        148.16967062065024        148.16967068259675     
  0.99999999986779209        148.16967066300754        148.16967068259675     
  0.99999999995819211        148.16967067640209        148.16967068259675     
  0.99999999998677924        148.16967068063784        148.16967068259675     
  0.99999999999581934        148.16967068197729        148.16967068259675     
 comp:           1
  0.99999990436311159        123.20927487645430        123.20928665980711     
  0.99999997034279098        123.20928300576354        123.20928665980711     
  0.99999999063952594        123.20928550650977        123.20928665980711     
  0.99999999704052434        123.20928629517222        123.20928665980711     
  0.99999999906414949        123.20928654450164        123.20928665980711     
  0.99999999970405862        123.20928662334438        123.20928665980711     
  0.99999999990641519        123.20928664827659        123.20928665980711     
  0.99999999997040578        123.20928665616083        123.20928665980711     
  0.99999999999064149        123.20928665865405        123.20928665980711     
  0.99999999999704059        123.20928665944248        123.20928665980711     
 comp:           2
  0.99999963138508485        64.095360296004060        64.095383922518565     
  0.99999988569170550        64.095376595884545        64.095383922518565     
  0.99999996392176271        64.095381610070092        64.095383922518565     
  0.99999998859324168        64.095383191398014        64.095383922518565     
  0.99999999639293535        64.095383691322368        64.095383922518565     
  0.99999999885934820        64.095383849408051        64.095383922518565     
  0.99999999963929431        64.095383899398996        64.095383922518565     
  0.99999999988593491        64.095383915207520        64.095383922518565     
  0.99999999996392930        64.095383920206601        64.095383922518565     
  0.99999999998859346        64.095383921787459        64.095383922518565     
 comp:           3
   1.0000000000000000        12.864864973857806        12.864864973857806     
   1.0000000000000000        12.864864973857806        12.864864973857806     
   1.0000000000000000        12.864864973857806        12.864864973857806     
   1.0000000000000000        12.864864973857806        12.864864973857806     
   1.0000000000000000        12.864864973857806        12.864864973857806     
   1.0000000000000000        12.864864973857806        12.864864973857806     
   1.0000000000000000        12.864864973857806        12.864864973857806     
   1.0000000000000000        12.864864973857806        12.864864973857806     
   1.0000000000000000        12.864864973857806        12.864864973857806     
   1.0000000000000000        12.864864973857806        12.864864973857806     
 
 part:           4
 comp:           0
  0.99999984722480795        133.78432898886317        133.78434942779285     
  0.99999995262407626        133.78434308963571        133.78434942779285     
  0.99999998504710585        133.78434742732964        133.78434942779285     
  0.99999999527238403        133.78434879531181        133.78434942779285     
  0.99999999850502530        133.78434922778862        133.78434942779285     
  0.99999999952724838        133.78434936454607        133.78434942779285     
  0.99999999985050281        133.78434940779246        133.78434942779285     
  0.99999999995272482        133.78434942146816        133.78434942779285     
  0.99999999998505029        133.78434942579281        133.78434942779285     
  0.99999999999527245        133.78434942716038        133.78434942779285     
 comp:           1
  0.99999989420131918        100.56215552455973        100.56216616390425     
  0.99999996719159656        100.56216286462013        100.56216616390425     
  0.99999998964493897        100.56216512257689        100.56216616390425     
  0.99999999672606854        100.56216583467061        100.56216616390425     
  0.99999999896471181        100.56216605979343        100.56216616390425     
  0.99999999967261377        100.56216613098158        100.56216616390425     
  0.99999999989647148        100.56216615349319        100.56216616390425     
  0.99999999996726130        100.56216616061198        100.56216616390425     
  0.99999999998964717        100.56216616286315        100.56216616390425     
  0.99999999999672617        100.56216616357503        100.56216616390425     
 comp:           2
  0.99999972659326686        78.025457560020058        78.025478892711348     
  0.99999991521597120        78.025472277396901        78.025478892711348     
  0.99999997324027678        78.025476804771131        78.025478892711348     
  0.99999999153945107        78.025478232572965        78.025478892711348     
  0.99999999732459066        78.025478683961254        78.025478892711348     
  0.99999999915396298        78.025478826698901        78.025478892711348     
  0.99999999973245968        78.025478871836384        78.025478892711348     
  0.99999999991539634        78.025478886110108        78.025478892711348     
  0.99999999997324585        78.025478890623845        78.025478892711348     
  0.99999999999153966        78.025478892051225        78.025478892711348     
 comp:           3
   1.0000000000000000        41.201062265482150        41.201062265482150     
   1.0000000000000000        41.201062265482150        41.201062265482150     
   1.0000000000000000        41.201062265482150        41.201062265482150     
   1.0000000000000000        41.201062265482150        41.201062265482150     
   1.0000000000000000        41.201062265482150        41.201062265482150     
   1.0000000000000000        41.201062265482150        41.201062265482150     
   1.0000000000000000        41.201062265482150        41.201062265482150     
   1.0000000000000000        41.201062265482150        41.201062265482150     
   1.0000000000000000        41.201062265482150        41.201062265482150     
   1.0000000000000000        41.201062265482150        41.201062265482150     
 
 part:           5
 comp:           0
   1.0000001495408288        270.54602034728049        270.54597988961041     
   1.0000000463729337        270.54599243562120        270.54597988961041     
   1.0000000146363277        270.54598384941005        270.54597988961041     
   1.0000000046275279        270.54598114156948        270.54597988961041     
   1.0000000014633248        270.54598028550703        270.54597988961041     
   1.0000000004627430        270.54598001480366        270.54597988961041     
   1.0000000001463321        270.54597992919997        270.54597988961041     
   1.0000000000462743        270.54597990212972        270.54597988961041     
   1.0000000000146332        270.54597989356938        270.54597988961041     
   1.0000000000046274        270.54597989086233        270.54597988961041     
 comp:           1
   1.0000000961492790       -223.77147433917520       -223.77145282371137     
   1.0000000298160996       -223.77145949570328       -223.77145282371137     
   1.0000000094106232       -223.77145492954020       -223.77145282371137     
   1.0000000029753311       -223.77145348950555       -223.77145282371137     
   1.0000000009408643       -223.77145303424996       -223.77145282371137     
   1.0000000002975269       -223.77145289028940       -223.77145282371137     
   1.0000000000940863       -223.77145284476518       -223.77145282371137     
   1.0000000000297526       -223.77145283036918       -223.77145282371137     
   1.0000000000094087       -223.77145282581677       -223.77145282371137     
   1.0000000000029752       -223.77145282437715       -223.77145282371137     
 comp:           2
   1.0000003035453982       -142.12090595536381       -142.12086281522991     
   1.0000000941300851       -142.12087619307883       -142.12086281522991     
   1.0000000297095455       -142.12086703757615       -142.12086281522991     
   1.0000000093931862       -142.12086415019763       -142.12086281522991     
   1.0000000029703293       -142.12086323737569       -142.12086281522991     
   1.0000000009392989       -142.12086294872387       -142.12086281522991     
   1.0000000002970322       -142.12086285744439       -142.12086281522991     
   1.0000000000939298       -142.12086282857931       -142.12086281522991     
   1.0000000000297031       -142.12086281945136       -142.12086281522991     
   1.0000000000093929       -142.12086281656485       -142.12086281522991     
 comp:           3
   1.0000000000000000       -54.065927239339956       -54.065927239339956     
   1.0000000000000000       -54.065927239339956       -54.065927239339956     
   1.0000000000000000       -54.065927239339956       -54.065927239339956     
   1.0000000000000000       -54.065927239339956       -54.065927239339956     
   1.0000000000000000       -54.065927239339956       -54.065927239339956     
   1.0000000000000000       -54.065927239339956       -54.065927239339956     
   1.0000000000000000       -54.065927239339956       -54.065927239339956     
   1.0000000000000000       -54.065927239339956       -54.065927239339956     
   1.0000000000000000       -54.065927239339956       -54.065927239339956     
   1.0000000000000000       -54.065927239339956       -54.065927239339956     
 
 part:           6
 comp:           0
   1.0484750414923663        2.2585582355936265E-004   2.1541363849528225E-004
   1.0046463305905677        2.1641452147344839E-004   2.1541363849528225E-004
   1.0004627120535854        2.1551331298232069E-004   2.1541363849528225E-004
   1.0000462520819429        2.1542360182454155E-004   2.1541363849528225E-004
   1.0000046250170469        2.1541463478703244E-004   2.1541363849528225E-004
   1.0000004624997929        2.1541373812404544E-004   2.1541363849528225E-004
   1.0000000462499603        2.1541364845815446E-004   2.1541363849528225E-004
   1.0000000046249957        2.1541363949156942E-004   2.1541363849528225E-004
   1.0000000004624994        2.1541363859491091E-004   2.1541363849528225E-004
   1.0000000000462494        2.1541363850524501E-004   2.1541363849528225E-004
 comp:           1
   4.3938161155603245E-005   0.0000000000000000     
   1.3625319594438729E-005   0.0000000000000000     
   4.3004535271843231E-006   0.0000000000000000     
   1.3596626933796196E-006   0.0000000000000000     
   4.2995487290761899E-007   0.0000000000000000     
   1.3596340891960737E-007   0.0000000000000000     
   4.2995396828489758E-008   0.0000000000000000     
   1.3596338061769727E-008   0.0000000000000000     
   4.2995395337182029E-009   0.0000000000000000     
   1.3596338565576734E-009   0.0000000000000000     
 comp:           2
   8.8099339683089041E-005   0.0000000000000000     
   2.7319797362253221E-005   0.0000000000000000     
   8.6227349101166181E-006   0.0000000000000000     
   2.7262266405338433E-006   0.0000000000000000     
   8.6209207214073845E-007   0.0000000000000000     
   2.7261692869802057E-007   0.0000000000000000     
   8.6209025830369281E-008   0.0000000000000000     
   2.7261687195054809E-008   0.0000000000000000     
   8.6209022840184373E-009   0.0000000000000000     
   2.7261688205225995E-009   0.0000000000000000     
 comp:           3
  0.94362761063451506        2.0327025699139038E-004   2.1541363849528225E-004
  0.99459987503740266        2.1425037792875996E-004   2.1541363849528225E-004
  0.99946225012086032        2.1529779983721638E-004   2.1541363849528225E-004
  0.99994624753470795        2.1540205948115561E-004   2.1541363849528225E-004
  0.99999462497859470        2.1541248064236435E-004   2.1541363849528225E-004
  0.99999946250011007        2.1541352271047526E-004   2.1541363849528225E-004
  0.99999994625003374        2.1541362691680644E-004   2.1541363849528225E-004
  0.99999999462500333        2.1541363733743466E-004   2.1541363849528225E-004
  0.99999999946250007        2.1541363837949742E-004   2.1541363849528225E-004
  0.99999999994624944        2.1541363848370364E-004   2.1541363849528225E-004
 
 part: i_fks+j_fks
 comp:           0
   1.0000000347206379        276.25044041886821        276.25043082727700     
   1.0000000033292060        276.25043174697163        276.25043082727700     
   1.0000000003315557        276.25043091886937        276.25043082727700     
   1.0000000000331419        276.25043083643249        276.25043082727700     
   1.0000000000033138        276.25043082819246        276.25043082727700     
   1.0000000000003315        276.25043082736858        276.25043082727700     
   1.0000000000000331        276.25043082728615        276.25043082727700     
   1.0000000000000029        276.25043082727780        276.25043082727700     
   1.0000000000000002        276.25043082727706        276.25043082727700     
  0.99999999999999978        276.25043082727694        276.25043082727700     
 comp:           1
   4.3938161155603245E-005   0.0000000000000000     
   1.3625319594438729E-005   0.0000000000000000     
   4.3004535271843231E-006   0.0000000000000000     
   1.3596626933796196E-006   0.0000000000000000     
   4.2995487290761899E-007   0.0000000000000000     
   1.3596340891960737E-007   0.0000000000000000     
   4.2995396828489758E-008   0.0000000000000000     
   1.3596338061769727E-008   0.0000000000000000     
   4.2995395337182029E-009   0.0000000000000000     
   1.3596338565576734E-009   0.0000000000000000     
 comp:           2
   8.8099339683089041E-005   0.0000000000000000     
   2.7319797362253221E-005   0.0000000000000000     
   8.6227349101166181E-006   0.0000000000000000     
   2.7262266405338433E-006   0.0000000000000000     
   8.6209207214073845E-007   0.0000000000000000     
   2.7261692869802057E-007   0.0000000000000000     
   8.6209025830369281E-008   0.0000000000000000     
   2.7261687195054809E-008   0.0000000000000000     
   8.6209022840184373E-009   0.0000000000000000     
   2.7261688205225995E-009   0.0000000000000000     
 comp:           3
  0.99999995296305844        276.25041783330164        276.25043082727700     
  0.99999999549521479        276.25042958282813        276.25043082727700     
  0.99999999955141883        276.25043070335624        276.25043082727700     
  0.99999999995516076        276.25043081489014        276.25043082727700     
  0.99999999999551614        276.25043082603833        276.25043082727700     
  0.99999999999955158        276.25043082715314        276.25043082727700     
  0.99999999999995515        276.25043082726461        276.25043082727700     
  0.99999999999999523        276.25043082727569        276.25043082727700     
  0.99999999999999933        276.25043082727683        276.25043082727700     
  0.99999999999999978        276.25043082727694        276.25043082727700     
