     
 Collinear #          95
 
 part:           1
 comp:           0
  0.99999999803252482        276.25013710199812        276.25013764551341     
  0.99999999981220633        276.25013759363537        276.25013764551341     
  0.99999999998130573        276.25013764034912        276.25013764551341     
  0.99999999999813161        276.25013764499727        276.25013764551341     
  0.99999999999981293        276.25013764546173        276.25013764551341     
  0.99999999999998124        276.25013764550823        276.25013764551341     
  0.99999999999999811        276.25013764551289        276.25013764551341     
  0.99999999999999978        276.25013764551335        276.25013764551341     
  0.99999999999999978        276.25013764551335        276.25013764551341     
  0.99999999999999978        276.25013764551335        276.25013764551341     
 comp:           1
   0.0000000000000000        0.0000000000000000     
   0.0000000000000000        0.0000000000000000     
   0.0000000000000000        0.0000000000000000     
   0.0000000000000000        0.0000000000000000     
   0.0000000000000000        0.0000000000000000     
   0.0000000000000000        0.0000000000000000     
   0.0000000000000000        0.0000000000000000     
   0.0000000000000000        0.0000000000000000     
   0.0000000000000000        0.0000000000000000     
   0.0000000000000000        0.0000000000000000     
 comp:           2
   0.0000000000000000        0.0000000000000000     
   0.0000000000000000        0.0000000000000000     
   0.0000000000000000        0.0000000000000000     
   0.0000000000000000        0.0000000000000000     
   0.0000000000000000        0.0000000000000000     
   0.0000000000000000        0.0000000000000000     
   0.0000000000000000        0.0000000000000000     
   0.0000000000000000        0.0000000000000000     
   0.0000000000000000        0.0000000000000000     
   0.0000000000000000        0.0000000000000000     
 comp:           3
  0.99999999803252482        276.25013710199812        276.25013764551341     
  0.99999999981220633        276.25013759363537        276.25013764551341     
  0.99999999998130573        276.25013764034912        276.25013764551341     
  0.99999999999813161        276.25013764499727        276.25013764551341     
  0.99999999999981293        276.25013764546173        276.25013764551341     
  0.99999999999998124        276.25013764550823        276.25013764551341     
  0.99999999999999811        276.25013764551289        276.25013764551341     
  0.99999999999999978        276.25013764551335        276.25013764551341     
  0.99999999999999978        276.25013764551335        276.25013764551341     
  0.99999999999999978        276.25013764551335        276.25013764551341     
 
 part:           2
 comp:           0
   1.0000000261208795        276.25000721589294        276.25000000000000     
   1.0000000025028966        276.25000069142516        276.25000000000000     
   1.0000000002492475        276.25000006885460        276.25000000000000     
   1.0000000000249145        276.25000000688266        276.25000000000000     
   1.0000000000024913        276.25000000068820        276.25000000000000     
   1.0000000000002491        276.25000000006884        276.25000000000000     
   1.0000000000000251        276.25000000000693        276.25000000000000     
   1.0000000000000024        276.25000000000068        276.25000000000000     
   1.0000000000000002        276.25000000000006        276.25000000000000     
   1.0000000000000000        276.25000000000000        276.25000000000000     
 comp:           1
   0.0000000000000000        0.0000000000000000     
   0.0000000000000000        0.0000000000000000     
   0.0000000000000000        0.0000000000000000     
   0.0000000000000000        0.0000000000000000     
   0.0000000000000000        0.0000000000000000     
   0.0000000000000000        0.0000000000000000     
   0.0000000000000000        0.0000000000000000     
   0.0000000000000000        0.0000000000000000     
   0.0000000000000000        0.0000000000000000     
   0.0000000000000000        0.0000000000000000     
 comp:           2
   0.0000000000000000        0.0000000000000000     
   0.0000000000000000        0.0000000000000000     
   0.0000000000000000        0.0000000000000000     
   0.0000000000000000        0.0000000000000000     
   0.0000000000000000        0.0000000000000000     
   0.0000000000000000        0.0000000000000000     
   0.0000000000000000        0.0000000000000000     
   0.0000000000000000        0.0000000000000000     
   0.0000000000000000        0.0000000000000000     
   0.0000000000000000        0.0000000000000000     
 comp:           3
   1.0000000261208795       -276.25000721589294       -276.25000000000000     
   1.0000000025028966       -276.25000069142516       -276.25000000000000     
   1.0000000002492475       -276.25000006885460       -276.25000000000000     
   1.0000000000249145       -276.25000000688266       -276.25000000000000     
   1.0000000000024913       -276.25000000068820       -276.25000000000000     
   1.0000000000002491       -276.25000000006884       -276.25000000000000     
   1.0000000000000251       -276.25000000000693       -276.25000000000000     
   1.0000000000000024       -276.25000000000068       -276.25000000000000     
   1.0000000000000002       -276.25000000000006       -276.25000000000000     
   1.0000000000000000       -276.25000000000000       -276.25000000000000     
 
 part:           3
 comp:           0
  0.99999993007667409        223.33797277432288        223.33798839085782     
  0.99999997831662268        223.33798354813595        223.33798839085782     
  0.99999999315624422        223.33798686238717        223.33798839085782     
  0.99999999783622839        223.33798790760542        223.33798839085782     
  0.99999999931576833        223.33798823804290        223.33798839085782     
  0.99999999978362741        223.33798834253361        223.33798839085782     
  0.99999999993157718        223.33798837557640        223.33798839085782     
  0.99999999997836275        223.33798838602539        223.33798839085782     
  0.99999999999315770        223.33798838932967        223.33798839085782     
  0.99999999999783618        223.33798839037456        223.33798839085782     
 comp:           1
  0.99999983166262507        148.46124326311960        148.46126825469977     
  0.99999994779821144        148.46126050475604        148.46126825469977     
  0.99999998352395580        148.46126580864535        148.46126825469977     
  0.99999999479081381        148.46126748133739        148.46126825469977     
  0.99999999835274223        148.46126801014580        148.46126825469977     
  0.99999999947909224        148.46126817736516        148.46126825469977     
  0.99999999983527477        148.46126823024446        148.46126825469977     
  0.99999999994790922        148.46126824696631        148.46126825469977     
  0.99999999998352740        148.46126825225423        148.46126825469977     
  0.99999999999479083        148.46126825392642        148.46126825469977     
 comp:           2
   1.0000000990880928       -47.388167941368955       -47.388163245766236     
   1.0000000307274346       -47.388164701882921       -47.388163245766236     
   1.0000000096982611       -47.388163705349015       -47.388163245766236     
   1.0000000030662728       -47.388163391071274       -47.388163245766236     
   1.0000000009696222       -47.388163291714847       -47.388163245766236     
   1.0000000003066210       -47.388163260296437       -47.388163245766236     
   1.0000000000969618       -47.388163250361082       -47.388163245766236     
   1.0000000000306621       -47.388163247219254       -47.388163245766236     
   1.0000000000096962       -47.388163246225723       -47.388163245766236     
   1.0000000000030662       -47.388163245911535       -47.388163245766236     
 comp:           3
   1.0000000000000000        151.96536075985748        151.96536075985748     
   1.0000000000000000        151.96536075985748        151.96536075985748     
   1.0000000000000000        151.96536075985748        151.96536075985748     
   1.0000000000000000        151.96536075985748        151.96536075985748     
   1.0000000000000000        151.96536075985748        151.96536075985748     
   1.0000000000000000        151.96536075985748        151.96536075985748     
   1.0000000000000000        151.96536075985748        151.96536075985748     
   1.0000000000000000        151.96536075985748        151.96536075985748     
   1.0000000000000000        151.96536075985748        151.96536075985748     
   1.0000000000000000        151.96536075985748        151.96536075985748     
 
 part:           4
 comp:           0
  0.99999989962110047        60.165516128689887        60.165522168038791     
  0.99999996887228293        60.165520295223438        60.165522168038791     
  0.99999999017540075        60.165521576936648        60.165522168038791     
  0.99999999689378316        60.165521981151635        60.165522168038791     
  0.99999999901774672        60.165522108941012        60.165522168038791     
  0.99999999968938480        60.165522149350465        60.165522168038791     
  0.99999999990177502        60.165522162129037        60.165522168038791     
  0.99999999996893840        60.165522166169957        60.165522168038791     
  0.99999999999017741        60.165522167447811        60.165522168038791     
  0.99999999999689393        60.165522167851911        60.165522168038791     
 comp:           1
  0.99999986651200234        50.435522431400358        50.435529163938156     
  0.99999995860507918        50.435527076163417        50.435529163938156     
  0.99999998693484327        50.435528504990060        50.435529163938156     
  0.99999999586922494        50.435528955600333        50.435529163938156     
  0.99999999869375922        50.435529098057209        50.435529163938156     
  0.99999999958693109        50.435529143104809        50.435529163938156     
  0.99999999986937649        50.435529157350089        50.435529163938156     
  0.99999999995869315        50.435529161854824        50.435529163938156     
  0.99999999998693767        50.435529163279348        50.435529163938156     
  0.99999999999586930        50.435529163729825        50.435529163938156     
 comp:           2
  0.99999993277219890        18.816008158461099        18.816009423420038     
  0.99999997915251138        18.816009031153495        18.816009423420038     
  0.99999999342006940        18.816009299612002        18.816009423420038     
  0.99999999791964111        18.816009384275986        18.816009423420038     
  0.99999999934214545        18.816009411041840        18.816009423420038     
  0.99999999979196852        18.816009419505715        18.816009423420038     
  0.99999999993421473        18.816009422182223        18.816009423420038     
  0.99999999997919697        18.816009423028607        18.816009423420038     
  0.99999999999342160        18.816009423296258        18.816009423420038     
  0.99999999999791966        18.816009423380894        18.816009423420038     
 comp:           3
   1.0000000000000000        26.872016021952678        26.872016021952678     
   1.0000000000000000        26.872016021952678        26.872016021952678     
   1.0000000000000000        26.872016021952678        26.872016021952678     
   1.0000000000000000        26.872016021952678        26.872016021952678     
   1.0000000000000000        26.872016021952678        26.872016021952678     
   1.0000000000000000        26.872016021952678        26.872016021952678     
   1.0000000000000000        26.872016021952678        26.872016021952678     
   1.0000000000000000        26.872016021952678        26.872016021952678     
   1.0000000000000000        26.872016021952678        26.872016021952678     
   1.0000000000000000        26.872016021952678        26.872016021952678     
 
 part:           5
 comp:           0
   1.0484750565838832        1.4431788743690159E-004   1.3764551338695145E-004
   1.0046463321036310        1.3828506015472201E-004   1.3764551338695145E-004
   1.0004627122048984        1.3770920364594510E-004   1.3764551338695145E-004
   1.0000462520970745        1.3765187978059850E-004   1.3764551338695145E-004
   1.0000046250185601        1.3764615000000558E-004   1.3764551338695145E-004
   1.0000004624999441        1.3764557704799371E-004   1.3764551338695145E-004
   1.0000000462499754        1.3764551975305306E-004   1.3764551338695145E-004
   1.0000000046249973        1.3764551402356158E-004   1.3764551338695145E-004
   1.0000000004624992        1.3764551345061239E-004   1.3764551338695145E-004
   1.0000000000462494        1.3764551339331748E-004   1.3764551338695145E-004
 comp:           1
   6.1824898799226922E-005   0.0000000000000000     
   1.9172036063295805E-005   0.0000000000000000     
   6.0511204591420459E-006   0.0000000000000000     
   1.9131662951164937E-006   0.0000000000000000     
   6.0498473281498463E-007   0.0000000000000000     
   1.9131260464994199E-007   0.0000000000000000     
   6.0498345993077717E-008   0.0000000000000000     
   1.9131256482665056E-008   0.0000000000000000     
   6.0498343894675528E-009   0.0000000000000000     
   1.9131257191566318E-009   0.0000000000000000     
 comp:           2
   1.1616118733404710E-005   0.0000000000000000     
   3.6021837738155080E-006   0.0000000000000000     
   1.1369292160395312E-006   0.0000000000000000     
   3.5945981752418294E-007   0.0000000000000000     
   1.1366900107831414E-007   0.0000000000000000     
   3.5945225531666035E-008   0.0000000000000000     
   1.1366876191942548E-008   0.0000000000000000     
   3.5945218049371833E-009   0.0000000000000000     
   1.1366875797679240E-009   0.0000000000000000     
   3.5945219381307894E-010   0.0000000000000000     
 comp:           3
  0.94362759775740934        1.2988610513941433E-004   1.3764551338695145E-004
  0.99459987373646042        1.3690221023505218E-004   1.3764551338695145E-004
  0.99946224999067079        1.3757149451084350E-004   1.3764551338695145E-004
  0.99994624752168826        1.3763811459947841E-004   1.3764551338695145E-004
  0.99999462497729263        1.3764477353919144E-004   1.3764551338695145E-004
  0.99999946249997995        1.3764543940248525E-004   1.3764551338695145E-004
  0.99999994625002075        1.3764550598850797E-004   1.3764551338695145E-004
  0.99999999462500222        1.3764551264710713E-004   1.3764551338695145E-004
  0.99999999946249962        1.3764551331296694E-004   1.3764551338695145E-004
  0.99999999994624955        1.3764551337955294E-004   1.3764551338695145E-004
 
 part:           6
 comp:           0
   1.0000000805062081        268.99651109699079        268.99648944110339     
   1.0000000249651497        268.99649615664100        268.99648944110339     
   1.0000000078795557        268.99649156067619        268.99648944110339     
   1.0000000024912576        268.99649011124296        268.99648944110339     
   1.0000000007877896        268.99648965301606        268.99648944110339     
   1.0000000002491205        268.99648950811593        268.99648944110339     
   1.0000000000787790        268.99648946229468        268.99648944110339     
   1.0000000000249121        268.99648944780466        268.99648944110339     
   1.0000000000078779        268.99648944322252        268.99648944110339     
   1.0000000000024911        268.99648944177352        268.99648944110339     
 comp:           1
   1.0000001513386902       -198.89682751941874       -198.89679741863793     
   1.0000000469304569       -198.89680675295551       -198.89679741863793     
   1.0000000148122945       -198.89680036475588       -198.89679741863793     
   1.0000000046831630       -198.89679835010404       -198.89679741863793     
   1.0000000014809178       -198.89679771318774       -198.89679741863793     
   1.0000000004683065       -198.89679751178258       -198.89679741863793     
   1.0000000001480915       -198.89679744809288       -198.89679741863793     
   1.0000000000468308       -198.89679742795241       -198.89679741863793     
   1.0000000000148090       -198.89679742158341       -198.89679741863793     
   1.0000000000046829       -198.89679741956937       -198.89679741863793     
 comp:           2
  0.99999980206052674        28.572148166789116        28.572153822346195     
  0.99999993861853897        28.572152068545648        28.572153822346195     
  0.99999998062664763        28.572153268807792        28.572153822346195     
  0.99999999387478000        28.572153647335465        28.572153822346195     
  0.99999999806307238        28.572153767004000        28.572153822346195     
  0.99999999938749085        28.572153804845488        28.572153822346195     
  0.99999999980630738        28.572153816811980        28.572153822346195     
  0.99999999993874911        28.572153820596125        28.572153822346195     
  0.99999999998063083        28.572153821792774        28.572153822346195     
  0.99999999999387490        28.572153822171188        28.572153822346195     
 comp:           3
   1.0000000000000000       -178.83737678181015       -178.83737678181015     
   1.0000000000000000       -178.83737678181015       -178.83737678181015     
   1.0000000000000000       -178.83737678181015       -178.83737678181015     
   1.0000000000000000       -178.83737678181015       -178.83737678181015     
   1.0000000000000000       -178.83737678181015       -178.83737678181015     
   1.0000000000000000       -178.83737678181015       -178.83737678181015     
   1.0000000000000000       -178.83737678181015       -178.83737678181015     
   1.0000000000000000       -178.83737678181015       -178.83737678181015     
   1.0000000000000000       -178.83737678181015       -178.83737678181015     
   1.0000000000000000       -178.83737678181015       -178.83737678181015     
 
 part: i_fks+j_fks
 comp:           0
   1.0000000221858918        276.25028141988554        276.25027529102681     
   1.0000000021273054        276.25027587869550        276.25027529102681     
   1.0000000002118585        276.25027534955279        276.25027529102681     
   1.0000000000211773        276.25027529687702        276.25027529102681     
   1.0000000000021174        276.25027529161173        276.25027529102681     
   1.0000000000002118        276.25027529108530        276.25027529102681     
   1.0000000000000211        276.25027529103266        276.25027529102681     
   1.0000000000000020        276.25027529102738        276.25027529102681     
   1.0000000000000000        276.25027529102681        276.25027529102681     
  0.99999999999999978        276.25027529102675        276.25027529102681     
 comp:           1
   6.1824898799226922E-005   0.0000000000000000     
   1.9172036063295805E-005   0.0000000000000000     
   6.0511204591420459E-006   0.0000000000000000     
   1.9131662951164937E-006   0.0000000000000000     
   6.0498473281498463E-007   0.0000000000000000     
   1.9131260464994199E-007   0.0000000000000000     
   6.0498345993077717E-008   0.0000000000000000     
   1.9131256482665056E-008   0.0000000000000000     
   6.0498343894675528E-009   0.0000000000000000     
   1.9131257191566318E-009   0.0000000000000000     
 comp:           2
   1.1616118733404710E-005   0.0000000000000000     
   3.6021837738155080E-006   0.0000000000000000     
   1.1369292160395312E-006   0.0000000000000000     
   3.5945981752418294E-007   0.0000000000000000     
   1.1366900107831414E-007   0.0000000000000000     
   3.5945225531666035E-008   0.0000000000000000     
   1.1366876191942548E-008   0.0000000000000000     
   3.5945218049371833E-009   0.0000000000000000     
   1.1366875797679240E-009   0.0000000000000000     
   3.5945219381307894E-010   0.0000000000000000     
 comp:           3
  0.99999996994419804        276.25026698810325        276.25027529102681     
  0.99999999712151877        276.25027449584559        276.25027529102681     
  0.99999999971336440        276.25027521184364        276.25027529102681     
  0.99999999997134870        276.25027528311188        276.25027529102681     
  0.99999999999713474        276.25027529023527        276.25027529102681     
  0.99999999999971334        276.25027529094763        276.25027529102681     
  0.99999999999997136        276.25027529101891        276.25027529102681     
  0.99999999999999711        276.25027529102601        276.25027529102681     
  0.99999999999999933        276.25027529102664        276.25027529102681     
  0.99999999999999978        276.25027529102675        276.25027529102681     
