   0.0000000000000000        0.0000000000000000        0.0000000000000000        0.0000000000000000        0.0000000000000000        0.0000000000000000        0.0000000000000000        0.0000000000000000        0.0000000000000000        0.0000000000000000     
   2.6401335521681144E-002   5.7661747835861408E-004   7.1241183905405375E-002   1.4841197657760985E-002   1.4637860314109781E-002  0.15259945454881302        9.3608812020747889E-002  0.10739151965980846        2.3398757702990377E-002   1.4325944539489793E-002
  0.54709123801147330        4.7645528957734555       0.64392845593780090       0.80045701430349170       0.71156001697050264       0.41527516973759809       0.47252353162260596       0.64421007657485485       0.93556219226529092       0.51367037748211208     
   4.8337437713611930E-002   1.1283557722726069E-003  0.14302381881453821        2.8975376535021025E-002   2.9923859663990977E-002  0.21491504095756919       0.13871620164582690       0.17867022002838684        4.5474519415109417E-002   2.5144678027334100E-002
  0.87532071258348099        5.1993353266281748       0.72516120302450870       0.73934709417287825       0.81348789008429379        1.2363431980001169        1.0422622685387237       0.69772215978946250       0.92814132224452350       0.52321577877347913     
   6.4074285312046869E-002   1.6868520732517039E-003  0.20240172263407177        4.7117369430796634E-002   4.5207139424703030E-002  0.24156698681912658       0.15947481420794662       0.22705784976705992        5.9788160452237255E-002   3.4927407923786895E-002
  0.72362126649487535        3.1288736240930084       0.65560915484928461       0.83282889114050285       0.70882950274463896        1.4390261881678215       0.84553349903936348       0.65925059663122820       0.92097990547763164       0.48286488111926440     
   8.0224748517510172E-002   2.2736828200266360E-003  0.25220009452505909        6.3417542723062409E-002   6.1334791014562171E-002  0.26088460580300066       0.17553418931657191       0.26152195507125381        7.1183285957231265E-002   4.4896091017614728E-002
  0.82060414346664801        2.5987054354023367       0.85811893875724032       0.80008639708746410       0.69992773877481351        1.1556662258554800       0.80835444383551369       0.81678879115473102       0.91108628555871463       0.54533734672658885     
   9.4139749988524257E-002   2.9385006807382077E-003  0.29370107585500216        7.8048583136770031E-002   7.9046897667272131E-002  0.27938840642224916       0.18872006451582912       0.29305709398734081        8.3513515245868100E-002   5.7260441551379847E-002
  0.70379065460247503        2.0160993728491086       0.85113576670729996       0.79709248669851951       0.82185024027934905       0.93264783201417267       0.93753607411403661       0.74792845371898653        1.0273493631300188       0.67273979496511382     
  0.10981428949912497        3.6717405962126879E-003  0.31955163330203079        9.1474139044070757E-002   9.7461794131878249E-002  0.29528489245486117       0.20171301314677728       0.31402098054409816        9.7959696322005976E-002   7.3151868193197425E-002
  0.86752946920870189        1.8822472801360484       0.68451711750667010       0.89295446203543616       0.78893424497437936       0.84310574584279119       0.74014084077561326       0.71579209823721934        1.1667348059297364       0.71852404199211972     
  0.12608289863161296        4.4520303422506012E-003  0.33947120310622697       0.10579533868983745       0.11694135637436565       0.31041253721835332       0.21303312855844986       0.33406656896628556       0.11279774450705800        9.1138749966431759E-002
  0.97998713917273783        2.0162729704052174       0.62124947877235404       0.76813036061161266       0.85801033474248234       0.92302646762962448       0.88437495536974120       0.61024117547369161        1.2332776571613602       0.58523509978237209     
  0.14530983683020035        5.3635948646720520E-003  0.36131426073836492       0.12134880150047900       0.13652665872700143       0.32289668654836712       0.22380208940618435       0.35279437193421803       0.12645816800391105       0.10860156940958572     
  0.80659065502396055        1.5548701995630507       0.62240742587301090       0.70524581042578038        1.2060348635712841       0.89137861910406058       0.66535851581097571       0.71182587296021227        1.3281910322715329       0.83814316813371970     
  0.15806166027957716        6.5959217306896314E-003  0.38600818081282895       0.13663201282324564       0.15496854203845695       0.33469508430377309       0.23549389828748879       0.37254545424455654       0.13907125333260151       0.12529139540573397     
  0.78955775582222842        1.5436301836932678       0.74534862697677084       0.67018765035919248       0.94578022179828525       0.89318570266225605       0.61231127968662724       0.69432828059205409       0.75551822242232758       0.58771175916478158     
  0.16794178020357114        7.9284139759664089E-003  0.41036563137128124       0.15367886083699880       0.17320133836926027       0.34722261103342716       0.24671149052631675       0.38937235285942767       0.15189884318471608       0.14550484673201927     
  0.66526970386625262        1.3903549960878641       0.72301091603663181       0.73671994801967344       0.70337367431327402       0.88439963045604175       0.85381819307800422       0.58400262275709303        1.0838789389097412       0.75855922831062861     
  0.17947434458687253        9.3170605481772521E-003  0.43262261033716332       0.17309178491244268       0.19150519336357749       0.35980716110862465       0.25612194024943330       0.40660775156517626       0.16523425082343102       0.16562879831807781     
  0.59712378035861469        1.2829865683420218       0.72311204519515326       0.76601589847658869       0.84712709438702938       0.56137139936876712       0.77917864257541680        1.0020762445556166       0.86136228761429634       0.70965799591492762     
  0.19302185739441743        1.0775670133067334E-002  0.45465377986592431       0.19181552774199551       0.21003470463691165       0.37234803190579407       0.26497814310779549       0.42243093155113864       0.17596838586502242       0.18579116177261201     
  0.75663939943846692        1.3127876496967059       0.81263640397310588       0.66454420774432976       0.65327343946090044       0.95228982727786204       0.63817637646090508       0.63259726187845078       0.90143588308702516       0.81127347172574071     
  0.20823974542630605        1.2397862958366999E-002  0.47581562476555617       0.20945130350130362       0.22782854919677648       0.38382036606041048       0.27354649214721671       0.43871335065874301       0.18761826615238530       0.20568991273919879     
  0.89176711016357291        1.0025532016510865       0.70989859401446043       0.88789297568657710       0.82361112322810293       0.89733304277577131       0.73191318763804236        1.0197970142522519       0.86111683391706939       0.86377891946550100     
  0.22418494349729559        1.4191974368921351E-002  0.49507016119808556       0.22604722119688578       0.24454217709469400       0.39308343714419763       0.28252002279696520       0.45449575263113295       0.19948595807288025       0.22615002340989515     
  0.80995618108995049        1.0738967335747622       0.77296937512499897       0.99051089967293393       0.68503769360486710       0.67111826455032775       0.89813699420905790       0.72034786024112130       0.95322885753153441       0.79701857060380421     
  0.24090764668701872        1.6318346958744033E-002  0.51303629826387109       0.24172792135561966       0.26039201448222105       0.40240755780258586       0.29107290019268001       0.47026984975332170       0.21399353335708285       0.24524339755810490     
  0.77164583884591809       0.95874260653326548       0.81826724389727867       0.68864468103185106       0.76439120980717945       0.76450427254996811       0.86267149719399505       0.83355992403349111       0.96962706761763606       0.74840774770035046     
  0.25717675730859318        1.8982111964197589E-002  0.52971821357602400       0.25815260519946281       0.27609139786054837       0.41161648288488251       0.29961834717805352       0.48385062125391415       0.23114359484082109       0.26411664494072334     
  0.63897639060341205        1.2484722798601400       0.74383071840565873       0.79223091177108551       0.65443283472754865       0.85019565614746428       0.88993746783010652       0.85911061975061842       0.95092089021792581       0.80113642137840135     
  0.27361994855904381        2.1650113292964426E-002  0.54574021165214037       0.27440969385608005       0.29313892726617030       0.42219728892174774       0.30808743715440629       0.49682830104915326       0.24673929693309413       0.28168714084650442     
  0.65410197319541918       0.79917307852026764       0.67615781691753041       0.80579918360603642       0.80354454577836787       0.87203428932938420       0.84133475759144516       0.62639511190604880       0.79438712556812718       0.72063411135858713     
  0.29007981001215960        2.4913121107755315E-002  0.56122903416405201       0.29073585275681690       0.31140648096563506       0.43312414640403024       0.31573989320827284       0.51046748803146180       0.26103904699480840       0.29781732367816788     
  0.59719482796616086        1.4705940467828864       0.83583159729546630       0.76289844399004569       0.97265667631973884       0.75061281708006544       0.52965263333067447       0.71736406481484738       0.77101288647561372       0.62442912272246309     
  0.30594253354424450        2.8097114680244967E-002  0.57638207613330594       0.30801521979283236       0.33041443880133048       0.44502596265553973       0.32391154234823571       0.52439516040841516       0.27617182224935094       0.31424688655692162     
   1.0088582687519458       0.80884933109875967       0.76064878735920616       0.79478156362668262       0.60213730819440048       0.70673189433662331       0.76050516470589358       0.81332514195883987       0.96711818858804743       0.63870489073111480     
  0.32108593074388475        3.1801020574663302E-002  0.59017853116951591       0.32608381304398737       0.34820530574559289       0.45621522013197474       0.33138379322779465       0.53768773082752286       0.29371766404564825       0.33090318779024130     
  0.75184570627062064       0.90483006575442027       0.68728632559134184       0.74468204688844830       0.82368939485637838       0.87988911292319982       0.84439330849739236       0.84403880189310165        1.1392776831175599       0.72501170702708140     
  0.33678934567398344        3.5781705310636222E-002  0.60534120321430618       0.34341369319403170       0.36353740264457352       0.46702718271916144       0.33919616361818050       0.54985949838875303       0.31395577415846132       0.34882030815963028     
  0.73145987594134121       0.90443969420437531       0.79500525581294790       0.86201310802068665       0.83080119329279656       0.80394613755441335       0.82499590522938349       0.85351808625138637        1.0158137290864280       0.90333331477713918     
  0.35283120885652369        4.0633584517805341E-002  0.61931144356635459       0.36114593965917074       0.37777057237113393       0.47802320964093331       0.34796669703902716       0.56176578688168421       0.33422140920001192       0.36499166549878309     
  0.60291332024575695       0.65488667889330709       0.81049842584948673       0.95462092942932686       0.84332389498524862       0.71108105644146213       0.78199098353614216       0.80662996849004287        1.0461571765479323       0.75854809112735155     
  0.36855644666677329        4.6220750753039011E-002  0.63195637519039694       0.37672751339042093       0.39175477923932212       0.48907536049900274       0.35680716429004489       0.57343555269940083       0.35473855352051625       0.38089434746151390     
  0.74975966559728713       0.69425145756356588       0.75736349113437740       0.82213155409655869       0.81374241985718099       0.79057224454986619       0.72214500858450892       0.77313831114501308        1.2849242384202151       0.71660284655218109     
  0.38401468120201793        5.2585494483580138E-002  0.64415854586423893       0.39071445318955478       0.40655109654932486       0.50058256504039322       0.36522823837130164       0.58546229132623684       0.37290890730853887       0.39603344449657490     
  0.76544927490671266       0.83406342871682271       0.65844568449254914       0.84429420352274165       0.69371160770087514       0.76389350368053421       0.76683417333279702       0.80260744509949611        1.0870523109239436       0.55096980527382122     
  0.39978112244097413        5.7803866203551643E-002  0.65514689606612708       0.40632405131745136       0.42185053038752518       0.51178171687421470       0.37327302096911219       0.59792282542430286       0.39018420818856087       0.41122068697733438     
  0.73869775031948848       0.51821804021886142       0.82533560785150073       0.83608137538214455       0.64445458101927555       0.93148761588136297       0.90099730451201865       0.94197150622744885       0.77064789320002225       0.88266738377229381     
  0.41657872814837593        6.2931751948922282E-002  0.66471402216432607       0.42300862933500560       0.43750144567110083       0.52291763115684098       0.38169019525327147       0.61025495603413482       0.40673847082633419       0.42515894301513835     
  0.80163331449432584       0.59277880745928357       0.60406274320708020       0.71136928276190203       0.75237581295249711       0.92534599900892867       0.76958497602718279       0.94701816009203577       0.85528000705455198       0.49339991627817187     
  0.43328505538402173        6.8461498790068270E-002  0.67397487303328973       0.44116902606741659       0.45226093305800225       0.53217355777690634       0.38974261457336296       0.62277341263334540       0.42320248910716918       0.43961157005187823     
  0.58118961403366864       0.54186079885842253       0.55007663967355147       0.89938274082623182       0.81147509573434462       0.71295168217646421       0.79113139011958411       0.76490771573735594       0.78341607933355617       0.64720366072474966     
  0.44907740652570183        7.4725477786476494E-002  0.68326547409169069       0.45937818941835046       0.46713302196696527       0.54055684204701704       0.39749355895787153       0.63317217915859847       0.43954051803330635       0.45257515031391754     
  0.71995056896669662       0.56721656949038501       0.70024670873534001       0.82504417907120153       0.52027754881188182       0.76844220675086294        1.1052997501520403       0.72625122822516097       0.95350932255586118       0.71535389747635869     
  0.46584661990775439        8.3568432130319253E-002  0.69393187002994383       0.47778911818844860       0.48343324991507147       0.55035678112865560       0.40534494415049344       0.64399445867899230       0.45524991810548687       0.46526715395339935     
  0.73373061091497505       0.55541654806167806       0.79884120783214863        1.0491790619121919       0.70736096767155698       0.74174269575292584       0.83440101615501627       0.77565875165333931       0.85418046348477239       0.90338767233524031     
  0.48280246550563066        9.4194717293145519E-002  0.70578939342070668       0.49698846551422615       0.50030356380241403       0.55967586571255812       0.41325858868199161       0.65476957178832906       0.47106793066643932       0.47439009243025310     
  0.68189921601925230       0.73332957494968021       0.89356204409720996       0.88471298051028868       0.86163850027775568       0.81641094732177943       0.61202232927551847       0.60882975296829389       0.72687934494660789       0.74262368361108977     
  0.49899687859024322       0.10556912175377532       0.71686937903415604       0.51557471438231717       0.51348305660675186       0.57038789851388061       0.42190224637164236       0.66576275516409633       0.48798689899492337       0.48243993613909869     
  0.86077946205566347       0.54822784123027157       0.73551600517736659       0.84066103679249804       0.70693240027910564       0.93846780971788601       0.69395831087251780        1.0347303371064416       0.63516376868840008       0.74965569272880173     
  0.51447435125695817       0.11821742730924686       0.72752161996310938       0.53353891307407142       0.52308596911603067       0.58205522620261174       0.43147383067837614       0.67649837848475625       0.50523985097331658       0.48893464836497846     
  0.56386018897835155       0.61058662158516130       0.71069971974368473       0.73105326709291008       0.66555338130531805       0.75547306668811798       0.80550233272796967       0.76343918570071478       0.63046432405705422       0.94841124459112336     
  0.52926809841145084       0.13197804935880694       0.73836842903966560       0.55057465557128316       0.53346221162259566       0.59122137641922601       0.44043461114373417       0.68550970100711894       0.52278349428501636       0.49422771418496519     
   1.0289872429616096       0.60202262450217914       0.80871426132709112       0.64859404812256227       0.72507189214519940       0.75940855804260365       0.82121560527529780       0.61163804855008941       0.90833776499243823        1.3119986742021570     
  0.54405420412315741       0.14660647337171501       0.74929778641641498       0.56664305081985800       0.54653272605477976       0.60098823855679417       0.44814513667718897       0.69458230545687638       0.53948796313189384       0.50191802750420966     
   1.0713717280920969       0.51627847929887205       0.85996052203387030       0.62206463939101964       0.74634814338669764       0.64933882207801918       0.78977297437452920       0.75475574216326524       0.67544831217816104        11.956490178824113     
  0.55848227759886038       0.16249617209643158       0.76020704800851691       0.58357636463366058       0.56117969704877579       0.61039468055039348       0.45600357323918073       0.70302660275564377       0.55489910336547676       0.50984104755728055     
  0.71629043776538459       0.48337672994218128       0.76507139349316056       0.84796867182549951       0.57458144050474658       0.65517400109985047       0.73550969971191527       0.75234700095997087       0.59442986021375344        2.7799216814795811     
  0.57312810172261053       0.18037060790402445       0.77092509894623862       0.60072182345038205       0.57510101562360461       0.62099220703846247       0.46298767280757913       0.71239499804837791       0.57058179613986848       0.51916563447600073     
   1.1304700684629585       0.55129574163819273       0.89682168544194085       0.79641277069569250       0.73303321978709390       0.70574611922292663       0.62398509082513587       0.82054102860524902       0.68244449603814517        1.4534500362239424     
  0.58556246374251830       0.20038787051503373       0.78151306733390524       0.61685126806743407       0.58927415301954433       0.63166900321830455       0.47041677906002916       0.72262938937768040       0.58680379299676466       0.52990843953494560     
  0.57396400805571757       0.57771241373785598       0.65234859434561399       0.73665914012987821       0.73173684396102967       0.76097819819347712       0.84838280808990074       0.71118398736917232       0.71314008224019210        1.0014438882979249     
  0.59852778574731269       0.22072353844688039       0.79194783127303048       0.63155237393518393       0.60360378047636809       0.64240182708885940       0.47806101218849223       0.73307494611454749       0.60297556896696070       0.54085257686241239     
  0.60631165815125976       0.64642989116267868       0.75723054627028075       0.58509226652900304       0.75806127545996782       0.87967306354805197       0.74385117988899241       0.77252499988781242       0.62549925318595645       0.69889272520780432     
  0.61235744126626079       0.24167017435786850       0.80255320018493082       0.64517234673600055       0.61762661932717178       0.65334813752740961       0.48506748675813499       0.74361874886689583       0.61775291386865616       0.55331244321849904     
   1.0476496378690576       0.58745846100929344       0.99176311293281993       0.82060130103776907       0.91533599312997060       0.76574905213881084       0.92399326967209405       0.95556983467161727       0.63085052575315259       0.83733103663344144     
  0.62741917326161467       0.26254345643390320       0.81230047178844145       0.65966824015143599       0.63154993310097662       0.66472462486575379       0.49184466425009571       0.75469860610847139       0.63225538926887948       0.56556134459328433     
  0.78751629011089885       0.45746978877378286       0.83075232237197882       0.92364906833445748       0.85676904553026700       0.70471081553979620       0.70532369708826514       0.77553078248339047       0.62694068206434483       0.67725273668571750     
  0.64361776263011305       0.28501684401345945       0.82091611553619370       0.67393182409235808       0.64750016517346443       0.67599419265502603       0.49850105397561723       0.76629241466375442       0.64668498173529865       0.57684308839131448     
  0.73283980217787892       0.53769182090710033       0.92200895453337151       0.88050488778648228       0.67390783245503405       0.73944629996776334       0.65766384021214053       0.82062505390073426       0.74259075816783360       0.63928064076886448     
  0.65937413264058164       0.30946372475811612       0.83034085782572198       0.68928119260787235       0.66425408250649320       0.68670548960617273       0.50552314979580970       0.77793900574118102       0.66233130887510394       0.59104945137942577     
  0.92609677040677962       0.57629199978543399        1.0267545232238600       0.79423361653792879       0.78462967976480080       0.61622905005135209       0.51928174615129785       0.93086752638773906       0.47231906883726332       0.69842374656581352     
  0.67417245723171848       0.33549699183321047       0.83988939283383190       0.70450870010305755       0.68224939414579411       0.69641241223662209       0.51391279303874982       0.79012454513554886       0.67772572534552156       0.60596926237540971     
  0.68818648280668326       0.53238393032565445       0.87422692268610303       0.65289841997383857       0.98221939229619271       0.54591169015117857       0.68495666973906999        1.0606445715825257       0.82600183305059216       0.56639317298665981     
  0.68765983922969487       0.36281538070225289       0.84924239031250071       0.71898217139266696       0.69999543480137805       0.70532019608572238       0.52313178891707179       0.80237529244322781       0.69206218295220567       0.62473088385125408     
  0.51919522712280941       0.58031474770981872       0.97199246680320472       0.67574306515962057       0.93228603245129771       0.64515108397936649       0.73982595026548892       0.70888866354248192       0.82228692478057019       0.77743272505213556     
  0.70078434907821341       0.39159771757018236       0.85766124841361224       0.73319275419577634       0.71732899574240672       0.71447162292333954       0.53294353714533438       0.81455231480594015       0.70616613668490136       0.64290545194691306     
   1.0807341483198842       0.56100023672101473        1.0493536351580173       0.71019297118313429       0.78985918683439971       0.71255639806856141       0.83959323416340670       0.84236972657703224       0.61900958402787498       0.76840244282642978     
  0.71367271493126927       0.42182971068959074       0.86567063901163355       0.74585653342381331       0.73430023841567349       0.72391155329074364       0.54355027780882437       0.82643776292412718       0.72025215077305471       0.66213072808884044     
  0.63597719263396180       0.56198474814066812       0.86396395077246724       0.66822405360282822       0.79681882864100551       0.67002827498386153        1.0194266880425127       0.86151764974782230       0.50966901108111240       0.80532746088905283     
  0.72606142884391944       0.45201506795180452       0.87356323601467456       0.75826186588754330       0.75085111402234561       0.73612966477027730       0.55325673724369151       0.83647501809922886       0.73602321882351851       0.68109284017263061     
  0.71023046951840307       0.53770466979060683       0.70490592755836623       0.87728327217916180       0.82260427562196348       0.60752428427318483        1.0096013235290939       0.81292832063365739       0.53216993215919661       0.64724506684500849     
  0.74038504885702694       0.48251736143960106       0.88118551292869618       0.76993690658478486       0.76754605163331702       0.74880272531026382       0.56298262602863303       0.84760528466727014       0.75282885773862218       0.70020354022896447     
  0.57035341185322574       0.51200918842191301       0.78946161287475447       0.74672383030216305       0.83916634810012580       0.97719426717996138       0.79991857991178417        1.1623620672256973       0.64126023311122482       0.67917895583480647     
  0.75614805679461305       0.51317471275112492       0.88867261562461164       0.78246915287670193       0.78390588709848175       0.76181550736738213       0.57273229978701234       0.85702590494185260       0.76977477533493410       0.71933959310272677     
  0.75419958408378651       0.43872896560064795       0.71866521572825626       0.69095805922073372       0.81822087428523449       0.71887073503447174       0.71469788389229727       0.78277338731876545       0.54036125587956585       0.74290112092932503     
  0.77273439634819707       0.54472388623001267       0.89578300429523594       0.79697358566579402       0.79948706927579161       0.77458814824663347       0.58356209226831879       0.86676964239069798       0.78674062096621278       0.73911237106560979     
  0.75535135438987999       0.50690343151532824       0.78317628783530346       0.74142520979327609       0.79402463298704540       0.88953098726270974       0.84626297500492786       0.64791833132692445       0.52813343853600048       0.76600898734743883     
  0.79000082523093407       0.57645080608042509       0.90258579491120883       0.81208095715496531       0.81533465275174122       0.78697860531025565       0.59488529383829325       0.87765704982121218       0.80370051362417516       0.76006764552370842     
  0.70353785263549828       0.50501124211424531       0.94462615610783407       0.94262948316729489       0.93099983187989099       0.70659045321474356       0.93448211120928371       0.97751302160872267       0.61577821609542038       0.70788847044919090     
  0.80620448087372476       0.60784794492985250       0.90936949417679003       0.82832863773247201       0.83057697723434354       0.79956793908279089       0.60594686496579342       0.88808971451742769       0.81972912631208816       0.77922158152297205     
  0.90557644583477592       0.54946970093014691       0.61671370357384137       0.65259480332207198       0.81623764722311642       0.78841821668157608       0.79513381886997014       0.74929072983484613       0.56985887243588840       0.70118813372423106     
  0.82255692883116316       0.63880263624566613       0.91631196771547607       0.84588118403969070       0.84243735996753522       0.81211548928617838       0.61790630942020042       0.89869640563559472       0.83527626082009399       0.79768783088293671     
  0.74860765794395034       0.45584246247038090       0.76442662294551289       0.86168682406444130       0.67508458482115363       0.79778414873469927        1.1139106960557936       0.82902568420281031       0.68309203499723892       0.82118265950589497     
  0.83944003084350682       0.66899152470766887       0.92360676357829785       0.86176449134634325       0.85319064813455092       0.82509603317977664       0.62939630134672730       0.90824954789975343       0.85061573177556216       0.81560344608689905     
  0.93316517145649669       0.57951604335289342       0.72768119749142390       0.80797133835404367       0.79367107498913148       0.75575903462717020       0.74957603383687166       0.71892355288186072       0.49605655407313032       0.71301529390196139     
  0.85587190654765766       0.69998160549448518       0.93108285789473455       0.87788948302242353       0.86686051829595279       0.83937117048402754       0.64230709009999987       0.91645397718160726       0.86598917703118294       0.83483277406419176     
  0.80668510636904567       0.54570106288663900       0.87460400831533902       0.81134253453192506       0.70952965061611961       0.76351344749070127       0.68341947501963241       0.77406196618984657       0.67156186079327784       0.64045410062023211     
  0.87299113509073145       0.73206645410506588       0.93812398308701694       0.89079370489264664       0.88054023087077926       0.85312173103949118       0.65717148909362921       0.92489343101343791       0.88127768134860585       0.85429332865024044     
  0.82964682371191878       0.43192956245962955       0.79025195255321101       0.48520653110664802       0.67505150638796763       0.78345531038333205       0.65516559789212692       0.58079087757016190       0.56614185074013168       0.79137641429167982     
  0.89064511574880156       0.75842487309284934       0.94464417995067518       0.90339690508721049       0.89499181446244991       0.86702000677828006       0.67345899412677956       0.93197653895057431       0.89619735748179985       0.87324836441045028     
   1.1015242406961119       0.45546786781261744       0.69085541073777534       0.60448189856504519       0.82647637747005254       0.47583113893180429       0.75522225309208657       0.67319638470826615       0.58806689474027085       0.75761245700765656     
  0.90795965395067879       0.78462963913458073       0.94986966834545827       0.91522891370306036       0.91005579902908318       0.88118977830044132       0.69133263365139708       0.94062460309109941       0.91157777798884621       0.89138599170720467     
  0.83392676091078510       0.49880251284525612       0.69931801001903682       0.71126632304543547       0.86644830320349464       0.67030490996046987       0.87740840553962163       0.67326865868284236       0.64931069500201100       0.67986311934773902     
  0.92561773311355966       0.81316770395464610       0.95696117305122308       0.92861943184874596       0.92501242278526596       0.89339616959550749       0.71057908438144046       0.94995357907150779       0.92591553110527280       0.90934273178621028     
   1.1222418949321704       0.48950432755783946       0.80553338543543729       0.68228430684321784       0.59193258604254784       0.84023986142997475       0.67071254977575456       0.80633228498472553       0.79167180329607889       0.69857771440733929     
  0.94256398187504864       0.84558945201516922       0.96395028593991761       0.94325408166786173       0.94041029246308805       0.90614601376630455       0.73046385920528512       0.95944462427694621       0.93957623613569397       0.92746912437110818     
  0.79135698507740249       0.44687976186068895       0.49704906227993745       0.69798118961396227       0.69530172241961941       0.66157230943968892       0.63540385926169585       0.77400178029396327       0.51461518015107044       0.54785494317913053     
  0.95841007744055096       0.87977372716242286       0.97285295011937645       0.95743949610534895       0.95594854678731467       0.92434068008004366       0.75388960443337272       0.96783702832484497       0.95266878325194249       0.94429519342867563     
  0.66190030028937030       0.56837926190495258        1.0664893089464613       0.83208209897990759       0.80680609089628730       0.75804378927328320       0.84743349885968955       0.59269894995742711       0.51526450570677262       0.62540626450899905     
  0.97397310507601209       0.91415372427676256       0.98191441069019658       0.97120548040606591       0.97158788284921394       0.94276594734965669       0.78200310650972393       0.97854304913743428       0.96558450367893500       0.96170275227741575     
  0.76960210322954459       0.52953924290665755       0.77890000678223492       0.65209204760361683       0.77312872678469913       0.71303951913335950       0.73945985907554523       0.74817221172294091       0.52148602811956535       0.64524134318978099     
  0.98708934735025233       0.95541192221995286       0.99096177698899413       0.98614790135947228       0.98626825101962923       0.97069867233552043       0.85532469843361869       0.98945837716804808       0.98334062499116959       0.98112939173536595     
  0.76539285273544977       0.56962624157627939       0.93288826730910779       0.77718382122353091       0.82808988739071465       0.61581630976834034       0.69082445601628917       0.66668623395484117       0.66308080578281459       0.68131611185100927     
   1.0000000000000000        1.0000000000000000        1.0000000000000000        1.0000000000000000        1.0000000000000000        1.0000000000000000        1.0000000000000000        1.0000000000000000        1.0000000000000000        1.0000000000000000     
  0.92972597425661296       0.47406677965185789       0.71658395597911673       0.74395057202793713       0.62691890506261294       0.61497386767231033       0.47353244213417112       0.64433141986406639        1.3367649303411999       0.77138859104168167     
   1.2678458913691113        19.129502064594302       -3.3572151433262456        1.9907725824083846      -0.16142095084795244       -8.5029062099643937        2.9377261790249567        1.8870082131495718       -3.3241662382637642        7.3907541825777381     
   2.8645089410953122        3.8907771909237514        3.3693244355627638      -0.66771324703497603       -2.3074042780749786       -6.7300317052422587        6.1128412950606421       0.57962329489178643        9.2303493998199535      -0.95696864887729205     
   3.8848511431484245       -1.3149694765107138       -1.0500988860782547      -0.45298152967607186       0.50701667439747156       -4.9008974005559294        2.3453600401541226       0.89660498969822444        1.7881208130842217      -0.28019194207082060     
   1.0557008481385364       -3.0539936415373012       -1.1245473755718800       0.71646220007434069       0.60250151399297824      -0.85129130720080637       0.86274846949695849      -0.72663832767772185        4.3234647518571601        2.4944358661776036     
   3.4379807691139486       -7.1200478835364303        1.2937870089954715        1.9335550743610705        7.9659362785425296        3.7975672341571531        1.0167881509249383        1.5564758783784616        1.4702234500863725        2.1332399952353849     
   1.7852345857205880       -9.1535452945191427        2.2540482663584700       0.40955843124411712        2.9388202155950283        8.0449638272849722        1.0289173068420867        6.0351076786032190       0.83316817190818160      -0.46438417735749482     
 -0.78245120471887319       -10.311333477694484        2.8774266784586313       0.26406451403172559       0.68622206206042502        4.6438403643157322        5.6286787434475869       0.54857453650846688        2.2628621756790634        4.5134767566411549     
   2.7683433880447299       -17.936155489277450        5.5553006559075264        9.4070750574557263        5.3804117394983981       0.58730371259484404      -0.40995000679613364        2.8328874121008054        8.7125220597546474E-002   2.3955768301973506     
   1.0913055207314667E-003
           1           1           1           1           1           1           1           1           1           1
   8.9362984319074168E-005   7.2901519295299198E-005   6.9396149186102287E-007   2.2921919403855173        3.7185019068503169E-006   3.0808321609325995E-009
   1.1081584358868667E-006   1.1122682293372112E-006   7.3437220044782673E-008   5.6133057720101062E-002   7.3419477955299256E-008   3.0437279819592342E-011
   5.0000000000000001E-003   4.4151429945884262     
