   0.0000000000000000        0.0000000000000000        0.0000000000000000        0.0000000000000000        0.0000000000000000        0.0000000000000000        0.0000000000000000        0.0000000000000000        0.0000000000000000        0.0000000000000000     
   3.6405621099609473E-002   3.4865460089356392E-003  0.11840785304225282        1.6619523504171240E-002   1.8008815129768364E-002  0.15445324763865076       0.11614863731413076       0.10852432911332677        4.8907617294960549E-002   1.5508187347420481E-002
  0.62379188413738251        3.0704187810684407       0.44860983338537241       0.79672186441386705       0.63574542752517937        1.0480486094965655       0.45301843178585366       0.59659870894177358        1.3720658706512450       0.53209943284562411     
   6.5774170064985468E-002   7.3350512220013118E-003  0.19361334302805630        3.3445082992102332E-002   3.6798120019091912E-002  0.20592648080575876       0.17261186087614885       0.17969392557956484        9.1810597226745436E-002   3.1334571650648020E-002
  0.58101623318045081        3.5039048936301964       0.68265107844468154       0.57659445445165103       0.72802918784680271        2.4752390152782926       0.96496114764308361       0.66082315812698778        1.1054947042045753       0.59145425582221389     
   8.5381750890188374E-002   1.1014329407778923E-002  0.24069351384162624        5.0525187168302926E-002   5.3635328978308860E-002  0.23906734257034548       0.20161996661071982       0.21797269970188710       0.12524351665303277        4.6697177639893728E-002
  0.63582352310055024        2.6545367637424011       0.80533488136220910       0.56446043264703227       0.90453480045220003        1.1684504860342482       0.67081204384091619       0.76009246114107776       0.91889543736424151       0.67856266667319820     
  0.10344390421345556        1.4142483160380364E-002  0.27870810978843263        6.7534904182287289E-002   7.0143124720215028E-002  0.28079098090059013       0.22108140244613628       0.24673143588752039       0.15042402089397267        6.2881624706322983E-002
  0.48821427313145743        2.7421106160480382       0.56521137945960798       0.64121228257604601       0.63418507868931984        1.0433633087019556       0.64167490038726838       0.54613750554674556        1.0958231884608589       0.66867908917192898     
  0.12008482699266967        1.7670883759592155E-002  0.31018897463335959        8.5918787187250878E-002   8.7411232340177045E-002  0.32325710555433995       0.23737515577424070       0.26934259012253692       0.17254615542508453        7.9078859036992175E-002
  0.64294405232185392        1.6647654886602670       0.55743467724648255       0.69639942960354628       0.83299509554578066        1.0159608015575110       0.61939063920453297       0.51952842210900341       0.80035168606306362       0.49530271186515001     
  0.13841130184140446        2.0920762654228538E-002  0.33877661150164773       0.10467646027147351       0.10490704859724975       0.35018932251648793       0.25234319126906463       0.29059449212323246       0.19309080664432782        9.5085936168837926E-002
  0.61533847867360869        1.3731971493892530       0.62881109986604067       0.63838506092492509       0.64077416124993314       0.98462685942966310       0.74857991458090467       0.58702980794143456       0.85295774302791483       0.52652031224874318     
  0.15757170719359648        2.3978752772037808E-002  0.36480201027370290       0.12363643560812226       0.12148314876568642       0.37280557961049982       0.26734162785110971       0.31043751199763414       0.21334413359875420       0.11015364319009172     
  0.63865424132885584       0.98800104089623042       0.62825388308714736       0.79400104573283203       0.62760977248425265       0.88156313882944481       0.69450736578647565       0.50644379959528674       0.84471740702997267       0.58799423093440684     
  0.17599477700860047        2.8075928104048742E-002  0.38554194456380581       0.14226934383381168       0.13713711517841939       0.39118201996054963       0.28179118139932374       0.32904014898024009       0.23308728943667170       0.12595123000722050     
  0.72720258629012680        1.5162063897624614       0.52751215547518460       0.80920945466207095       0.74563648934248472       0.78730978304075749       0.79552551033356089       0.49702173077668999       0.91058245548526906       0.72478179870796078     
  0.19415429737907725        3.2244676984843582E-002  0.40363199046883397       0.15982021500090390       0.15330406072443600       0.40895681733941386       0.29462740680966687       0.34648462431402138       0.24958027518561332       0.14275734987962538     
  0.60519127405815609       0.97192212078112350       0.61583329865353664       0.82032133958046749       0.60534652785660037       0.68624183067905387       0.70564726979636683       0.49627764125198859        1.0056752147380434       0.55745232474390616     
  0.21150899639270349        3.6429639630113010E-002  0.42278137040005248       0.17668317134951106       0.16954802039124109       0.42472017776291937       0.30598082415237809       0.36391967333686143       0.26438130527610187       0.15968444359836759     
  0.62660256653870727       0.88871526520313948       0.53529079402752566       0.66269943590739766       0.59993424243807714       0.95298542075874271       0.56880204187929562       0.48332038902415020       0.78811614469812186       0.63312393792281774     
  0.22847753130892465        4.1315525413863109E-002  0.44226104828037988       0.19357497017948208       0.18545954302204945       0.43949518580476865       0.31611842613916619       0.38108369119833285       0.27946864764043511       0.17623213958603942     
  0.68033390948139827       0.63722688529947058       0.69071726997122362       0.48568873065291990       0.83363813444763535       0.85545246159225186       0.72537883611214360       0.55101028222216453       0.70956652077049087       0.54551897533855986     
  0.24609622513332824        4.6517294673385716E-002  0.46165194137461957       0.21102063948539621       0.20190097021346115       0.45330581948255183       0.32555339096847025       0.39814247229080785       0.29598556224901013       0.19267163415865268     
  0.52586516219272206       0.77273686973713529       0.61270861966806889       0.67095285035835306       0.61516265023138206       0.61499720747225228       0.64546609939486288       0.43746695794933826       0.54501272726582650       0.56155570563651858     
  0.26520377425311015        5.3131634897252145E-002  0.47896789212536189       0.22885256993931707       0.21902756504897095       0.46800198088393102       0.33507532949007901       0.41445152276964886       0.31483049054114809       0.20964625460539774     
  0.65041219034605424       0.84712812670289428       0.82190399870939745       0.70351255018198999       0.78728219567645485       0.64940975612375473       0.67681614662060530       0.57893613006404987       0.78823060150212465       0.58847737496704455     
  0.28298335634378480        5.9824415723597479E-002  0.49472330135108039       0.24640849402259796       0.23654188139271362       0.48214207880381788       0.34560541908562503       0.43013387868933467       0.33444657172210118       0.22705905117248185     
  0.62653183075442265       0.81291431103192813       0.67085773606093091       0.76869023159849192       0.67906360299548418       0.44901187844044704       0.65992953695624179       0.65784949075363308       0.73045690461495427       0.57760431831725090     
  0.30074963875621863        6.6857303701558748E-002  0.51014097921236246       0.26297385691087000       0.25335263601111208       0.49647660319641190       0.35574349095318725       0.44586384123153533       0.35282603292140458       0.24440842080971231     
  0.55812862706314914       0.57634081998328845       0.57576330522169250       0.55259098540424623       0.52626194896145095       0.54857579353925712       0.65030625534763975       0.70691054755175620       0.61683282755209223       0.62843339008622923     
  0.31682673923964183        7.3908436819828047E-002  0.52520290475044584       0.27806748098137146       0.26794153192878506       0.50988884475080876       0.36507002404718086       0.46206552613366070       0.37092734868789778       0.26129034026661796     
  0.64486731811292841       0.76942278964802679       0.61019920804376715       0.48400670665475587       0.55241619835381472       0.60077415395576517       0.67116375070999401       0.49104993528429164       0.77247865044804376       0.50384338899267478     
  0.33032652234946619        8.2245024935577435E-002  0.53979681430565141       0.29148028817531002       0.28303600340751156       0.52329836576876843       0.37396339086568409       0.47854912538602046       0.38809394956624704       0.27795427259412298     
  0.47955808193405586       0.73142254627989689       0.67795342024083483       0.80300133745479074       0.53469127268298422       0.69981886825770923       0.53385867573894275       0.61689504136632245       0.99336656699073544       0.57016191621358170     
  0.34300998163161772        8.9690977816211132E-002  0.55360934850688137       0.30518814194276483       0.29873636805738801       0.53692595326885229       0.38254384214059178       0.49474230188264673       0.40543015689012946       0.29389637997594859     
  0.72863414664456172       0.57646350385149225       0.71277335322764301       0.57904291926759777       0.46356566402403565       0.55911915485551378       0.74806374219103056       0.61309959418768245       0.70611904978268425       0.50956409434262750     
  0.35557221755358492        9.7010892736686602E-002  0.56658793802011720       0.32015439133411644       0.31532459949110986       0.55031332403615474       0.39112213662035822       0.51109524445201149       0.42254025442269039       0.30959418099940539     
  0.62937704758265500       0.62200630791933242       0.55068425082511274       0.73674601229159575       0.45700808920577207       0.66933944937718870       0.74093190418115151       0.51373844681831771       0.72932215081072416       0.50866343378465328     
  0.36977599484213325       0.10415025501194759       0.57888830915495570       0.33627398226729543       0.33248363546227067       0.56343993174743778       0.40080900248827694       0.52707572960018545       0.43879653170974620       0.32495389767297606     
  0.54999526842903557       0.42142865696211101       0.59929284367556324       0.70468747926101638       0.65841096757945650       0.63283969680478158       0.50406286328431404       0.63707280905591457       0.59766249564171836       0.69863736474684213     
  0.38607868893575797       0.11179756263182200       0.59075363140646320       0.35280584228149131       0.34871259298224466       0.57585088437304133       0.41137421114881412       0.54263229019305526       0.45355121004778265       0.33978800223324035     
  0.70700047488645612       0.63936715303667246       0.60738676512354861       0.74350113984400912       0.60228503992295024       0.77724568350616929       0.67618330270217586       0.71546247765255466       0.66375758868287793       0.49759080533187561     
  0.40299069154992129       0.12192754568975578       0.60280826957780798       0.36836312407058064       0.36354540350319153       0.58674604579738621       0.42173108567739442       0.55678195684433207       0.46747012612285060       0.35531514941153919     
  0.67946560359234109       0.59550794825702491       0.60068177321539074       0.56763241156690236       0.61980423417525377       0.52327501183337333       0.72767288981727496       0.52867862911932062       0.56640950203667340       0.56339348140795498     
  0.42018624895218137       0.13361445244310377       0.61506423242683395       0.38324788024473716       0.37846662352969701       0.59751155459269800       0.43276435386784956       0.57113981307191430       0.48154430447790475       0.37115504949817391     
  0.51519758864537801       0.52637458746795551       0.59861606842489923       0.87242203370820781       0.64444893943286241       0.52445313773842539       0.68094959002791455       0.61986024084481650       0.79762509962481620       0.58880711267369790     
  0.43720099485871405       0.14560416282378777       0.62738567314450311       0.39840326177855750       0.39417117797013845       0.60852565291150063       0.44374991375127665       0.58324215274261015       0.49444018569680237       0.38847858966158255     
  0.68058108317887878       0.60890042362674868       0.73019123761433269       0.54354356336310217       0.64787437080853960       0.48968420520104194       0.70874471014561180       0.54903915856401042       0.59756710155301118       0.62828058901863282     
  0.45376637519914081       0.15837644448596172       0.63948980131912558       0.41375807194534131       0.41139529678935588       0.62057097580333676       0.45385618834298130       0.59635751492299593       0.50554095943373700       0.40562103455971082     
  0.65513593965887273       0.47149551335212031       0.74417176240682514       0.48314285753863212       0.60321012302970756       0.62820712887692043       0.72636784046621294       0.62244369111130204       0.53667444100368022       0.51209849341577196     
  0.47021519797801764       0.17165453446142115       0.65105509860594080       0.42882311730324568       0.42807848672135879       0.63292096161760891       0.46363307630176248       0.60604781856129364       0.51623027229687601       0.42144944368091608     
  0.68340439442030465       0.54029220927809363       0.61721400242489632       0.48817581626511447       0.55078241118930504       0.50250753258623904       0.70728010621416559       0.43602989309458651       0.44228496611346030       0.62204566403628159     
  0.48657662988524653       0.18458307231462112       0.66245044763653382       0.44391512183170218       0.44274245926122119       0.64494908855015443       0.47367697556544458       0.61742545629397250       0.52711701060503147       0.43668195835575929     
  0.56697960989227247       0.56444168448133780       0.60458722188417369       0.72207004968756849       0.80692825504182375       0.47732060427372203       0.67485149762712238       0.58262376603424049       0.65216611607613484       0.60969931867091343     
  0.50348024084840381       0.19611423848385531       0.67421676241932871       0.45984384501901904       0.45628412849547850       0.65675940374069686       0.48392288708647291       0.62888470436557198       0.53714065140004186       0.45166183611557953     
  0.58476412723991300       0.48544843731896387       0.68806326129207895       0.77580340797442848       0.74944967324519518       0.80732922225123860       0.62622917801624745       0.68188276632270173       0.68348610809695065       0.68605005135548558     
  0.52172156182761198       0.20827704579104619       0.68548471591842253       0.47603755180639001       0.47035061397603850       0.66806848056931722       0.49315496018247623       0.64176506061667082       0.54790588926046813       0.46571552078178136     
  0.62402642841210787       0.55083250243994364       0.84564995309077262       0.58012686669852020       0.58881264352752061       0.58018696477678977       0.73866075989381130       0.77673257595853029       0.61836543992171644       0.61897817011215750     
  0.54044475489643795       0.22339377722446338       0.69635488470707074       0.49109623188325618       0.48565758724976760       0.67899275527727276       0.50216302929877343       0.65279845115556312       0.55980118544684376       0.47882531094674635     
  0.56208726896327776       0.53086610087080133       0.67820176024415524       0.63430232137677733       0.66809946806985765       0.63292031483527744       0.60910111533252276       0.46469707370839480       0.53837821931058338       0.72419307609339933     
  0.55903249977884872       0.23963072805878907       0.70644730701440783       0.50549566986643923       0.50213748256465229       0.68961938081881125       0.51116118420058210       0.66348691622700984       0.57270809986586679       0.48860373833157178     
  0.73970891294108421       0.59879920139947407       0.66042276801312427       0.63963340712745842       0.57070732969039539       0.51437860406915470       0.74808723727794901       0.60544431204049765       0.69572662245831929       0.67505200990806402     
  0.57775880547762293       0.25526884447610160       0.71604597719962537       0.52039752228090497       0.51647919876090698       0.69916591051703847       0.52067024694570907       0.67375410997023621       0.58567513676669858       0.49728500199784470     
  0.77063425617594927       0.63731776152086483       0.61997706297194222       0.67261768303330016       0.62982025924880081       0.58783272737748760       0.78274554970357968       0.56462900192704779       0.66848601659881957        1.5800381552595917     
  0.59591510195035013       0.27111003392822142       0.72555508646534050       0.53546722597275154       0.52950361938328505       0.70800348636293742       0.53060588731220559       0.68455563497203098       0.59817136466520593       0.50599341312952550     
  0.64698442266562306       0.46004943083969191       0.57996745629545599       0.55750328582955089       0.49537632092246559       0.53677975796007238       0.70731806283196930       0.81088855490263367       0.69018511220813417        6.8026431730280423     
  0.61358563295374258       0.28770056169155861       0.73476902363361496       0.55122954898970822       0.54242505792270668       0.71664430560344827       0.54098306358833237       0.69549223864600307       0.61137276119828809       0.51558307724477470     
  0.88779890062244649       0.49437636360955817       0.49274746169077388       0.62204640471638128       0.46144729900121423       0.53464307853523729       0.82545083487464876       0.56123491552102944       0.64123647009318785        1.0005495047786130     
  0.63095078955356587       0.30407330339957506       0.74401531492862782       0.56690663873106528       0.55543417153599650       0.72545008621766716       0.55159991027952171       0.70611266495245828       0.62540646267775468       0.52642469009112336     
  0.62482843611584360       0.49761923005525660       0.51691657923325984       0.60590073331169092       0.59499067191362809       0.48764228333240328       0.77073301385522719       0.72696876834701118       0.61624435892172957       0.78272485719553708     
  0.64760310052394432       0.32057705676226134       0.75328692449537649       0.58207415838391374       0.56827788540886137       0.73511237425678178       0.56191017839528734       0.71726127201466872       0.63918484612041393       0.53941544451930745     
  0.64841795596087404       0.43114661467133059       0.86100976186366207       0.59273867613663722       0.62655172384859681       0.53997984634851015       0.65303083640867132       0.75701213523628086       0.40980426031809236       0.64304910417113115     
  0.66415347161509619       0.33895098936887891       0.76275313303709691       0.59662161720429052       0.58241902713529259       0.74473623890110718       0.57192680252881034       0.72846493748960095       0.65252585751168546       0.55445215396496705     
  0.93471770634969897       0.44138645200492727       0.60359222463467155       0.63882829942537445       0.79507984395956710       0.62376773057411250       0.57686637031562615       0.77639234798908907       0.62165197919825366       0.64057297230344723     
  0.68103515571773487       0.35820327789268674       0.77201971495178190       0.61076222138858316       0.59576872923415269       0.75377084175240394       0.58174257185471934       0.73897731692503310       0.66568149688427958       0.57055558575447807     
  0.76720811221106699       0.60558499754347006       0.44139312725397450       0.75389160045142500       0.55233150217710147       0.55669875497453103       0.62766230271848289       0.64733723722626590       0.71147209429521674       0.62155520249954999     
  0.69806792675234242       0.37726476567861383       0.78151359333272630       0.62592365275677719       0.61237693378205238       0.76246625863847428       0.59142517177852516       0.74925353860684474       0.67897331602399114       0.58767939187179064     
  0.52504578268674718       0.48313762018387019       0.71223141305505033       0.55827677543375709       0.86313289942303906       0.53061201975863892       0.69343251631862213       0.62967957544924891       0.53202675304015412       0.77416730637276165     
  0.71406158074737680       0.39640469824962793       0.79088641540095994       0.64189434332147288       0.62903961273644249       0.77148575523697149       0.60132826221208324       0.75969211302424922       0.69278122436204659       0.60522368283751682     
  0.75257972803975748       0.37623827312650948       0.81195887207296080       0.57624776597191008       0.54402180826743385       0.71321888464234728       0.64788169777505922       0.75034634036929737       0.50794597665142149       0.60595192107636564     
  0.72967683197677102       0.41682454252031997       0.79985631740844498       0.65727544218072298       0.64632784747525418       0.78082128625501157       0.61171511657344046       0.77086354194967877       0.70702348071909416       0.62307427329928777     
  0.62899486164883467       0.54502444659232230       0.64825239368421872       0.56130420308262041       0.67840609396387996       0.62374080980464697       0.72374213911892082       0.85483485605186282       0.50669126172596890       0.64650461334954323     
  0.74491232312326283       0.43707948194426322       0.80817369685606699       0.66974822094559894       0.66169663918889754       0.79007134762924092       0.62319677938136619       0.78200037514339960       0.72147867463073312       0.64065700125534553     
  0.54951594456128083       0.46388875206570179       0.61659784092154202       0.60491918152620794       0.51702519086119425       0.57365774716508766       0.73453116490511494       0.71403185563302407       0.61611987396973666       0.58235733312865179     
  0.76038953959427691       0.45612410228151457       0.81640240659978347       0.68272037924219020       0.67788536857975490       0.79920485135185038       0.63473595394137750       0.79071214764625308       0.73567055036944251       0.65787776251063779     
  0.54205921613255481       0.44521112195005569       0.48376773008477675       0.50084587200129460       0.68701117983481763       0.51515155083752906       0.56903042445527574       0.50852992438526678       0.70756348909191547       0.53020194236028595     
  0.77559812125176264       0.47559088022162993       0.82481175012600272       0.69492005935612333       0.69320406793728095       0.80808032820963005       0.64602318824750249       0.79894754350783237       0.74991760332726087       0.67476915358937029     
  0.61641191992061450       0.42133843613437955       0.62819417272408884       0.45902343415406266       0.53482233360476505       0.53271959370005084       0.57616087096086877       0.53706763514191924       0.60070714678200854       0.65967825918621714     
  0.79114299501936691       0.49510208678277073       0.83329121283547924       0.70818734973031694       0.70873755128562976       0.81645200284336883       0.65718520209713660       0.80745716766794395       0.76297302353078889       0.69163814151025116     
  0.72601114611275319       0.46893241628136501       0.58311560080354052       0.61246478764111634       0.73315859999207800       0.53517827180044819       0.70202810840858054       0.63549093077362495       0.63155248804461683       0.51935966833630076     
  0.80612411012673424       0.51491242252720670       0.84228087323481016       0.72314294220792352       0.72436301340220910       0.82478900646106901       0.66791838425765393       0.81713589330028125       0.77543562848704883       0.70883032532463819     
  0.65207038475717827       0.45669516278738564       0.63910687826640622       0.66762075919523844       0.61828879691216732       0.54582315460466946       0.48400371097547112       0.60958232651028899       0.56440941498931640       0.67291091110154289     
  0.82032389882019086       0.53431197494224092       0.85117163287477537       0.73829373865864178       0.73947514037933182       0.83324663209726568       0.67806715873639367       0.82864374317334955       0.78767037334571799       0.72717932867876756     
  0.61377133807388984       0.45777208835508587       0.85339030706373464       0.56795041519337686       0.70664105597534932       0.52040145603396826       0.54445057187609924       0.82745802660475387       0.47271368706013622       0.57074765780222592     
  0.83299519514192399       0.55356032968498958       0.85908142428350842       0.75399012764469264       0.75460490147475345       0.84216760507340105       0.68771922414729181       0.84031684178417942       0.80079137021293745       0.74531625996206663     
  0.49769244827431586       0.43371704473384487       0.51549023705603203       0.63273619071816556       0.68934593877227046       0.57270768657496829       0.58426248110012002       0.68639904054165146       0.56178276754265655       0.80316601896571183     
  0.84416864067798192       0.57303674019399919       0.86642911427815394       0.76988343260761904       0.77020746877148782       0.85045825677895559       0.69760683614372532       0.85083862819730904       0.81426668366720512       0.76213579958538136     
  0.50432528224487472       0.49285603234929171       0.78178858862784828       0.67707480054980340       0.66402634930353699       0.51189520599541405       0.49945128648999171       0.65049018206558862       0.52131717461645455       0.47505559794269109     
  0.85722571930327407       0.59261685240320794       0.87329362617763684       0.78570161408688555       0.78555660849656317       0.85691724655919144       0.70808525277129752       0.86029624144420069       0.82782343135501357       0.77724100814023434     
  0.57010479146274984       0.43717855980077569       0.57257927449170221       0.54459402031842141       0.77651132533274403       0.38083609378141392       0.61150719342907145       0.73554075938152408       0.49460308150402843       0.50960867224935957     
  0.86877664738467353       0.61384325084160651       0.87983268645414781       0.80134787850405809       0.80110044350397236       0.86366946802636679       0.71897696514051435       0.86977204288298238       0.84107390099032187       0.79267315591303911     
  0.56360819024613773       0.40542493092730236       0.46149324743334258       0.68214599933958608       0.53894506323795321       0.48898310152505320       0.61531894749753202       0.76883065599097700       0.51189550787362803       0.48075903127974745     
  0.88119423916016559       0.63564032551887040       0.88695744500042950       0.81669299422015307       0.81642601878207355       0.87051509071894040       0.72903006296290918       0.87982740415107308       0.85458073836634263       0.80819965998720544     
  0.61892341218256097       0.51282202161088108       0.56038362383131290       0.68613832214414228       0.57873659557463886       0.50967405492657814       0.49424828030801121       0.70554735634870380       0.52206038173346592       0.57128152934334464     
  0.89389525226515665       0.65696154840651411       0.89451016089241064       0.83085743751949548       0.83148188132942069       0.87830245264314133       0.73866153043770211       0.89055493356651594       0.86703033461605128       0.82629231205876696     
  0.48629197521436840       0.50425217391951072       0.58915629700059391       0.43870354801196360       0.58601969757215611       0.50926948533673455       0.51626791650100767       0.98887835981266392       0.45394282934978702       0.52714350295865531     
  0.90740595407174818       0.67876666787757056       0.90151187180815784       0.84392967767838567       0.84564004312761343       0.88707625748290919       0.74798517600536363       0.90169023089370370       0.87909812249377306       0.84395942026849557     
  0.71986306664707878       0.54002672326761547       0.43331834366854610       0.69411863976885591       0.61893348095946976       0.47270003876940531       0.52145367832937717       0.63708592372405592       0.44817815383482773       0.58698815196555310     
  0.91966414519335471       0.70171178656627431       0.90819430223112385       0.85772396283024899       0.85972629347003438       0.89603170634559504       0.75981156534713967       0.91278639135347306       0.89100608652925206       0.86052589427058779     
  0.71280463532708360       0.47995821316619997       0.64481993933601733       0.64518234419932563       0.51344016448754126       0.62876826168690059       0.48896282327785262       0.64786660932954332       0.43286767541804616       0.49377635288664984     
  0.93091156946461451       0.72505478177647187       0.91455999910160168       0.87315143640376525       0.87250795117707691       0.90530962379607893       0.77162440245405750       0.92242221993217144       0.90327478659520721       0.87674506833710575     
  0.58100066041478804       0.46161288384798210       0.69125274852246477       0.60832692951495371       0.55884366752463366       0.55023689792949937       0.50736246374893346       0.62863529452125644       0.42345912959794740       0.62998801229890600     
  0.94253661530216759       0.74894290935761942       0.92210712352967827       0.88890156356264960       0.88905712326328201       0.91476410352055182       0.78414290762296157       0.93156246225044326       0.91559872707611634       0.89231642624739027     
  0.69212260345838639       0.48787058026958458       0.65582891276347444       0.72991226901804707       0.57372306722329180       0.74332609315945097       0.55057637220725708       0.78530720425711509       0.44436857362940985       0.51169513352879215     
  0.95390147696014738       0.77356376115242842       0.93191949108224736       0.90466231894517535       0.90532383672529693       0.92433179999701132       0.79756174809457725       0.94061799915078725       0.92811606221907872       0.90862515543997890     
  0.71457825292050059       0.49903194048291105       0.60316992307871631       0.65669310278171500       0.63772951698086655       0.69951152554947027       0.61580420518750545       0.67256540329238412       0.46129974433735510       0.51722165252082475     
  0.96516057997609084       0.79907481878311937       0.94237362801276103       0.92094217629232422       0.92079416093280730       0.93504529664152136       0.81115183264117008       0.95018422525447876       0.94035965916189701       0.92466083899109963     
  0.61268826899812479       0.38946651518825925       0.82543166772462995       0.64749294932262569       0.67803520956381180       0.58175618064004708       0.51389739299790171       0.60704689754570007       0.46198454973170366       0.65653264087324215     
  0.97571355700199403       0.82644922134656407       0.95284690122366567       0.93667674765310116       0.93557288810754879       0.94600896929726996       0.82605429184501333       0.96060934173654677       0.95216743939571258       0.94085032525430246     
  0.70056003139565626       0.39679451038455388       0.60057712467381441       0.67355784248063355       0.52215064148307666       0.52416600295275773       0.49085616424723832       0.70158982666756053       0.42518638407973730       0.51973823460699087     
  0.98410495888448557       0.85569418815257470       0.96351251220578460       0.95203690990317136       0.95185249729937371       0.95752361137032516       0.84397075605112271       0.97140785011062569       0.96451256390043061       0.95710224847261771     
  0.58205912156224848       0.54708471592051355       0.79803757716653656       0.49601166420891790       0.66803382752642337       0.54055656661417628       0.49886019710204094       0.54351499082906929       0.46536239004733809       0.68145201022631519     
  0.99065220157991563       0.89136225317239171       0.97449766698951834       0.96695834841585648       0.96743249168482170       0.96857465319004299       0.86641140927816751       0.98146211518780457       0.97740471841922216       0.97165229974407363     
  0.57894937660451251       0.47934773672329828       0.65880111204834835       0.55792841564781925       0.57025723738649603       0.53426286893150243       0.48440367401272905       0.87044390029250629       0.50615851953512148       0.46336035595484598     
  0.99558800362491029       0.93814228048815962       0.98668062454803152       0.98371016804757005       0.98334223780807606       0.98379829142568898       0.90941791681682715       0.99095546687553160       0.98847496049087613       0.98582005398041062     
  0.51760379963875214       0.50895537034291305       0.71116460297959760       0.60166422465930380       0.64717682305305457       0.70711178882883885       0.58139883159541084       0.60658388392420004       0.39046898687719556       0.47076398790035034     
   1.0000000000000000        1.0000000000000000        1.0000000000000000        1.0000000000000000        1.0000000000000000        1.0000000000000000        1.0000000000000000        1.0000000000000000        1.0000000000000000        1.0000000000000000     
  0.69106911748177136       0.42919516093020565       0.54145092822831642       0.52155360729378730       0.60145265412665083       0.53973410653548137       0.42442473706711226       0.53385855402645588        1.0544809796336694       0.69764034757043414     
   1.6624163660241558        16.188273422796090       -9.1639096340427013       -3.1525155723472147       -1.8332666586028230        0.0000000000000000        1.7110814270278309       -1.4054231314797188       -1.2258779848076256       -2.1953405377873665     
  -1.9401130197847487        3.1467266365077569       -3.3032067485191616      -0.52685196152998082       -2.6146783050005205       -3.0692056931745455       -1.9639229462298178       -2.3753741583604131       -2.3365394203226439       -2.8864922304871228     
  -1.6081871683760269       -3.2799264692692880        1.3974078998909880       -2.5232363314925479        4.9877778981412115       -1.8978135862141776      -0.37332647268436553       -2.5900339273729100       -4.5488471539248945       0.27158665468593685     
  -1.2393175776679406       -5.3374812021937279       -2.4254631484102473        1.2278009511584909       -2.8079520920133687       -2.7442216489684879       -3.9355756317833794       -1.2875670594409507        1.0811221367894661      -0.79538442923145725     
  -3.3452155895781819       -9.8260985114159993       -2.4276121983917331        5.0745218764186886        8.1048939586979590E-002 -0.85430715710410110       -1.9599323221811555       -2.3590220456500592        2.7232954917655410      -0.35414655389295990     
  -3.7550487842858886       -10.392743684118189       -1.7395665224387087       -2.0594441524493607       -4.0653900973537382       -1.5993466107282626       -2.4814676995870699        1.4727939501460319       -2.4592224779125291      -0.89581540634871204     
  -1.1661750671782469       -13.174932322609330        3.7584990367040492        1.5726891510960952        2.6363039029361732        5.0396484729582047        3.3902381029529529        1.0764334582886852        4.8160019267923904        6.1822869228771227     
   6.9083413248025591       -16.850805732667343        1.3922236235675958       -1.8626317117928319       0.63619580836131651       -4.2092326756338476        2.2303350631488712        2.8787145720862135       0.90259743537696902       -1.4169936063056152     
   1.5428732384217453E-004
           1           1           1           1           1           1           1           1           1           1
   2.0126618260931600E-005   1.5159096039919449E-005   1.6599345551892992E-008  -1.5315327845510651        8.9573996865964680E-007   9.4992209688016942E-010
   2.5771093524990230E-007   2.6188872388753806E-007   1.6046815248662409E-008   5.2929275201122838E-002   1.6042091814104844E-008   1.1042787682840103E-011
   5.0000000000000001E-003  -1.1871523757460534     
