   0.0000000000000000        0.0000000000000000        0.0000000000000000        0.0000000000000000        0.0000000000000000        0.0000000000000000        0.0000000000000000        0.0000000000000000        0.0000000000000000        0.0000000000000000     
   3.6152470631691226E-002   2.5641545423914046E-004   1.1588086829512548E-002   1.7632663839739968E-002   1.5867000156716524E-002  0.14441469808374524        9.5765770162694386E-002  0.10962705898069726        2.4596420743641254E-002   1.4361110226350386E-002
  0.64897288487340821        1.3015189447758424       0.62010984916220036       0.80019244786761368       0.56122988830014131       0.35929584441131224       0.47293878323663480       0.71113025207482605       0.94507536779965406       0.56856467751788287     
   6.3921029334062171E-002   4.4676541627651262E-004   2.0650396225677908E-002   3.4110631457810202E-002   3.1991415620473015E-002  0.21239339885277489       0.14676945788864706       0.17583584496096036        4.1298695781616435E-002   3.0571537565288232E-002
  0.93891335902534756        1.4802745302131315       0.82978227693891515       0.73149709432636745       0.67897109396500110       0.87951643493314402        1.1101958735712354       0.76557294485663641       0.95931326984592680       0.44708333066956862     
   8.2204909591973019E-002   6.2248838232014704E-004   2.7766122066009223E-002   5.0569317266327338E-002   4.9184522525771490E-002  0.24013754162702364       0.16899456551741657       0.22282546557127719        5.5436065851000076E-002   4.7544990775169209E-002
  0.55710145396099120        1.1050336416820012       0.67261731722293983       0.71842290499143679       0.64601615045389016        1.5966792704147275       0.88219259578906228       0.75303477905919847       0.66316431602795678       0.67319821065836105     
  0.10117208818803561        8.0695450249516649E-004   3.4627676495507041E-002   6.8005149182182492E-002   6.7134498416211538E-002  0.25147909168829519       0.18304915645256950       0.25969528057464253        6.6243240628376054E-002   6.5943468613213679E-002
  0.79697823397242729        1.2728098770172080       0.87925987302059982       0.77840680233961879       0.59604055046316040        1.0040921151063582       0.87550372563604417       0.66195043561285949       0.64074969947234139       0.67513342421635292     
  0.11936954913119427        1.0075507027235840E-003   4.1671672864548842E-002   8.2244626785253655E-002   8.5901787908314334E-002  0.26486888794722047       0.19360568641100592       0.28852924272382352        7.6582112637638866E-002   8.4805295667762681E-002
  0.82229704174585683        1.6143998876339876       0.68308078173645703       0.54807881525934954       0.79867463005904260       0.67899117420568667       0.39797655846399627       0.85773719141806659       0.71193462845984534       0.64717920806239915     
  0.13787015064861097        1.2280449142154184E-003   4.9640572189993827E-002   9.6354879956250722E-002  0.10353882664205857       0.27775012566878915       0.20349630739351426       0.30968320175638120        8.6980415334094452E-002  0.10242324264119013     
  0.90456350776612948        1.4855910769941925       0.66927586652960769       0.56606030107785810       0.82491879451540107       0.87949500448878282       0.68623683813727698       0.61865001039387069       0.83964584760650829       0.71735645538815118     
  0.15383042049167159        1.4841500419265103E-003   5.7069513602429109E-002  0.10717368718934323       0.11764016040707637       0.28889413766626454       0.21359355583532968       0.32816912724483432        9.7645150027946673E-002  0.11950703545092144     
  0.75241804001872792       0.96386911893256311       0.72098934204147680       0.66207667310012641       0.56679405498546720        1.1017062085760423       0.68539421368005138       0.88746014466859247       0.91807090704716132       0.54536721507598940     
  0.16787508720102623        1.8034680351588655E-003   6.3005582542747726E-002  0.11765746088954651       0.13087241742548875       0.29937791245170203       0.22541455733635782       0.34550733652477844       0.11042230038483718       0.13469302367013331     
  0.59933368838021950        1.0859844962098844       0.65865460723868696       0.55707136462277218       0.57768735661308568       0.59666933380022458       0.65763940165708112       0.54330353034644308        1.2939770457188553       0.48768312235828754     
  0.18058912988255640        2.1517287178899969E-003   6.8707294180511566E-002  0.12717547385003519       0.14392113176698895       0.30805011789552195       0.23743907000231071       0.36147906811309671       0.12187095532879644       0.14951068176592031     
  0.56071588790094273        1.2204236973434512       0.63956119978363946       0.51725800812664779       0.60729584222316524       0.65194461485195698       0.59863021113153558       0.77850707567790223       0.92850352639610456       0.70428958902029914     
  0.19412360042269439        2.5329358483570678E-003   7.4904879081862163E-002  0.14055765161289233       0.15803426560789033       0.31686790961500516       0.24788923566325496       0.37745382933367538       0.13302404204679588       0.16515215523993859     
  0.67972280517584671        1.0322311716884762       0.60287140154461916       0.55146684100507026       0.76571351064123583       0.66584205416691222       0.64214658693273019       0.64459865181376796       0.92781070542703337       0.65436309296120132     
  0.20971538879471230        2.9607729073596132E-003   8.1441096619208939E-002  0.15359224557085135       0.17328602727188183       0.32596152054124183       0.25640274201719504       0.39243890608856691       0.14389783950564508       0.18298757443957672     
  0.60825359856258276       0.83279474925073982       0.65199184293498580       0.68340483612684799       0.73655167277684752       0.51230766751477497       0.80035587174811607       0.61408173823760248       0.72385288954906857       0.51403817868893220     
  0.22472053828632466        3.4629296625232598E-003   8.8077179830475097E-002  0.16818306001333969       0.18846090511180388       0.33656333803110144       0.26473025277161988       0.40650431697881045       0.15497671514722666       0.20283105231262016     
  0.71224354307773952        1.0819671559262420       0.63796455542252162       0.71413253793355636       0.73793582908527744       0.73225576653105984       0.63621831495351822       0.70444731342143563       0.80558728316965600       0.56742276929618862     
  0.24089309211614141        3.8977521701281425E-003   9.4264586431570332E-002  0.18404578847336589       0.20346495801459719       0.34778526643272767       0.27222138737567564       0.41928286696214218       0.16692459824761374       0.22104338979831223     
  0.71392633342989742        1.0693289865886739       0.79638184818117386       0.64847045896341016       0.71799690565664054       0.77150320556468843       0.74004684069956450       0.55314034237275433       0.88561513211752652       0.69709234421434785     
  0.25511466352739282        4.3868720921018626E-003   9.9022547786865700E-002  0.20012841511496599       0.21796366245032656       0.35871994014494463       0.28058237703599681       0.43176152513375998       0.18026989143855948       0.23910609207877151     
  0.66679225415560972       0.90368346458696946       0.49933229569607440       0.86886418381562069       0.63175601542840421       0.75040420446939293       0.92570592069031654       0.73481253315626138        1.0585226637009053       0.67377370931220670     
  0.27021670200330278        4.8974976929063727E-003  0.10422893261461001       0.21504308529683036       0.23282012065156041       0.36955237618674508       0.28976945575382534       0.44496367010764742       0.19162821775614353       0.25801469357492607     
  0.52623926018813449       0.75036923232305530       0.54904623535661445       0.68510478714135392       0.65427532851115899       0.70035842896611789       0.73032289275296458       0.71714251384743122       0.63734480818852413       0.63155362767998136     
  0.28478790778915170        5.4458154219723560E-003  0.10971429485196969       0.22954581388492420       0.24928021625259267       0.37996374666525534       0.29895456573426649       0.45925942485182469       0.20234497307950991       0.27659953672516202     
  0.68984656934277810        1.1241276413409509       0.71382316103187471       0.91764039363681082       0.71044056065014882       0.74534628299255201       0.73854468656907124       0.66030365800398094       0.74314121450036974       0.93741038152747935     
  0.30129025141376203        6.1243264456889495E-003  0.11694910971460705       0.24361616155618659       0.26574109356656783       0.38954075543966482       0.30695991360381458       0.47377868657831324       0.21316639706879842       0.29459345181415120     
  0.77102093454575460       0.84152120843515033       0.72586001301620862       0.70806049423302120       0.73954330892844178       0.76941976080324104       0.63532974587705648       0.71004263045913818       0.65372684661708680       0.77026878643601249     
  0.31915728544995120        6.8877503798260359E-003  0.12617034488252327       0.25881501830731002       0.28228620089644718       0.39768618099446179       0.31446655059502482       0.48564934204209803       0.22435248243533987       0.31227775330136381     
  0.76155301422992461       0.81968419862530417       0.68989226500949818       0.64320358629415608       0.93979374642592184       0.83489408821160283       0.69796975810506823       0.75515011934738485       0.70563265463730540       0.60521931081841696     
  0.33746095542715260        7.6345056294997689E-003  0.13517135303394173       0.27583320306584325       0.29772876540799070       0.40571500048787923       0.32200272410155878       0.49586933259925242       0.23772965709235566       0.32974750646363493     
  0.84804457009530065       0.79675200725239814       0.75633940537413802       0.83284447059501998       0.62309586337623035       0.70146919343889691       0.68054605195818674       0.48319612191396438       0.94341521962781316       0.61699394206754321     
  0.35484376892834479        8.4947830764953505E-003  0.14344952101918693       0.29261745150518431       0.31152240116195029       0.41512674039416297       0.32984719896350240       0.50613786642243475       0.25437282378449377       0.34757375292505049     
  0.52939486992680374       0.97660121379650622       0.72787634340671437       0.78614222677083778       0.55458269801684590       0.65986865554116569       0.77439724517181163       0.57151780807976871       0.83290928480957560       0.62192214832102177     
  0.37106967928122814        9.5523204531128905E-003  0.15117236915541224       0.30990653262347334       0.32500723018488653       0.42620488414166524       0.33896623578372742       0.51644223284307245       0.27106112227077661       0.36656466782543534     
  0.69896582964577236       0.88427183093871209       0.76921069313982660       0.79519563167499141       0.68151196045694140       0.77671138606501033       0.90780632375895998       0.59712831034380898       0.65870511252100850       0.67194009536305233     
  0.38550587072597098        1.0899394729633537E-002  0.15927339115672404       0.32749451061920321       0.33762961553812088       0.43586487426582549       0.34724087210080273       0.52831248871049263       0.28687158203313040       0.38545494337064778     
  0.84696303973157117       0.91979118705114149       0.69123328682539276       0.86644837353729054       0.73540813384616033       0.96330872865886441       0.71839180764622734       0.70300148764745740       0.75939208428160287       0.66383622436202105     
  0.39831409006680574        1.2445066802262601E-002  0.16747534935515870       0.34434515429999074       0.35252599359343767       0.44556490082408995       0.35445072122525761       0.54099895476176973       0.30152616242777031       0.40351026397365364     
  0.45057706713081253       0.68495796995134783       0.49048370237530953       0.72374370041789116       0.61916806629170085       0.79282065307739547       0.47405010454988716       0.98086277666813559       0.71636745788242628       0.58279747922733038     
  0.41092557354411635        1.4176517091199317E-002  0.17573932757686830       0.36029038240924566       0.36891357188345481       0.45579383016117614       0.36112675131723493       0.55271456012130560       0.31636153075047180       0.41977165664094068     
  0.54405329349669107       0.81624607315299880       0.81781972410019699       0.84222717670031766       0.82219001237036338       0.67252910248418463       0.69322796540112319       0.86113132953279004       0.70048005206264896       0.61880709355035868     
  0.42265414587157829        1.6253930972044466E-002  0.18366387405396789       0.37507836521522192       0.38639943644541092       0.46606393731772056       0.36944636270082937       0.56506092457325152       0.33236207476131147       0.43534410546834740     
  0.51542217646085631       0.72880895569939042       0.58718674603586640       0.61808153874397509       0.57748739002219263       0.66482683221107142       0.68057809809968162       0.98346003932719128       0.78158253876452000       0.72407125466700029     
  0.43447668859147975        1.8933695905276115E-002  0.19223038909814297       0.39007857725526390       0.40334569964754702       0.47748289664681465       0.37763483255162666       0.57760900947740390       0.35019452796797984       0.44956209397146185     
  0.65426156916109290       0.81629325556001187       0.72729714564243186       0.90230190009014588        1.0442756140083163       0.49624659286574702       0.76682137389851646       0.75567997799677000       0.81090385855462555       0.84221852721249213     
  0.45226984586698138        2.2245024440019183E-002  0.20107791610660269       0.40537555740788161       0.41888932099818083       0.48853423121326234       0.38561845816704843       0.58787294371610088       0.36808899588477401       0.46268143116764765     
  0.74661324580191235       0.87387018281762507       0.65860374790150666       0.55424447943587341       0.64966025042542352       0.77765411902885284       0.61894290417581654       0.81377849112356315       0.88616696823005958       0.56412866335272549     
  0.46829101458659306        2.6053820738933274E-002  0.21037282781149569       0.41925515294539006       0.43442934928676946       0.49987473621298184       0.39323208570977519       0.59911920998132773       0.38382503655702055       0.47478133345585433     
  0.64347157038182146       0.78159520849205455       0.69051611079859254       0.57371585337175279       0.66237009052259654       0.67669537891452702       0.88644998025073296       0.58885389665116084       0.76754817270865916       0.82491734570296149     
  0.48403373752572570        3.0335923032804808E-002  0.21991727872262531       0.43450518033117141       0.45214341989209095       0.51106686421054126       0.40022368652736084       0.61019939114786004       0.39929562892659853       0.48421462769658363     
  0.70140763899134106       0.70227515311333233       0.60737404853181065       0.76588649111168638       0.83443210855027306       0.61164721174640790       0.68374764282671530       0.74154446243206085       0.81389394885847821       0.68182414200921393     
  0.49984769378859856        3.5453917696442863E-002  0.22907141975710993       0.44940913393119430       0.46985354271228891       0.52251809680954897       0.40687816589689063       0.62141654712280681       0.41511502455612659       0.49088612938224596     
  0.68691450529660991       0.79322068965372872       0.58737857284517070       0.80476985551371238       0.72507511793402202       0.78353024099773128       0.61943303801648908       0.74155879928485158       0.72332004819942974       0.75525116231060996     
  0.51568193885785441        4.1329702165622324E-002  0.23786124355703872       0.46571466241972376       0.48798466316980205       0.53420896476302249       0.41313248168729266       0.63242526121889597       0.43208530371998488       0.49486611332108138     
  0.64522778031254935       0.57411863709764854       0.82732047978504841       0.70236712561013803       0.71916033873854679       0.84687404244466225       0.88529037655017895       0.84248278663930287       0.71420799519046141       0.70562400581846707     
  0.53244402190353712        4.7314201374075868E-002  0.24580024295791505       0.48226995483690555       0.50320017489910096       0.54641052374518384       0.41950725934805955       0.64211669799678972       0.45178720802498457       0.49735986335403132     
  0.69517144311112322       0.63513776986741410       0.52147293437597353       0.70974837958987491       0.89974603786253260       0.66758309155307105       0.66545502081815788       0.61480512282082278       0.77014057601470132       0.87493446566791999     
  0.54888100433004394        5.4118920513187722E-002  0.25360502434589771       0.49886201192818241       0.51826864414248597       0.55829942314807346       0.42640415281494143       0.65122990526376656       0.47038171712814802       0.49953581709332517     
  0.54052928272664758       0.63992816240483452       0.57612654559941434       0.61941066590329752       0.73909270207880029       0.68955360073000938       0.65157692123133581       0.86132767775347607       0.79133561753173454        2.1308092595817167     
  0.56244517499626145        6.1861529362006826E-002  0.26346207114536707       0.51460952451744124       0.53385878389254471       0.57028555822542770       0.43398219855371195       0.66059709126091637       0.48850588973797876       0.50171218274589324     
  0.78384851985578807       0.70278694672106090       0.89728164225208851       0.83123453930867186       0.73193207028357121       0.81095410229857579       0.87426713026590874       0.59981541177659337       0.66429941013262161        4.5585202911039922     
  0.57454962165685808        7.1671577986935617E-002  0.27435564923129424       0.52943645142299633       0.55002500882367411       0.58232840751806292       0.44183039728468160       0.67016619231158103       0.50762015267976213       0.50451539982498605     
  0.58886087100887674       0.63917353523366016       0.77266757589974877       0.77766512640907004       0.67226543075082612       0.65354848705986479       0.64417243055957263       0.77226316325348632       0.80315892320454008        1.2831857361604722     
  0.58704686939305362        8.2830350049045098E-002  0.28557605529976660       0.54445991253764736       0.56841595136776502       0.59487134240703476       0.44970443426262241       0.67973225824607020       0.52863555199321299       0.50963602499716576     
  0.58408725298302056       0.63735096398998559       0.61814192860427475       0.58946462317604065       0.68595849171705869       0.68420266192048096       0.56742698060368546       0.75513497619248082       0.76490892133498034        1.1168248965474070     
  0.60146168469622963        9.4993956870162044E-002  0.29672535890780571       0.56056308438708469       0.58437861835847793       0.60706509851409518       0.45757857214131270       0.69007140717870563       0.54965480216578422       0.51735022853321333     
  0.73447383247248621       0.59725061735051621       0.65457957330381833       0.84047560632949780       0.75208367522023489       0.57751110619593427       0.71962696350436695       0.65192568807678153       0.69581601636560686       0.72377345023614337     
  0.61763858307988395       0.10829643132021352       0.30774713838549594       0.57837082493057113       0.60031926321222462       0.61839493803133805       0.46538250987245250       0.70083806623812905       0.56859888214459364       0.52879844855828340     
  0.69413375337342176       0.45500725506632239       0.60103057674394544       0.70650021820949604       0.80053213368923370       0.95890999720003178       0.74536962472652624       0.46946647928239954       0.68434786497874056       0.73402174635905482     
  0.63449270463949137       0.12419544834050214       0.31956250088370092       0.59659267099843938       0.61657353974308260       0.63005049271156055       0.47340432539623589       0.71372324430987721       0.58555853030027682       0.54256949712952052     
  0.91146169754386641       0.62864702825358709       0.68808024026007375       0.56739230912364491       0.61427731037012023       0.65640024397878372       0.80397420878308956       0.67749498322517010       0.64643780556569552       0.61731316160162208     
  0.65109505308007487       0.14243493146922714       0.33282413752455392       0.61360725417522832       0.63326768407984313       0.64205616906289709       0.48185466305779445       0.72663827648264356       0.60234306696301976       0.55847018205147814     
  0.69916104508009413       0.48156672678022644       0.75147710989094119       0.86672787791226147       0.73140591013656242       0.57310706467116368       0.66239461782649256       0.75945834792362810       0.49340312115567242       0.53117358425270478     
  0.66751355967906512       0.16269999818832015       0.34683549779048073       0.62905329791190623       0.64870456215844630       0.65500259186577081       0.49051183151852673       0.74010551274947101       0.61736277008540363       0.57558521227954351     
  0.88512851523993474       0.69273259123468445       0.59808920474034810       0.73829226244421475       0.79947225752303286       0.61398035062623968       0.72732450307964425       0.87015970437144652       0.58478369700148503       0.62457859648528946     
  0.68448899211099967       0.18512678664723847       0.36150720419246518       0.64353021291637669       0.66285378121528538       0.66804913525271892       0.49930385174254588       0.75259015256905626       0.63329045843048737       0.59214265198321026     
  0.83562916052837111       0.49675962666220264       0.69839173344354089       0.60390523761876080       0.62682734675727347       0.60548687555640690       0.80216827148289527       0.75540136521143564       0.62910301278087644       0.68076780025497063     
  0.70141422266465625       0.20952091166370324       0.37661374950329840       0.65887377025221749       0.67873978440697924       0.68105533872089385       0.50797910388610856       0.76452625245933892       0.64954223066079775       0.60878505361508739     
  0.73140794988077074       0.65166362158071645       0.73342536462018959       0.61989000756352852       0.63158681949143292       0.51914576221647346       0.79906162927310487       0.71479469536790119       0.66039182380557804       0.54814218705692952     
  0.71629675468279086       0.23617105693526211       0.39198393753352784       0.67427510211402675       0.69588433061469424       0.69278474675034518       0.51671558188800593       0.77556197956530681       0.66614736920812068       0.62591154115524850     
  0.68009670323207116       0.53047798972709725       0.84877425579569377       0.61504221381544988       0.76290803611721436       0.89879420250424646       0.67313124608352981       0.60909173189328247       0.59785583797580022       0.78325024556959921     
  0.72952133615389048       0.26606433118737866       0.40772795244847138       0.69006342997579806       0.71140173151671016       0.70357461707573454       0.52547202915758440       0.78615818225850287       0.68342403732572110       0.64370916403738032     
  0.74983814162889195       0.58820486501808322       0.84756602337706366       0.64148592368041135       0.88556077041966119       0.47204504804705394       0.92651541792773351       0.59837380199412471       0.66501640726271394       0.77295449955619921     
  0.74311240254554056       0.29780362615010153       0.42287008487014338       0.70584198166529155       0.72712300477392222       0.71427057910344238       0.53486786191900137       0.79709914669487836       0.70238360685474410       0.66204055793510108     
  0.67818173972677398       0.61359241840579770       0.92330717322004274       0.55046833935732786       0.77602182701780276       0.71065386390041918       0.62908659416565360       0.66294600393438041       0.55079600621452118       0.61866720053454427     
  0.75841970526729974       0.33063259030370895       0.43810374749890457       0.72081012103330966       0.74328183732567399       0.72359564921208586       0.54358338286296037       0.80859358688125682       0.72250296763490596       0.67950790418104112     
  0.74117767483190455       0.53074601663109788       0.84699626758501867       0.78346616576267625       0.67168750675481503       0.52548502289089893       0.78301329380767093       0.72475768280426112       0.67934997472272540       0.64511032719223671     
  0.77470064262524074       0.36222959106710173       0.45384260702194257       0.73620087974362036       0.76066966629965149       0.73369168697423470       0.55282007149738588       0.82067522691524886       0.74260758370299940       0.69760947342791235     
  0.66570820553435650       0.43034912892668342       0.89718511217130925       0.73931443960636634       0.85371359283955017       0.57702439471800548       0.57862950833603499       0.69623959638667665       0.63098813749401583       0.72199715312605550     
  0.79065516415021408       0.39192609784563048       0.47030121001236413       0.75224148226877641       0.77844846596458206       0.74415062163286194       0.56264511691981300       0.83285718805330677       0.76219205947082747       0.71598331873391063     
  0.78716517269552100       0.44305865969850844       0.55669374442843789       0.74882254778965729       0.72067868245884015       0.56005013179226570       0.72125547852036842       0.75518398801586828       0.58550837976597647       0.64303953093646682     
  0.80610421942105492       0.42402333590750535       0.48742271062613218       0.76853856959759104       0.79539086245760415       0.75522293758785430       0.57207493365231998       0.84416666636764048       0.78136954437604667       0.73589703184652766     
  0.77106516073378961       0.47273550148897953       0.71225139546118243       0.83153178662036675       0.96406959618111976       0.73221006273963107       0.62689158537017653       0.80922500207812886       0.56355474461290977       0.75038757744508133     
  0.82110972726068943       0.45918551479026215       0.50460132156950122       0.78453044402440320       0.81232675990141290       0.76765608083762293       0.58242183477094045       0.85473485978733643       0.80037137620154664       0.75680215067561440     
  0.70579571008624209       0.46326973632900348       0.73289392496925088       0.86028425452614188       0.77724190495855228       0.62887619390414951       0.75681861279087492       0.68737929983355406       0.53818236756368665       0.59249293308244577     
  0.83610877950975593       0.49470661650790887       0.52173196124648813       0.80036495921577844       0.82842099292131754       0.78054674851438555       0.59331447867524523       0.86510545613291623       0.81932720499194711       0.77837759651444438     
  0.52298392106842473       0.49963507258050355       0.86129291123958407       0.57587742330992819       0.59696843942746836       0.52949573500559333       0.74392381329632939       0.74496547178250139       0.51080661987619680       0.77638743493398066     
  0.85115655415578373       0.52895479408651258       0.54072157226866380       0.81621484648378551       0.84370429577829320       0.79415511536364025       0.60602345861429185       0.87575300766195729       0.83834244201355534       0.79792755709113894     
  0.89007839602293892       0.48376674516294976       0.67551292732512291       0.64813189380264280       0.63240045319409077       0.67637472153175360       0.83276276209384736       0.48075397972152828       0.44123677936602174       0.60254453860630253     
  0.86329074548759210       0.56421661394468425       0.56357658587196613       0.83275876469822951       0.85968715924378247       0.80848670566906367       0.61881124856650738       0.88608182574072269       0.85738567578113101       0.81438963573080592     
  0.79968883009910174       0.48255750849423029       0.89182041641307075       0.74343387015929441       0.79378648147456665       0.66003215869354359       0.67617820721802435       0.76147915820964618       0.62545364427303329       0.62369093869005920     
  0.87481302579369358       0.60132710070710504       0.59023844807816894       0.85014018474293052       0.87580451370385737       0.82342342385521328       0.63148260269627932       0.89689676349720016       0.87639432847804211       0.82990828212897927     
  0.74122022392355580       0.47952570328078920       0.89021293574307436       0.61142385731072779       0.71036148949904376       0.74584374390888708       0.65758442986258747       0.81569046405003676       0.65866711966176106       0.60485016257655067     
  0.88640118544263435       0.64074399203367449       0.62058370166140919       0.86662492756155673       0.89307626843752752       0.83892932527859587       0.64323714273640753       0.90766010412215337       0.89465216549289939       0.84487691172133350     
  0.51071530405085330       0.45450661735102726       0.70217101850497610       0.58042385120039364       0.77523681252625065       0.66292482802033936       0.56721121844056221       0.81068756475066606       0.48858601283695696       0.56495164002592813     
  0.89988468931899346       0.68116503418186314       0.65155000462212653       0.88233280971846240       0.90830031127986333       0.85506274703528418       0.65643089061344584       0.91846222349287754       0.91248311285571293       0.86178231517485127     
  0.67298034830415521       0.48819737507069344       0.63675412865032999       0.56047609990017644       0.65014685246488502       0.74355951904310402       0.60001793276029680       0.80039699582256074       0.60303571242115028       0.53438541498873071     
  0.91558584331723480       0.72180469113342327       0.67570318133843632       0.89799934617848332       0.92246149316516557       0.87171876006838245       0.67086139777841813       0.92975357419248306       0.93011701086139287       0.88239128045891491     
  0.68584523232472261       0.47895984998996616       0.79634285074905720       0.84080608971004855       0.52710293939469466       0.71593619290218791       0.73565827670857298       0.66212181441461193       0.55357011997398142       0.68408054117760608     
  0.93298863314147584       0.76303293488240931       0.69825831043012143       0.91455089587941407       0.93605133018371034       0.88781767412057733       0.68688416542087727       0.94034937222988912       0.94790003433548253       0.90178654443714423     
  0.78419597387299544       0.44179663125228302       0.53516422194836621       0.86544820987572046       0.63311517936898398       0.91771062640504730       0.73948295580400392       0.68422579149563578       0.40154146258535744       0.60502369650147192     
  0.94886784538441016       0.80379009184662109       0.72409639438887818       0.93166830589488903       0.95056466773414150       0.90346243707441676       0.70722145144589343       0.95111000528046385       0.96493755546487603       0.92154279498453240     
  0.73193833246265261       0.49948066067657554       0.55715399314129999       0.76529835820231074       0.58351724999095234       0.64055959296585008       0.91205495974967710       0.69011748491820413       0.62524581160784898       0.76187574888817289     
  0.96315755869930386       0.84409244724277677       0.75778526981128447       0.94904538015822382       0.96563141257733598       0.92020571812752283       0.73092213809451634       0.96166542632586371       0.98143726235635786       0.94203495001851878     
  0.79316980844121920       0.43293415893114207       0.59659642674874114       0.66775450049605634       0.78816128811396735       0.72890104982726456       0.58107991209309184       0.64061426982752789       0.37782917903311564       0.58487118331900567     
  0.97603854648972899       0.88828758517108075       0.80677404690022625       0.96718185062282402       0.97852773397313175       0.94010554347649400       0.76524896905405593       0.97153205952697175       0.99220049731140658       0.96229275252002000     
  0.71007189079170829       0.47563278297785128        1.1341368595925245       0.86447380584833022       0.62305166064161155       0.80234719513678521       0.68501145676205366       0.66522307829689631       0.40492727344107371       0.81638514548176355     
  0.98787375872016858       0.94058186117700548       0.87492256472254837       0.98439660321754041       0.98966700503187321       0.96700409621521710       0.83893534279123172       0.98507192762366069       0.99664904273525157       0.98023772541758503     
  0.83057491365300495       0.53680105740615791       0.70860314219765064       0.74395648100083311       0.57101548905545596       0.71913360752600386       0.76165005004680975       0.72807223331511228       0.48106881949996949       0.61045791654727799     
   1.0000000000000000        1.0000000000000000        1.0000000000000000        1.0000000000000000        1.0000000000000000        1.0000000000000000        1.0000000000000000        1.0000000000000000        1.0000000000000000        1.0000000000000000     
   1.1003475819404598       0.47325118053762527       0.81018783748703604       0.58434069580177572       0.58497235780381984       0.62665113059090682       0.40603155319934409       0.50523559543111696        2.8964862450838003       0.65301684306861862     
  -4.8858952499781312        32.550738836480299      -0.44035976103793312       0.41719967993126578       -1.8166859959035841       -11.228442713789310       0.14648904786435932       -4.1818615874022109       -3.2639919175790291       -1.4783361883438260     
  -1.5292567445877450       0.12156083233212259        13.765181475405910       -3.4752930931418597        15.762775629488495       -17.822511734644085      -0.33755129600233219      -0.36075365494250800        15.948149548011122        18.338973044860548     
   17.398770602068129       -6.0749415608194548       -1.4906383303273216       -2.3912979454082697        3.1151551792284891       -13.732756178948792        11.925376349036860       -2.2646986986933815       -1.5202786012713654       -1.3061142302897355     
  -1.3553199403490992       -13.522010171470594       -2.8487393676381529      -0.63871368152949437      -0.90653110242817914       -6.3029042232318364      -0.24008479848467154        1.1770762176391956        1.7792635032131996       -2.4071705993246950     
  0.46054159431545377       -15.319039688442796      -0.28403457155675349       0.48491682396970998       -1.3330219915818020       -1.1980632243628375       0.92367733930611928      -0.30671931999204732       -5.5997713486989777       -1.1834634404366273     
  -2.7058879247272718       -18.645982068579425       -4.4968080891569677        17.976968525269136       -5.8028974123518715        3.0584763376890391       -2.8276909721463381        2.1096516378838248       -6.0674173943772143       -1.8175515933384612     
   1.1583386263963222       -24.973682269033088       -3.4721894192056224       -1.1586245401921764      -0.90545909977547701        9.6037239986408416        4.8023203460859643       -4.0056929485077326       0.10110218596835625      -0.11792803683756452     
  -1.5772871598726066       -37.997389248636935       -8.9112230204403122      -0.39381043916002950      -0.75181994213766878        24.644003099207112        1.2754103847600773        13.445814789862345      -0.94403039150551027      -0.82026360468671944     
   2.3139218250738201E-004
           1           1           1           1           1           1           1           1           1           1
   1.9996607118456524E-005   1.6543423874064077E-005   8.2180276709948408E-009   1.8476480151972487        7.3511646763365167E-007   5.9882593005157777E-010
   3.7313808029832187E-007   3.7720014745529855E-007   1.4393309011059652E-008   7.8750430085308493E-002   1.4389453985857450E-008   7.4485366783476890E-012
   5.0000000000000001E-003 -0.97372945647541020     
