   0.0000000000000000        0.0000000000000000        0.0000000000000000        0.0000000000000000        0.0000000000000000        0.0000000000000000        0.0000000000000000        0.0000000000000000        0.0000000000000000        0.0000000000000000     
   7.1452059935641645E-004   1.0663816510689589E-003   1.3239704324145792E-002   2.8232085393529063E-003   1.9192645967994037E-002  0.34956839936605949       0.11603807568689317        9.6415328414584667E-002   1.3010082325700884E-002   1.1443167394235837E-002
  0.55589729274821398       0.62900395005872889       0.42212639988835032       0.94243712603386887       0.49678075552803658       0.37551269886782945       0.35488214745323599       0.33146727837438322       0.45964428048820405       0.39417311448324360     
   1.3962884060181471E-003   2.1800297767411506E-003   2.5595752958874243E-002   5.4322085808974994E-003   3.6393817190592287E-002  0.65609039846116479       0.18861290319982146       0.16087890295602350        2.6112578734912049E-002   2.2948147508361258E-002
  0.73960639231408032       0.70881957747665392       0.36488818408356122       0.90345014107918020       0.46723187017470097       0.96182349236073228       0.53479383992839880       0.49538182773630418       0.56043934414617458       0.40450364198507222     
   2.0565459023427833E-003   2.9092292108952962E-003   3.7029992002905694E-002   7.8957634247026273E-003   4.6114403855081580E-002  0.68226021015318961       0.22870598723331659       0.19225601393981470        3.8159380129635836E-002   3.4789662921460046E-002
  0.75978468752576322       0.45487992932510785       0.40963780856384996       0.89914644788021125       0.37559262108635172       0.41092945197196851       0.56831164499513787       0.46672305079038995       0.43689724587320972       0.43378947556425879     
   2.7131835111727700E-003   3.6174355457494153E-003   4.9288175438357146E-002   1.0293237568392302E-002   5.3905099594901397E-002  0.71713411059522136       0.26205800896007969       0.22018975056825554        4.9392978698554454E-002   4.7540496376630416E-002
  0.57598785364553928       0.44569583123060713       0.39287436183904545       0.82856956031823958       0.38024535294053741       0.53704719136015255       0.72873466627332195       0.64447372205804310       0.50160236294343274       0.39925933803356106     
   3.4131216780720203E-003   4.5581351113332261E-003   6.2203458481194032E-002   1.2822839469465672E-002   6.6192044144367190E-002  0.74712441459803813       0.28459263007133234       0.23330923339785684        5.9726476412133515E-002   6.0195085539169045E-002
  0.55444767341411183       0.39887048272289111       0.44446468790538035       0.64079319475041785       0.40721579345270043       0.43611839971761979       0.39978461884628108       0.45010468597677922       0.43055030404416011       0.39807023258691671     
   4.2949863112024741E-003   5.5930304683668355E-003   7.4564225634458650E-002   1.4923860967379951E-002   8.1015531014490133E-002  0.76937583037775159       0.30649202205100129       0.24869472651460148        7.1269643885137929E-002   7.2576645144407412E-002
  0.57197592586434243       0.57196061136782728       0.38549992350626783       0.54620921092569674       0.40901571918151175       0.47710828601022331       0.50303620568211205       0.68959002430290961       0.44824347323120162       0.53048985665361992     
   5.1952842370721411E-003   6.7750805582055410E-003   8.5463546319296355E-002   1.7131982406037201E-002   9.5623046196471273E-002  0.78838408514972125       0.32425938468456678       0.25978724834743150        8.3195662607425933E-002   8.4071565424431199E-002
  0.51696381199052555       0.41148055048809545       0.39777410534784602       0.48251339663323062       0.40269455969333146       0.46094842808225961       0.43013367143759584       0.37309415727073175       0.49463241100110739       0.45530648855283518     
   6.2097180999395752E-003   8.0722719078998115E-003   9.5355587933177138E-002   1.9206329924743342E-002  0.10873308162840531       0.80564609239118024       0.34217017019301904       0.27149504592413432        9.4557478145206236E-002   9.6101573895266482E-002
  0.66581245424006097       0.44262170225461966       0.38487827275634734       0.44617880822631822       0.40394242789846652       0.47289490999255290       0.43783126524408467       0.46993531663975946       0.50894647589855091       0.38864258839881505     
   7.2110484526934091E-003   9.4111474565888881E-003  0.10546341771976338        2.1035918030213464E-002  0.12725329687773002       0.82104918646775626       0.35869126094209469       0.27997468275087034       0.10582185333303598       0.10785928622906710     
  0.47802541967595719       0.44668689078897833       0.37816045619516669       0.55382380261273523       0.53500782471964492       0.46661306492276061       0.56899865572787101       0.35622803817999926       0.41466949294349925       0.42193776403394140     
   8.2819325034526169E-003   1.0889013001662508E-002  0.11660852524195864        2.3090352738060798E-002  0.14578612787717246       0.83413946207282397       0.37360997201222829       0.28828729283332649       0.11781702581365677       0.12178694197272148     
  0.52102685126217152       0.58414288822535920       0.41503358919844452       0.40969088236541290       0.48649665450684459       0.48589435786035301       0.57630087268822394       0.35814788264451303       0.50024611217079162       0.52389480230646313     
   9.3760245029519355E-003   1.2543093549842335E-002  0.12622397286681863        2.5152364300082837E-002  0.16117019566826551       0.84572677516460693       0.38727980861815986       0.29561495935010279       0.13103742473340860       0.13609966591045691     
  0.49247691589380022       0.44798301594229162       0.41215577142554899       0.38028230899340870       0.40030450715043359       0.41632487312648575       0.50426734913266857       0.43428029704361060       0.62607328766137493       0.37570197794921251     
   1.0505630810556285E-002   1.4253104048023695E-002  0.13603981857069417        2.6818732088906179E-002  0.17461720832021774       0.85635111635592243       0.40084964940744122       0.30265007999164534       0.14515837738106288       0.15228381186417328     
  0.47870103223037802       0.50792660207071449       0.34812195316554845       0.40878225254523221       0.42913867800381206       0.40958555796259655       0.48964820605556270       0.41771931330240886       0.54117600978146396       0.47538580171250538     
   1.1641046283602996E-002   1.6096662498098359E-002  0.14564463941442779        2.8616236659857745E-002  0.18823189654552375       0.86610316128659448       0.41348165092681827       0.30831254816407139       0.16066649445196679       0.16929325884530835     
  0.46319429923521954       0.39801540810788694       0.37286773374175192       0.36797921281432372       0.41288678384516864       0.58780201714909663       0.43400748291850377       0.36117332294834992       0.53796001997219878       0.45407279074821227     
   1.2997010886962552E-002   1.8034438755534576E-002  0.15662986108894034        3.0894581006728372E-002  0.20161383981866401       0.87527283985228688       0.42427234853926882       0.31294481361928522       0.17825201310300182       0.18620312672756506     
  0.45350346321052881       0.42786008451277480       0.40077876417534286       0.35853367039028178       0.38530176795833132       0.44025597470599820       0.49054638285664032       0.41689105112763908       0.54583631159192492       0.47961363817775365     
   1.4599880825363986E-002   2.0568479586745830E-002  0.16904314867209930        3.3786392040522577E-002  0.21468828124801298       0.88298392838141138       0.43399745419503777       0.31794551409815941       0.19562652175470088       0.20297835516035476     
  0.45483743886995082       0.45764304346818901       0.42464994441796949       0.47691145279619951       0.40658558510358805       0.37379098680731759       0.41390459325448931       0.39402632029761747       0.42193561270091196       0.41865182615333502     
   1.6297133572194099E-002   2.3049970247009968E-002  0.18365868962156578        3.7007677001348722E-002  0.22818213878431207       0.88979005681489665       0.44388400055146382       0.32426747182017196       0.21225736490293898       0.22029438225703257     
  0.54416457883072900       0.42711847558823474       0.45621063816708829       0.46928665186843388       0.35358234706614394       0.46704663285009063       0.39113687157682392       0.42199469280135915       0.50908997553038038       0.44073885472298929     
   1.8023037037506514E-002   2.5614519509977222E-002  0.19865853324282381        4.0483231961679120E-002  0.24252564354818651       0.89541204770957561       0.45387411019483204       0.33268522413560003       0.22853857429137162       0.23644010764378653     
  0.40439622718434937       0.47996527991707261       0.57278857726463683       0.48256072792723326       0.41879744254070095       0.40149872126412023       0.50908172489508463       0.47366552085690833       0.61955244502224804       0.41518296014241601     
   1.9993263025538548E-002   2.8387770148472338E-002  0.21350546757515781        4.4257938009116746E-002  0.25777747483368368       0.90070256539212212       0.46285808826358371       0.34145553215504937       0.24466106338543697       0.25164594655979811     
  0.49154197851084042       0.36929341298014751       0.44476544228349341       0.43149019856674303       0.51149480545617920       0.36960714789397375       0.36805809524873900       0.39916480249685782       0.55220426728922267       0.41430799152886705     
   2.2462245983082250E-002   3.1530911738869523E-002  0.22867902554736091        4.8389829360448763E-002  0.27350502875231109       0.90584935686864043       0.47097188995772449       0.35031843204685370       0.26216364056482638       0.26782974948769028     
  0.47084062169332874       0.42636450636059403       0.44897314795142024       0.43646207506043988       0.42725278794700355       0.37624765163516194       0.39360082155407794       0.40007768088106094       0.45817218459923237       0.43934042708669380     
   2.5195572181135068E-002   3.5195219028984086E-002  0.24550073781056989        5.2698684023240815E-002  0.28940594884465448       0.91115226578382336       0.47980828799517783       0.36004355034065383       0.28063531781584439       0.28366070460622816     
  0.47221612997781370       0.50006255817935041       0.40485816123476548       0.45688087292808754       0.47321515162676669       0.42989762338488552       0.38110604143782967       0.44455102591344325       0.57277232031314196       0.41115830850741386     
   2.7757168077275410E-002   3.9031617671157773E-002  0.26304087070329091        5.7086765898767787E-002  0.30405673791231486       0.91617812052108050       0.48969247207933192       0.37039777981878913       0.29893618866224481       0.30002974016636896     
  0.37480073513111778       0.44524778116538732       0.46582011228008630       0.42661099701623845       0.49116255069673281       0.45045630909230555       0.53222211339349990       0.49251979310165367       0.42998197677185362       0.50240033159162445     
   3.0140587656811019E-002   4.2840223697568652E-002  0.28047194897424021        6.1667028062557708E-002  0.31920663672142457       0.92112057998825303       0.49952671058867032       0.37883383000455195       0.31801176038832851       0.31691468016827679     
  0.40682073606577157       0.40547719847159236       0.41289505781929015       0.42534701406029879       0.39979580131506570       0.42182168617694527       0.45818545908848507       0.38199317645476599       0.48092299751402201       0.50027667560132305     
   3.2699178647340600E-002   4.7189963612828789E-002  0.29786165574908591        6.5711616448196924E-002  0.33816543292735646       0.92580697128437517       0.50830628736188599       0.38646475116189372       0.33720499187944952       0.33447498020417366     
  0.39225064146234068       0.37230405348725509       0.45456664867656943       0.36859546682473532       0.49288088255570378       0.37341061730598069       0.39616744492357392       0.40066948612150211       0.57139816228165052       0.57449141124193170     
   3.5549090911383960E-002   5.2144241584583903E-002  0.31392206293697206        6.9430106293559696E-002  0.35692778286033655       0.92991203199189398       0.51645154429140794       0.39656725808805499       0.35703464609830821       0.35320912625733164     
  0.42591934800096415       0.38866720544107608       0.40066873205675335       0.40460527815983038       0.48159392529304623       0.34843988529021158       0.38566394372572232       0.44937822519871751       0.48514511579461744       0.45401331674860751     
   3.8666338702006808E-002   5.7242971471003809E-002  0.32868949136037701        7.4137236964177719E-002  0.37398419148930756       0.93361574251913360       0.52429105896368378       0.40667436879903041       0.37786230186867947       0.37171427858065098     
  0.52392106855361498       0.39843896880626700       0.38805773441152319       0.46836439538991631       0.51892044184122588       0.34461516037466883       0.35164552414621031       0.41434373253028467       0.43935124929349412       0.39183745383258106     
   4.2478649562675587E-002   6.3005113004897043E-002  0.34244226056443505        7.9117164864395559E-002  0.38927014495576928       0.93705557453405397       0.53240763072393671       0.41823597863596784       0.39849637862452053       0.38917541716743792     
  0.40365014816427525       0.42349575445053605       0.36761143238783894       0.42561926488084378       0.37941187439986512       0.36235417330913255       0.42650358947432321       0.52191289209905478       0.38846049741556754       0.61300298267826203     
   4.6237743584961799E-002   6.8568933920572631E-002  0.35698773733480482        8.3694649115164471E-002  0.40490129649487633       0.94040193596367228       0.54173267306050432       0.43008939940730290       0.41877902705176334       0.40542382570574570     
  0.39296536545499722       0.42113741799860505       0.41706557839873887       0.34537372499213115       0.64268496972131928       0.36322305967036078       0.57437493991305733       0.39042033570076851       0.47254623218462039       0.49471466296761818     
   4.9899668327600656E-002   7.3849606420297698E-002  0.37253043831963673        8.8182688596531528E-002  0.42089646284892968       0.94379265557477487       0.55095028561722359       0.44222837573194507       0.43866618183936318       0.41954978905572748     
  0.37522200180300508       0.42887146514783497       0.52937043907326498       0.35367501865295603       0.41820996929019222       0.44370041476726624       0.46487476993815735       0.58147190744079702       0.50290095752157193       0.35764927946285485     
   5.3614095401358544E-002   7.9768914428571661E-002  0.39085436289625053        9.2575334821694277E-002  0.43735944575659647       0.94704526384155541       0.55894065160174466       0.45464883024709124       0.45837931370114043       0.43589504732760820     
  0.42252911052856790       0.40349019307788747       0.49999689822570742       0.34757655854191100       0.49002129549859363       0.42028559300324070       0.46483810381073420       0.49028237323690294       0.44174016802458649       0.46495626333871365     
   5.7718577452022933E-002   8.6667370853017692E-002  0.41286849849546886        9.8529930596562093E-002  0.45457851666418875       0.95009091777174370       0.56616416508168466       0.46736773517373092       0.47737603689171487       0.45533806153636763     
  0.50410220085455559       0.39642008036878801       0.57255541577778613       0.36419732234764962       0.39695701620786428       0.43705264971680974       0.39671655579772924       0.49571667771643257       0.44746074550400716       0.50169214546200902     
   6.2241219071976377E-002   9.3694305634811487E-002  0.43577260828638126       0.10378468599254176       0.47205543549295464       0.95305320328154275       0.57266550828688556       0.48049404076483854       0.49849368285159934       0.46793634177008081     
  0.44698369262849119       0.36807427911522617       0.61444473963280877       0.37897793473926089       0.43200569859297783       0.41133038200590200       0.40889247459334543       0.52076254157044555       0.53221029127844699       0.41302921558820482     
   6.7351038813325118E-002  0.10098442770145515       0.45117191247126254       0.10994777400706134       0.48900253587209030       0.95601058758617208       0.57928821979552736       0.49391236636527974       0.52058568415171713       0.47699767327794473     
  0.49199048027790565       0.42494165331790451       0.45579190621719562       0.42099108941675439       0.55439359947507405       0.42143040016574101       0.39498811134280976       0.46411944227519442       0.45739446105719550       0.37318935799035646     
   7.3068258201019046E-002  0.10851846466013562       0.46556950803267366       0.11562754123778748       0.50420390136813431       0.95892327672396904       0.58659454680522904       0.50771130993210611       0.54062314902136632       0.49002163445040686     
  0.41602467844142804       0.36560461925995386       0.43532124472451722       0.40903694113067268       0.43682482327084976       0.52136074364531648       0.35800400242176400       0.68285688255742927       0.49365983168323047       0.45501259067186284     
   7.9004292898913309E-002  0.11637859295754997       0.47988976328180200       0.12271319036758278       0.51882824453768950       0.96139238459176257       0.59447829590154011       0.52165529068233385       0.55722592388577574       0.50341984690989139     
  0.37054671457451022       0.38150520441328828       0.43949664856262588       0.37540395671798188       0.45136438967453690       0.45080967695378810       0.35755588306551755       0.43576560804511050       0.41013696843579189       0.42825830337999682     
   8.5157729656301195E-002  0.12446403441475372       0.49416811866006649       0.12982303674952839       0.53255008659348846       0.96370285164969072       0.60215135812271070       0.53590732386767737       0.57289782437809911       0.51650862032464140     
  0.39007140412608887       0.41590429216303743       0.44741042029862377       0.38516209608446544       0.46701537175632135       0.38962584164645486       0.51173508342991836       0.40355711957791751       0.37550646218805883       0.40920176816924025     
   9.1560871157836177E-002  0.13276973629575220       0.50937422991371051       0.13743942607967438       0.54654394803009321       0.96580678248056717       0.61026018497877144       0.55042744244182007       0.58936462203555307       0.52962061940475080     
  0.39786006671390839       0.38590796351641626       0.47507773377320617       0.45604577425565657       0.51167186441008150       0.42062846384204222       0.43843593406396125       0.50243287401409664       0.46122867958297159       0.38693671406075669     
   9.7852353388402438E-002  0.14174578713718519       0.52458854445772796       0.14530969451096026       0.55964683939959758       0.96786028573809935       0.61835244557454849       0.56439178822904035       0.60602837127993248       0.54193519658205291     
  0.36178465413467115       0.46526806252765601       0.45611075489346192       0.35978966345729763       0.50566807513552259       0.38111174676425347       0.41751890528231334       0.43065791383539975       0.44377278567491507       0.36910814305365841     
  0.10448990742645542       0.15193531716032557       0.53999567080027644       0.15380874232638136       0.57391044769589306       0.96984608350758683       0.62644056659944158       0.57731540042976737       0.62366744768205717       0.55819943706558639     
  0.39946084608193838       0.44485702047830450       0.44839579524178119       0.39941199676984118       0.41247473349548758       0.47954066675784773       0.39009019232224412       0.45502837258698342       0.46113778432570224       0.44420870414667102     
  0.11154640209291787       0.16312554329273421       0.55585560803621870       0.16213935862485160       0.58978834068723718       0.97172365325336596       0.63539924597163688       0.59172901286551927       0.64204644956553181       0.57330021304651779     
  0.36924169056217704       0.45419772480441500       0.51035542389488420       0.39689138676889713       0.54767635076981858       0.41199007208974114       0.39820453699554975       0.44329513744529803       0.43176961117036866       0.44518990753648713     
  0.11915074651332004       0.17657514471631319       0.57380790311358154       0.17230475704007345       0.60470609043143064       0.97362538588295022       0.64551626762039682       0.60529585154102861       0.65458019369522746       0.58836926448657179     
  0.39469807646764221       0.49122997601940555       0.54385698105707758       0.39805928796708406       0.48586839098451501       0.39802115092048451       0.50684036107510810       0.52464120795917113       0.42859112598315008       0.46430901432771315     
  0.12732946749137511       0.19328515666899140       0.59163703979339521       0.18383259538349714       0.61862477497575619       0.97549976875138544       0.65579208844332992       0.61913883054616237       0.66515492887534899       0.60421100759459079     
  0.36796650368865585       0.47864078991296233       0.47070568780292621       0.44775769840755208       0.39073598565816131       0.45032523855500606       0.40511381600374369       0.46875454315493081       0.33766423017995062       0.50866782729147064     
  0.13649235160946638       0.21147623884255912       0.61117545493375991       0.19564748857298767       0.63227458772775214       0.97734296012460886       0.66757774623775457       0.63322357330436463       0.67644004058229479       0.61901265522272109     
  0.54031335276205439       0.54241469238918383       0.47322139033037519       0.47291410831940289       0.44148440474030998       0.40617433422054727       0.56937598921641830       0.48613226984552227       0.44678443721953659       0.48963283045173128     
  0.14666652518290027       0.22979928297160770       0.63064774993283867       0.20862237673897432       0.64591760806360621       0.97914647840532631       0.67912843749853868       0.64946998665719791       0.68837356048519882       0.63446286598549384     
  0.46865814901362235       0.51146617178832021       0.40779058779650312       0.48060423608697445       0.38806976247448216       0.46754728092493592       0.57805828370805379       0.52435001611578747       0.41298199345281539       0.42410128150646026     
  0.15752221161645391       0.24937341396577428       0.64864060041501070       0.22192996994956174       0.65951002829581995       0.98092259239516055       0.68919970982665202       0.66736754563343903       0.70171037978576534       0.64994492061769138     
  0.40398145486825843       0.38254690603845687       0.47865037223398033       0.48718750094013685       0.51562172077179669       0.39926402355736973       0.48175078586728970       0.58916271082597549       0.39554870214867288       0.49818993454479715     
  0.16894932282084799       0.27157719863909763       0.66613591257508986       0.23696752806319857       0.67368665017102980       0.98261227268153295       0.69821841711523303       0.68484402690087987       0.71630776363004200       0.66595124796371086     
  0.40564085386442938       0.41899040599576914       0.49597212757737302       0.50746842659956026       0.38825993325973573       0.51305023967170549       0.43507047162986456       0.45192489395050228       0.36567391414690076       0.48669196878989052     
  0.18183879994341881       0.29588808175183268       0.68188929552864663       0.25267569493768305       0.68605501497154675       0.98408851079744963       0.70743392814991879       0.70103622160664569       0.73138250803232274       0.68485111265426935     
  0.41049523371192542       0.45031713296765646       0.46228888585534678       0.38985630778604330       0.50384586512608809       0.42529165185797368       0.45977082038851974       0.53522285142407500       0.39272956001299358       0.46818081069753997     
  0.19568641468882259       0.31945792149822866       0.69675834414692106       0.26840050586336622       0.69911143655009567       0.98572013592063545       0.71687903221984473       0.71628718340644126       0.74718295069508478       0.70505708164853886     
  0.38017168238633042       0.42298683508503077       0.46338255185751315       0.55723892869623703       0.41147523561600940       0.64678424486019803       0.50953444138715842       0.55411768639055792       0.43646392262593087       0.38187129292959909     
  0.21085458851020317       0.34272511272827594       0.71201515043851904       0.28412800083694717       0.71188347617435666       0.98690640963437282       0.72685668758663036       0.73146723253195289       0.76058306398037967       0.72470404885045958     
  0.40427847515726850       0.46708022217951328       0.55344021202633298       0.42634183286020588       0.46836379751185225       0.48870412246393313       0.49055885948761296       0.46938424167381837       0.40045278491394853       0.46026818167941691     
  0.22782392554904191       0.36953653915019508       0.72742214532820704       0.30199495484940009       0.72398474906965049       0.98806074230841301       0.73705774997891449       0.74755887018767153       0.77569790013828266       0.74252648825778833     
  0.38586837563653958       0.51233192935752536       0.41476945537505039       0.53048812741357920       0.41215926259792235       0.44258090969810593       0.45466373164881480       0.37133715216481189       0.40884783280536063       0.48358330702829300     
  0.24652524430795747       0.39805977188654340       0.74342526238378870       0.32058904144755718       0.73556539357450190       0.98918301727253632       0.74685296984473049       0.76426533251796980       0.79075577278174758       0.76218731649252158     
  0.44834325839294203       0.49891318362910220       0.46620259682077941       0.46057906415149380       0.37398679116591688       0.45884097167927834       0.58716313873062376       0.43674306081645925       0.39129591759487592       0.47483869270421447     
  0.26702083265955157       0.42459350673545881       0.75999507370480990       0.33930682333992662       0.74749623303002066       0.99020532678703133       0.75610545193597545       0.78555676942836539       0.80880629210453259       0.77955618214711297     
  0.38710743758986027       0.50383763543544735       0.50196174206140842       0.46289586240698566       0.51027400403503487       0.51021429161944687       0.60040250183244503       0.54786008712753453       0.49863284488402382       0.51680188253369241     
  0.28820935762965622       0.45195054835988724       0.77665135648662087       0.35822779969958662       0.76130772021320370       0.99114755672614541       0.76519444856096219       0.80527895061348498       0.82763559085556082       0.79504952218749758     
  0.39742350328644255       0.46931005592910024       0.50810145595210443       0.46281333941091385       0.40703687523786158       0.47439518685296617       0.56433438778394951       0.49866065535556425       0.51979781894763655       0.44140942841443920     
  0.30971096051666697       0.48329357304048537       0.79337590702418415       0.37882161132652026       0.77509676814527195       0.99195868861979031       0.77468708709874801       0.82146463148053428       0.84580166162497417       0.81159345562058705     
  0.42466275647571561       0.49264501348676071       0.51412036566038055       0.39122241599646451       0.47980029535572977       0.48267995881700232       0.43545865491025276       0.43067677490601541       0.44256403078017370       0.47489738788120484     
  0.33269308484569515       0.51577223131414718       0.81045411478246721       0.40094163690557766       0.79049153433463437       0.99268721575209629       0.78456067517012429       0.83638716930308898       0.86417001369899238       0.82735448243274312     
  0.43320531660197914       0.43658191843204852       0.43310825397778302       0.45894344140757282       0.45777953894790402       0.39602609659401583       0.43486323114587183       0.45458914656903138       0.46432588108408807       0.43273538333347955     
  0.35990714545175462       0.55553086614580094       0.82842597029787801       0.42651742949787502       0.80563024122651072       0.99335945846075124       0.79489946654528343       0.85231470047762503       0.88174499008942475       0.84397380813657130     
  0.41333987971321645       0.48009793591586375       0.56986439751784368       0.46166127324070505       0.52324579024009132       0.58159756693352616       0.44495070362222539       0.40905220810063414       0.47648481054813790       0.52082285180698018     
  0.38907583512347632       0.59567509510222028       0.84739103288532258       0.45529438517187221       0.82261707018226238       0.99399274905320345       0.80509858517835964       0.86911020799118621       0.89808738293762358       0.86073523129087515     
  0.39582161277269101       0.52034897689519199       0.49236842121706847       0.47987479116259735       0.45969979405184014       0.51604645809979932       0.39499236018383127       0.45999519993158988       0.46461897283628600       0.55070585004904160     
  0.42423173599199931       0.63388523381694206       0.86671075622392002       0.48678809708707182       0.83884569909879603       0.99463823026414611       0.81541951375154287       0.88601866716311106       0.91306434909140799       0.87880582604870894     
  0.39174870170360937       0.47462279029486698       0.50855987726017682       0.45463836691212062       0.51434468264780475       0.44737653695916779       0.34995562262462587       0.43801496047991545       0.37080643727033569       0.48728939145020433     
  0.46583308692922204       0.67216457677142538       0.88648504738153167       0.51930174699525955       0.85848514463307868       0.99527502157462655       0.82629152481414048       0.90337654137473122       0.92648554018659068       0.89865435252043901     
  0.50299787046333488       0.44732099614264270       0.52887409796107998       0.43242750211352726       0.40547971251124776       0.51261399240494498       0.45828952536604489       0.41964130642275804       0.34724632730763205       0.47688165742015048     
  0.51000797070728476       0.71691419882429142       0.90590755254336719       0.55651413719884779       0.87808500206441664       0.99587565135033129       0.83810673828221782       0.92159725359440337       0.94009213560955940       0.91781060396884040     
  0.42454441216488503       0.50077599926824723       0.55112891273227349       0.43594473562856895       0.55642845749688430       0.40651662669597471       0.50031526821211703       0.41470386062246595       0.41269220863548894       0.55986129853804256     
  0.56108941276918722       0.76662100008067025       0.92368767324845613       0.60000690376935140       0.89947324725832367       0.99646141941989963       0.85060597987577347       0.93982008576528875       0.95380767534360844       0.93489271447988875     
  0.47010716200340874       0.53586988321642082       0.55370754229350994       0.55556897429801100       0.58750071164551043       0.47799441097229267       0.39636966624291836       0.47105975484426249       0.46607950280963967       0.52144770500798887     
  0.62675951846878497       0.82117244666459766       0.94164488651935674       0.65343826500637625       0.92252192671619915       0.99716040975244036       0.86928801354457175       0.95581735602519657       0.96594404898778485       0.95126803450183173     
  0.51934950939543489       0.51738471333686809       0.44535336414436200       0.44078501397120534       0.50526324770608633       0.61391450087376731       0.48796968178507827       0.45906767480216570       0.46517093626451100       0.50435995442725035     
  0.71722898557237358       0.87280213265695050       0.96038349927021627       0.71299559855500172       0.94750931835489782       0.99787470110355214       0.89026063117700316       0.97196370223396744       0.97785272384372124       0.96723745818793827     
  0.57498535806296092       0.43601901017686645       0.52373630277207006       0.38311255354077883       0.61611792932019227       0.61229867085907941       0.51297875488711842       0.44671801798959460       0.32934411579869527       0.48369459807404580     
  0.84479644875066895       0.93813562943947926       0.98024417681924192       0.84008603337498067       0.97170738625854181       0.99888461898763992       0.93540271247527673       0.98606079775630784       0.98903027846213398       0.98315835343444280     
  0.54989318215955807       0.54378467655345264       0.45735388927402398       0.52103465447033948       0.53412841203359862       0.60114972888198626       0.56738934238676408       0.39182292239596811       0.41945668869982700       0.41297288409960770     
   1.0000000000000000        1.0000000000000000        1.0000000000000000        1.0000000000000000        1.0000000000000000        1.0000000000000000        1.0000000000000000        1.0000000000000000        1.0000000000000000        1.0000000000000000     
  0.53785920666144060       0.53641886067978539       0.48167293015175811       0.38890647360513503       0.44652978594851400       0.71845533602546685       0.31127047541252939       0.45385682967805502       0.44217366307482875       0.56197232237358463     
  -19.302050450827313       -8.5968824267429671       -11.968490970085613       -14.720645798733786       -16.543342279944913        0.0000000000000000       -8.8709218885592254       -12.346501265776189       -10.292848729244140       -13.967221578139116     
  -8.7893579303379674       -11.789957473901060       -11.691507590027161       -16.085172395186056       -14.369185292710474       -14.709480345496223       -14.529408395507335       -11.023608343274296       -12.521386489355598       -15.389045539906011     
  -7.3648672521868654       -17.666862646671138       -9.8014355294674989       -11.967203571652623       -10.630616569047971       -7.9503476550642826       -11.263103485707232       -13.695931395235011       -9.9281151501040199       -9.7864147288119518     
  -5.6462706297390755       -16.634290831941911       -9.4749656397092483       -9.5461975054106460       -8.3463414521249302       -5.2424194620202620       -12.267514078124853       -15.100652270482971       -11.321925322400711       -10.909708400543158     
  -3.3410866371760526       -10.811154635994662       -9.5546043224587205       -6.8894162447669949       -9.5167846530274129       -7.1711384730826211       -13.690581868768209       -8.6573287620535968       -14.830002056160303       -11.352785384744093     
  -4.8356048840618415       -13.119173053306925       -8.4517720090888186       -7.7299860336085127       -10.748050100913925       -10.136977143613979       -10.093165661162473       -15.332128273455844       -12.355709191838361       -17.109650493601286     
  -4.1738954175229708       -17.015428481743601       -19.026228844088113       -8.4657402072916721       -13.194554283086186       -13.105984118524162       -12.735908259025393       -11.663156123993637       -10.541883699018376       -10.530146360536726     
   8.1716703988706545       -16.680777089062463       -14.238220416501841       -39.006741889980830       -9.4593154304628015       -12.172057247252045       -10.830031574090356       -9.6882622339401454       -10.921592812062608       -8.5874351185789664     
   1.7553170888450478E-005
           1           1           1           1           1           1           1           1           1           1
   8.0787870248934995E-006   4.0438807002482283E-006  -3.8720834034788616E-008  -14.050533898213148        3.0701003025476252E-007   4.3392540613777693E-010
   8.2811459341061823E-008   7.5433727038412363E-008   3.4089240136676957E-008  0.30560682689379770        3.4080032491770569E-008   3.6742242187187440E-011
   5.6256128560477339E-003  -12.389714906741734     
