   0.0000000000000000        0.0000000000000000        0.0000000000000000        0.0000000000000000        0.0000000000000000        0.0000000000000000        0.0000000000000000        0.0000000000000000        0.0000000000000000        0.0000000000000000     
   5.4098315622674224E-004   3.0411346603262147E-003   1.1609378725570125E-002   3.0562365034879409E-002   2.6274887679574199E-002  0.39434271008406097       0.14569435108497314        7.0919746566876149E-002   2.7001737982906227E-002   1.7304916888788765E-002
  0.54595417149141778       0.41595787870455514       0.40870504844703931       0.35025712400041714       0.45014232580039176       0.29849611247475971       0.29918602668850974       0.32297128677399467       0.44299946787419481       0.36323575365886868     
   1.1185972958540065E-003   6.2129412069203754E-003   2.3493584472693101E-002   5.6526421818604088E-002   5.3151066154113885E-002  0.56316784393716690       0.21958651788584832       0.13382174591329868        5.0683680687930915E-002   3.5217927975978607E-002
  0.81941896902278366       0.52119254896748646       0.32754041146447810       0.49045509311082802       0.29881923991726272       0.50193260366289394       0.33164997113087169       0.36407551991427339       0.62608689786400984       0.43755925217773228     
   1.6833142600038509E-003   9.6563699256475306E-003   3.5638664903377644E-002   7.8132836170979034E-002   7.9841900041279196E-002  0.62857651217036636       0.25022394849069962       0.16646135859534011        7.1553209602512366E-002   5.3775446703690583E-002
  0.47473280577467392       0.53373780253750425       0.34126883114587664       0.42048713953052230       0.41189189043097346       0.48883525892602214       0.32108256541769753       0.33944401675433483       0.53266414551380037       0.40778319217574016     
   2.2527238150861985E-003   1.3252131327816868E-002   4.9800626269677926E-002   9.8223804286912492E-002  0.10691901512454922       0.66638209476909149       0.27414294393743605       0.19347473445637450        8.9176602903786303E-002   7.2843873589489447E-002
  0.44062013928299548       0.46265758584825184       0.32513656773842320       0.44284385219494837       0.39053053464136389       0.47058753693363237       0.41310180029009613       0.33054873415151032       0.43607470114574676       0.46091345421348462     
   2.8806720963424335E-003   1.6741663538328976E-002   6.5886694278187316E-002  0.11541632300028332       0.13539989593520460       0.69332349956741279       0.29227924481363277       0.21283348612354766       0.10699779443307408        9.1496878291500466E-002
  0.45190451575674084       0.50740616310347975       0.46895621186914471       0.39777684764815241       0.49800189944586898       0.36026555143354272       0.35318929327337595       0.39241409531883636       0.56559498598599489       0.52114338354896683     
   3.5588903962015719E-003   2.0099583560917643E-002   8.0592290269278596E-002  0.13178751989809936       0.16161243072146086       0.71636889296673290       0.30717281530814772       0.22888388825087613       0.12540891813227570       0.10933410045715364     
  0.48605957535800037       0.40219753437583738       0.37767577168325234       0.41843785864106986       0.43199227348869612       0.40537375097934542       0.33597685152992718       0.35350768432283292       0.46157664652658076       0.41200023992593143     
   4.4117292511393017E-003   2.3662439951187841E-002   9.2958421576853217E-002  0.14684437247958862       0.17935559003923535       0.73730006535721626       0.32057690530284194       0.24308788218143593       0.14265521227789579       0.12682137364254836     
  0.54544028601140082       0.50027381929340398       0.43436746631314743       0.34259797546135851       0.53064208926869627       0.32342467986938334       0.32970941027128525       0.48733896999874382       0.53154067828620444       0.38651941924714994     
   5.2457792493267805E-003   2.7375940000068030E-002  0.10602364840877032       0.16365965100517957       0.19841134274751629       0.75696664675277359       0.33388125025351423       0.25614166620285206       0.15806084188164846       0.14422951151780228     
  0.49072641957524127       0.37880242103957185       0.32314373706522459       0.46262062900672540       0.31536202439975530       0.43781366929207610       0.37992783937582775       0.36960594902962157       0.46415717300603970       0.32672962617916740     
   6.3010120189452949E-003   3.1485243276457839E-002  0.11817797843071405       0.18126107343533729       0.21745274264692527       0.77415093184403372       0.34564812426969821       0.26838089097441886       0.17377707056412497       0.16025766532883270     
  0.42947943954586348       0.39722951465170581       0.33154065962387769       0.41816455348989201       0.43884997619302790       0.41545998204700546       0.35365741280374258       0.35593447060826983       0.43739337443591436       0.32061351931536602     
   7.4718395438935926E-003   3.5920497294196253E-002  0.13189326369721827       0.19778770490863404       0.23660148572765988       0.78833611745561483       0.35698810982539991       0.27983620716906760       0.19006675200533449       0.17710296201334827     
  0.39540174143793017       0.43229434563408664       0.37150546521885214       0.38205239089612325       0.40842884286788594       0.35336086183322940       0.29099485944476466       0.36665693034045588       0.34645363137261154       0.41487906159944588     
   8.7267377427354218E-003   4.0292227142272888E-002  0.14711317682682851       0.21357179399335460       0.25537588214560264       0.80121105817009564       0.36727321704450339       0.29123478014359894       0.20584487668124954       0.19510145157326803     
  0.37315749787511016       0.39626922830800265       0.31693445183808944       0.36668315466619522       0.43808896709828399       0.44639448183175423       0.33832220149792475       0.42995384530390252       0.39083790921649747       0.42594456710655376     
   1.0096159887448723E-002   4.4810160952770663E-002  0.16365453346044509       0.22907315946990023       0.27332145092428384       0.81364957942659921       0.37772665512160275       0.30202760972221837       0.22135742062455968       0.21309197008753139     
  0.38156180042465820       0.51435688435256499       0.38424594865838657       0.42127216646049054       0.31492136334351767       0.36286001279713520       0.40282029613233428       0.41875772872778405       0.45449092846637817       0.37589682635903732     
   1.1554671555463972E-002   4.9860685877151881E-002  0.18016849263897733       0.24465734383025869       0.29043264380781442       0.82521345408837699       0.38803625586066237       0.31261444841295527       0.23670420163591968       0.23179815857419730     
  0.45356201626545656       0.47608894220672676       0.46381518124295273       0.45016918046702514       0.35794993837728478       0.42162627929560698       0.38482534271330987       0.43245638730700497       0.41208685274968776       0.41984536941006201     
   1.3115607159925539E-002   5.5151377735863608E-002  0.19571336291629221       0.25975878880217440       0.30688889032520889       0.83494991702083832       0.39764721886672066       0.32333294205708513       0.25021835075605808       0.24943991774401655     
  0.44191779336097742       0.39349527884880808       0.31544396824014986       0.36739909115284397       0.45648575738014247       0.38667986479190869       0.35280967795812374       0.42196404432812423       0.36668545827234189       0.45437901911734535     
   1.4788337122170281E-002   6.0610571358410886E-002  0.21028006670033511       0.27399947678499509       0.32298348911330232       0.84355086295670123       0.40695396504003339       0.33309161295937573       0.26461037468828658       0.26606401487902998     
  0.36552540860729504       0.43015821730601583       0.33145464050329265       0.45375637603297303       0.42405209106172492       0.33565441916235084       0.39515579845306242       0.34325241799461415       0.35174426334363335       0.40814644951058077     
   1.6532267610522206E-002   6.5966144493357554E-002  0.22398089617629735       0.28831870948417970       0.33822975343337280       0.85174805675195420       0.41716771056600449       0.34202752467951336       0.28283973707662435       0.28225931867531467     
  0.32292266918869306       0.38517661632500444       0.35213284004771606       0.37303738194670788       0.40448076842560055       0.36934236269506038       0.41939215902561039       0.37164471111729802       0.48751280162290822       0.33790604895346105     
   1.8472017158987185E-002   7.1544065435642373E-002  0.23979496798236852       0.30098941285030062       0.35256310566548488       0.85904579066780251       0.42768277926660137       0.34959039347289345       0.30230391216554886       0.29845709802539955     
  0.37526619691811791       0.41311451534324184       0.38441895498290396       0.32521366592031298       0.37494632236597292       0.36010586445549458       0.37708786698079028       0.33029278262003076       0.43352058435429930       0.34949660434244634     
   2.0454646652276962E-002   7.7323815798868684E-002  0.25688186943421054       0.31417312773430434       0.36607725932920215       0.86547286815009483       0.43693479406936186       0.35743374264224193       0.32234906218565462       0.31490374780412450     
  0.32413415842562388       0.36340708244922865       0.37685155918135438       0.36969497454711642       0.40801115265691346       0.36280662263341618       0.40539223056507651       0.33169618990672700       0.39748108505536311       0.36301628991493384     
   2.2617284192640082E-002   8.3576641706651550E-002  0.27247777721385846       0.32930898109699025       0.37950271797615731       0.87138364668651169       0.44537552201608643       0.36687306700672567       0.34222352092795422       0.33011069039852048     
  0.42739861430130544       0.46253122653790701       0.41091854821013124       0.43173298660505516       0.39439637780516412       0.33393627320245811       0.34580740785950831       0.40796856584703550       0.46234473411603055       0.37211791531021082     
   2.4895525301456067E-002   9.0129932850932196E-002  0.28680548861492772       0.34370639681922066       0.39191011797018771       0.87641095825770499       0.45373051818163262       0.37872845916301229       0.36209976211208311       0.34426030618906267     
  0.35410495044007761       0.37765882312506066       0.34935107729651832       0.37713654922026985       0.37295194602308623       0.33944071153267147       0.40180427479222991       0.39771780326912648       0.38970687803311077       0.37559784856609191     
   2.7315095817599305E-002   9.6791034156501976E-002  0.30365825573236283       0.35917907716990927       0.40356325834980461       0.88165973437527589       0.46190091569177683       0.39158630103714115       0.38225159187007240       0.35902755814333975     
  0.38127216956258769       0.42185983834314195       0.50701499736777167       0.33784988369714308       0.41282617333467808       0.32313904458662768       0.38632426217210880       0.49896155872382114       0.36860298596449353       0.32108979362897705     
   2.9731844826708320E-002  0.10357301747839208       0.32271325187172845       0.37479214791086457       0.41563140764985629       0.88670609528672839       0.47023542820032793       0.40407454832426537       0.40154977435093492       0.37423593273894140     
  0.32915939521460486       0.38513457003459628       0.38509739641070201       0.44326711532069113       0.35350869597536966       0.34633688197131324       0.40515506301304699       0.34795043729664088       0.37495149136442735       0.46466919051222844     
   3.2040839025582968E-002  0.11057554655837511       0.34096422492969619       0.38837090904927579       0.42728742949465809       0.89199631993501893       0.47833158143853099       0.41647462265683094       0.42016067703519205       0.38754085275413402     
  0.32471621660315747       0.32362224085244773       0.52624072420358392       0.32226616667464680       0.36695262562515013       0.37260937494025237       0.34010166087619487       0.41893516443911155       0.40908552522089819       0.36988368858413179     
   3.4307611870216637E-002  0.11680432287262518       0.35791526855863059       0.40127204630801938       0.43897210369074080       0.89717204754650137       0.48621662487811990       0.42813307889205343       0.43832570869175075       0.40230585776940192     
  0.37973768941766922       0.35630944280148280       0.37453224082574504       0.33384667804590135       0.37180390521086398       0.33341951873519554       0.40864309082999634       0.43360932154201498       0.38136513651735543       0.45148638766100502     
   3.6782571752181026E-002  0.12383216425780350       0.37526484252417780       0.41405912638821868       0.45119559140073212       0.90186790960733842       0.49364921878194623       0.43893495368206320       0.45253857624576282       0.41780026098452183     
  0.36681376410444255       0.35793276360167026       0.37862479931361592       0.28232333121607434       0.36370957066263776       0.33943555675727655       0.45083202597822930       0.34136095190055310       0.29770050997627323       0.40940329544718290     
   4.0086939323999447E-002  0.13134964049988354       0.39303284800219207       0.42727152310853889       0.46296687429707251       0.90656131286861885       0.50032717185914966       0.44953264241784391       0.46338561307805126       0.43306585967343209     
  0.36059469140833661       0.34110649086354378       0.38435619308208469       0.34130893844180804       0.37292411913013884       0.33752579630527979       0.35976135462820436       0.37773683816667303       0.31948216502145999       0.39023773096886755     
   4.3744818167381239E-002  0.13973881833139898       0.41000100459911154       0.44030263974958472       0.47481626077840045       0.91138618419119444       0.50691663379074292       0.46049884751139902       0.47594133862469101       0.44828513055086966     
  0.35674691208554504       0.37195225227002215       0.42911562280619459       0.37128596189271051       0.35248494005252912       0.36722583666190312       0.38499246317691288       0.33800980754975352       0.28131296232774594       0.39096633938613740     
   4.7193149848209340E-002  0.14892244213652003       0.42768754072384269       0.45319330745581088       0.48714449919597769       0.91592177337864666       0.51377693229598942       0.47198563180237552       0.48970775922172782       0.46317589009505744     
  0.37361678615553984       0.33395898805979612       0.38766715632653476       0.40553925461086460       0.49634540359773444       0.36962739770440756       0.39063321589528643       0.40285814220198252       0.35199303103587831       0.39159004154915966     
   5.0559263688900236E-002  0.15736483058723519       0.44697641262146048       0.46620058450612023       0.49875173588139243       0.91990223019378958       0.52074861168617237       0.48424671738881736       0.50475072779278463       0.47779578671769768     
  0.34394385220464807       0.37204992666431203       0.45566548932247392       0.31304126521936054       0.37056975725619362       0.31944090164024658       0.34671584008761480       0.35122641916680281       0.34515094106174599       0.40293633572010368     
   5.4242455751016320E-002  0.16581442039244856       0.46667690521656524       0.47924780634568864       0.50962958977618866       0.92401784375689044       0.52822920790828154       0.49706979452490685       0.51900851252408708       0.49075723643120001     
  0.36996083231040494       0.34364762723052350       0.45924100616465507       0.34407392815171778       0.42354056763142334       0.40560937913857353       0.38112705683213371       0.36465507315665818       0.35366860475954914       0.31575682752955814     
   5.8062396863057954E-002  0.17430877578187345       0.48751272671138335       0.49201640740923680       0.51946918970993139       0.92806907516930803       0.53641407941642361       0.51084478205573092       0.53251445791966345       0.50454309468337655     
  0.37477018297534426       0.37474023138608897       0.45604264989845106       0.37807566593895603       0.35475948750666897       0.33549406496966239       0.40040376689353574       0.37286392184799227       0.32341891521979044       0.40626925235734268     
   6.2747105053211405E-002  0.18351712523693756       0.50870391363974454       0.50401381649989085       0.52822690748314938       0.93170628862129623       0.54489152113894801       0.52584304818935523       0.54614482461344338       0.51996667473315961     
  0.32867678267975159       0.35115379820033582       0.52904094383787170       0.33996739131476478       0.33821008296349836       0.29811279898477550       0.37209500702648757       0.48844784007913744       0.35310270028973906       0.34538296822431064     
   6.7476123241773239E-002  0.19303444576011328       0.52903347955381874       0.51600924442348639       0.53735702840754407       0.93504613861408992       0.55342697502155125       0.54089769687232636       0.55977068805764552       0.53548922274877875     
  0.36650085779233754       0.32443728262587668       0.42013794229499368       0.36137269671458866       0.30332803616126586       0.36114480308883329       0.46167898283817788       0.37735128670223489       0.33158307824322364       0.36707849508328760     
   7.2511499826685838E-002  0.20224210979715410       0.54855771876272053       0.52744459152140166       0.54768552898754841       0.93826510004301067       0.56209815913122574       0.55546431580636724       0.57372919753926843       0.55166573918425044     
  0.31998900035247002       0.33338043512646864       0.47533440887984207       0.38467963783080567       0.28669031009340123       0.38174651586080505       0.48840961016670753       0.42494193291116511       0.35616610873650761       0.39373190389575990     
   7.7745751921740547E-002  0.21196938716166416       0.56798093209110689       0.53767567112594827       0.55831704797590176       0.94146931832846703       0.57008518704273303       0.57020964153762177       0.58684181983140316       0.56708876870794289     
  0.30838628766095161       0.38329931520286692       0.40747292955502368       0.33801171383480233       0.37318712223388684       0.38489571603014139       0.36126572095402226       0.38847682987558618       0.32506075382335919       0.42888288838641386     
   8.3464890745319320E-002  0.22241364065776525       0.58695722591617006       0.54737986102966152       0.56875218287162965       0.94466436261142572       0.57738458533161041       0.58543018008078951       0.59952744590714235       0.58125423358401929     
  0.36652005784633684       0.37015431805402232       0.42456058379178163       0.30936023403636215       0.39854948677665392       0.41790460487045744       0.40036695485158413       0.47758540394418808       0.33281503925441303       0.40340542080611635     
   8.9596490552966937E-002  0.23418603573711452       0.60596368162333991       0.55737810952633593       0.57811979097907795       0.94767248587811348       0.58426277628354650       0.60072606089279268       0.61224738318160354       0.59500141805051610     
  0.30378590688161666       0.40758451250597788       0.34259995814672189       0.31689842411468411       0.35715745959462292       0.49548491026726960       0.40753391455925159       0.45235338269775488       0.44027963523559166       0.39971449193917385     
   9.5673720015369654E-002  0.24666908072896265       0.62508719774606702       0.56830348686027721       0.58716042916350153       0.95043135637299625       0.59095416672978085       0.61543894482255668       0.62540578162428484       0.60901111645594386     
  0.31734837876821254       0.33117541628025537       0.35123577707724929       0.35195997071919821       0.34356550019545840       0.31573720666845345       0.34050663562936773       0.37742553365612269       0.37563774522537763       0.40246893450574739     
  0.10178482152588025       0.26059717954823203       0.64333120140872713       0.57989951459387523       0.59700633009941695       0.95305797662658398       0.59806640293107438       0.62975655189588486       0.63898230409725421       0.62431186480604639     
  0.33768087092765625       0.42601974637095646       0.32974698095945748       0.34771196878697980       0.36298865780897466       0.38861913924547847       0.38412856477961854       0.37164850067806415       0.30655961964835649       0.37938390782167991     
  0.10787320148204071       0.27585349840374918       0.66024890653222190       0.59119901071006042       0.60662362187735164       0.95545522119538973       0.60577615376398775       0.64372714045320156       0.65186982638124480       0.63943236762130495     
  0.33567966567735857       0.36942703214294115       0.44509672635711456       0.34112044162451333       0.34053950171022890       0.39522101269776844       0.36120009091434624       0.40213432026558582       0.29173087414089538       0.48908848501614272     
  0.11459939583952078       0.29050949272797033       0.67648378886827887       0.60243269338381733       0.61601395895765321       0.95774083811128918       0.61414205634581254       0.65792564011371757       0.66395543525001055       0.65230738685889245     
  0.40563330111960538       0.36981157115007152       0.37983690251382168       0.37308424939895096       0.35484374657667334       0.33070685759099228       0.34108000312631420       0.44363825158439452       0.32512810224604671       0.33309033697357382     
  0.12259358760968476       0.30499365143798907       0.69186910167899651       0.61315329243002847       0.62589250152099396       0.96024024863588986       0.62278773758510741       0.67161907933379250       0.67626944741948802       0.66462689074891868     
  0.35503743588294456       0.38152850291965890       0.33359207274052632       0.30139855734210547       0.34134486557077831       0.43448652814217220       0.39225198120020843       0.40455165738517468       0.39676447928587916       0.29695800584131288     
  0.13221825944960025       0.32056345155912563       0.70557828726969762       0.62463850622680772       0.63726246765721872       0.96272532638994446       0.63133081360925403       0.68531083473042853       0.68943085754951505       0.67695774305877443     
  0.32105889245013425       0.34233897502191357       0.38428140623135831       0.33660495285345399       0.38304594348316751       0.31858425774107463       0.34872928687237864       0.32189018743247733       0.34749392291837899       0.33328997647478525     
  0.14122480617479505       0.33690620975838570       0.72059466920779591       0.63630334114504017       0.64846368900899198       0.96511055744530960       0.63889132148548833       0.69791260660468857       0.70360210269914880       0.68858169863616059     
  0.39441090356856739       0.30405269039462346       0.38214085485714638       0.34722322739744477       0.41744126893239331       0.38422892085295735       0.51841454573151302       0.33838460097811029       0.35023563482778319       0.30063442798493933     
  0.15082102402135000       0.35545951578285889       0.73578208966351921       0.64682202440038483       0.65879486935052811       0.96743679516727332       0.64639010506073091       0.71368849358440656       0.71763208532851297       0.70029967366028356     
  0.33260338717868504       0.36260769587759939       0.45922915236284800       0.34960577868251208       0.31068390910556248       0.34809740175967913       0.35217846762538457       0.44489687534358008       0.31597667856462458       0.35111952461638946     
  0.16273488651168566       0.37667774954633920       0.74968585773738328       0.65682853515576978       0.67009999087467653       0.96966902221700157       0.65392553832613021       0.72981667106475234       0.73155376968482821       0.71235583343954134     
  0.32016706868592809       0.31382761390388264       0.32645593688353391       0.29987418997542986       0.35525889860564852       0.40454916135487362       0.34110838621477857       0.43025729949155977       0.30274135586815676       0.32879012416884151     
  0.17620325884955818       0.39978942511295745       0.76379305936985020       0.66588577218105061       0.67907205679094140       0.97186124989818690       0.66220607963211098       0.74605926246739418       0.74501036252162189       0.72491631552190561     
  0.38244137973301662       0.43617904756650860       0.32946801945563309       0.36704644621197668       0.34805423154083176       0.36402686615338176       0.39655004211573974       0.36295253754920609       0.33045428321794834       0.34425089109240781     
  0.19048297726310839       0.42404016695136931       0.77807748329647108       0.67702415801868665       0.69024987357779632       0.97404000569503757       0.67126168712605638       0.76233086242710446       0.75870282765160812       0.73954477223600235     
  0.39870061761245135       0.37552331558971919       0.44970393280947191       0.36976786529901884       0.36699374598297901       0.39967117409476577       0.38384321902588858       0.39036863991242032       0.39277329516855924       0.37011020563976571     
  0.20506766494571810       0.44809140277851517       0.78962393150628807       0.69041741444095794       0.70171170965660135       0.97609796825720130       0.68045165459715828       0.77969302752270730       0.77288400864552043       0.75354319325932551     
  0.33964833505960801       0.45840719673180591       0.33833119225693109       0.34964752962946438       0.36945150719859537       0.34121792670761814       0.48524762576057012       0.35527030217804417       0.34794506000462710       0.34424589587712140     
  0.22009332483989191       0.47208453465917327       0.80029085851787396       0.70316431333683693       0.71423381331302505       0.97802188142201363       0.68981873061977772       0.79759813025480797       0.78616118908594323       0.76486850050537025     
  0.38319289998989103       0.38014461627288854       0.38518321675208200       0.38236036148668168       0.29212318959335926       0.39900031288413829       0.36895446205168325       0.40717541040063066       0.39790247862663181       0.32032949848264769     
  0.23692829229823884       0.50053859663400624       0.80967203040701208       0.71600739878370989       0.72933165577070080       0.97992042665643697       0.69992662934897820       0.81308262563002887       0.79919632484014613       0.77785957557966934     
  0.41151003777792949       0.40102460520826372       0.32734422875255886       0.45539447439560643       0.41264229870668312       0.40707877360011968       0.38163583682449231       0.37567869889388406       0.35018702925968120       0.42923232119590782     
  0.25436032864443248       0.53251708090309025       0.82302387838096625       0.73050285957792072       0.74530579187921719       0.98193142295472124       0.71027984519827836       0.82801860899565283       0.81331409808689303       0.79122564143525198     
  0.38103640281543655       0.43668340402310174       0.35780104182225808       0.43818464671572527       0.41437439165097439       0.53199026861788123       0.44308279276616569       0.36314524195282233       0.36807030835611215       0.34918489070013325     
  0.27878691824893864       0.56482625383175833       0.83719759711596520       0.74515057209402868       0.76204515964739961       0.98405090572011333       0.72069581085307488       0.84427081489637013       0.82874746522907594       0.80561951722403879     
  0.42497196470231796       0.38847105066580567       0.33622864241878531       0.44442467836826455       0.44186351889348385       0.51494112251766222       0.39892255968880774       0.37062689340335675       0.36964038859232257       0.32196285507475469     
  0.30416609871894645       0.59804017202439241       0.85125551184591963       0.75988831227510278       0.77888526891811127       0.98591697818929203       0.73113004765205369       0.86020257217764673       0.84472814893894932       0.82223488646166820     
  0.37608347103309003       0.30352945429087308       0.33253756690816072       0.42913078107311220       0.40488049459026709       0.44252064006399522       0.40303326373970683       0.41920280014013656       0.41533748277025412       0.34724382142033672     
  0.33317372810075807       0.63286037961457908       0.86469116716416150       0.77434918526383334       0.79488220589907033       0.98767148412944228       0.74169507976641380       0.87449175379695376       0.86112405967619465       0.84064592504354652     
  0.36656634875574229       0.34291486888886885       0.34479777334077599       0.38029418055962005       0.41312751318809415       0.41897459578213980       0.33065327902782699       0.33534203924885742       0.38504985903833533       0.48047264298558601     
  0.36263762992029791       0.66639397203485806       0.87702962079963420       0.78874136340317347       0.81316872858036204       0.98921823355294325       0.75285107356307102       0.88900141942747868       0.87715308640169887       0.85928941551315885     
  0.39105280092442635       0.32154211286785161       0.36685797769499395       0.50166189401910721       0.38621023582256420       0.42289879726568863       0.41825108311092507       0.31757871897566042       0.44250596621002863       0.40511635543491209     
  0.39793098742499505       0.70499588193464990       0.89140184894745744       0.80334203487809863       0.83360622007979501       0.99052213838504188       0.76486979873894667       0.90160448197130316       0.89310015091087669       0.87808689612466484     
  0.35604038673674360       0.35809776812753169       0.36492302754387990       0.39678521574806347       0.40108157643011422       0.36328304551790147       0.43915542901774146       0.36535241385845452       0.31232849097258525       0.33299217553449423     
  0.44014561061975038       0.74606429847304434       0.90755375072530964       0.81802211848497730       0.85598654013806375       0.99162544547793285       0.77882160117162880       0.91307046116883250       0.90927212955972725       0.89650159823864062     
  0.42293771330803626       0.34499920593657590       0.37566770584482184       0.43440463443437044       0.39659648403878434       0.40564128070001226       0.41602308853912623       0.32439425491715429       0.45882492350123322       0.43124903686912386     
  0.49388568124142967       0.79138162570698134       0.92463131636488105       0.83210080481033555       0.88040756830563760       0.99270930572058258       0.79263434221905404       0.92567134117422933       0.92582547448933383       0.91462058972724469     
  0.35202580094508906       0.38404892741201679       0.38628362344147760       0.42044304665596743       0.33589292230754975       0.39669639645899635       0.39347098453674778       0.33909472802904961       0.32804676927147181       0.38733464379464866     
  0.54817028819129399       0.83638627900324369       0.94123424778706100       0.84715386540257609       0.90321376661867414       0.99385547916437411       0.81150049764951915       0.93810069352773107       0.94228673617692860       0.93314731527633810     
  0.40998091105124618       0.36055931073373093       0.36232670261291633       0.44644035341273042       0.45382434908415059       0.34899536451065938       0.42008547572362781       0.39054895775770943       0.37350529100826962       0.40607640132474826     
  0.61649225038800359       0.87601412536007306       0.95611259925320025       0.86501658293035366       0.92561761957251698       0.99510075891118410       0.83301653020889965       0.95413608911553860       0.95823643680329440       0.95020067035726707     
  0.32301834540662511       0.32321855653177078       0.37278042076182077       0.47485586953991382       0.39824691375964238       0.45541348735015913       0.48631293914355905       0.44660703671792873       0.33954359889751562       0.31936857856500789     
  0.70623667761202158       0.91158823063030892       0.97116349237767330       0.88571999755742836       0.94889014497944513       0.99639606885688270       0.85860691989379545       0.96950943598934924       0.97355442125896974       0.96808791757249546     
  0.36472673653668414       0.30152098489710988       0.32960892945170644       0.54480144600310088       0.48178507835108209       0.34744988228873347       0.35039297947629439       0.32701740385199968       0.35410852734154930       0.41203824723085658     
  0.83769576223373776       0.95129626995824867       0.98499889291152931       0.93037356845422858       0.97362623071102794       0.99805442804613809       0.90484321489116315       0.98494328608246695       0.98694287217294852       0.98327534541728911     
  0.47870675474784463       0.32290129361276559       0.40533603078967145       0.58743557740990004       0.37541255640326698       0.47372668407469226       0.43634400114352689       0.39171240124856277       0.41443331935077676       0.47158611017765639     
   1.0000000000000000        1.0000000000000000        1.0000000000000000        1.0000000000000000        1.0000000000000000        1.0000000000000000        1.0000000000000000        1.0000000000000000        1.0000000000000000        1.0000000000000000     
  0.31385193798593269       0.35561333854652710       0.39710283372251132       0.30150376769035003       0.35879990904187425       0.38466588753379938       0.33238615693714663       0.39118369445079637       0.49942251711293362       0.39789129995914918     
  -12.725577612535293       -23.689510716042218       -13.706890932372588       -19.886340456321651       -10.937495684374007       -14.275745647924124       -5.8655794120678184       -9.5464174249171450       -9.4109727313453071       -7.2542426984540151     
  -12.312074942279290       -12.609879084494168       -13.721159779064084       -9.6685989967406574       -8.5688962464325211       -7.4087234859703246       -13.909686783792479       -11.862195123026348       -14.598630694916553       -10.204956916856213     
  -7.8555600765432185       -9.2775301378542885       -9.4520453279011427       -12.800594465148317       -10.096798749562309       -8.9170992964578311       -8.7287105538730039       -10.524535436872863       -8.1942803588099444       -9.4800334576317500     
  -9.6768622421315857       -8.1963048015581865       -6.3317058931956369       -6.7127761724926618       -9.6443994004373259       -8.7513937352702165       -13.011235948276051       -10.170179889079559       -9.8952067289214796       -13.148063007688306     
  -10.416687672110291       -5.8849047189623471       -13.782516058330975       -9.7891384812874058       -11.694282818582211       -6.3996904901308955       -11.500077216425455       -9.2524309915175476       -14.038344984693472       -14.634233008978995     
  -6.3295633289593090       -4.2253352900603609       -10.867028287488880       -10.387536832641254       -8.8425382160453054       -6.8519699633174724       -13.884006985885176       -10.531347586577617       -9.9747159316113887       -9.8629419380759895     
  -10.897464866903356       -1.0093664303380361       -8.6336437479556949       -12.137836518910191       -17.584305951286407       -8.4564258861866293       -11.312067033229825       -16.439350159638259       -11.210865139228314       -9.1232378034853809     
  -7.9361081400899769        7.8632212968799893       -11.417911993487509       -11.562433405204212       -12.960207192004642       -13.285671173639953       -6.3959969785402890       -10.586511008948678       -11.950651881128069       -8.9259035169247909     
   3.7602744290292507E-006
           1           1           1           1           1           1           1           1           1           1
   3.0987057502249558E-006   1.6583980442949652E-006   2.1287389900443605E-008  -12.376025330859852        7.4545171649899444E-008   1.4648956987716466E-010
   5.0979279552020122E-008   4.1381598004577443E-008   8.8502271330827390E-009  0.50420905033042041        8.8453759816364480E-009   1.8100385555214927E-011
   5.0000000000000001E-003  -10.550868946819854     
