   0.0000000000000000        0.0000000000000000        0.0000000000000000        0.0000000000000000        0.0000000000000000        0.0000000000000000        0.0000000000000000        0.0000000000000000        0.0000000000000000        0.0000000000000000     
   2.6326916565523741E-002   2.7675125797956409E-003   1.3425770328619815E-002   1.6295266610874860E-002   1.8751506837549552E-002  0.12435654835759559       0.12646284249259862        8.2522082762039678E-002   3.5383345469065554E-002   1.2673929805562598E-002
  0.46747754842627764        3.2536075641171736       0.60146011734526161       0.62989623166795006       0.53480052619309448       0.34440780574869340       0.34342828445547907       0.57632957184389566       0.94519979723442926        4.7399991748203831     
   4.9178785877518047E-002   5.5335039446620573E-003   2.6864397142276918E-002   3.2912701977672161E-002   3.6963113957046018E-002  0.23710460116123783       0.20634224407857982       0.15030886265749249        6.9460884032560288E-002   2.5149987309987739E-002
  0.49912379940992713        4.2134079030570666       0.78951978444862791       0.57384997324727871       0.66961857960941318        4.0298217293173577       0.60982416902482206       0.79340100428963356       0.99770550030077709       0.96004914349850967     
   6.8054589082367001E-002   8.2217023139719812E-003   3.8888576151197174E-002   4.7207503783266422E-002   5.3821203236707083E-002  0.26589059717526242       0.24082342923202693       0.19609595020397294        9.8205416557619551E-002   3.7440711590088382E-002
  0.64396541270857455        3.0500579774140242       0.81710009360584313       0.56132964441589006       0.80687578394954507        1.0179785150095790       0.67155722403326557       0.68817792458636906       0.86309106377811606       0.63583644428886388     
   8.5014964420468908E-002   1.0804944114528680E-002   5.1227751930741076E-002   6.2535482684356908E-002   6.9972867164205879E-002  0.29499067645146476       0.26581345152400293       0.23056689699812249       0.12878455319635743        4.9926498637431711E-002
  0.58221283082575226        2.8169540903747481       0.89857234579028966       0.60375550780806275       0.51265528874275201        1.0082469696835392       0.68795846864311105       0.56197504158548439        1.4370188393772219       0.63077381713847580     
   9.9642667401867571E-002   1.3600538580198321E-002   6.1453838888758869E-002   8.0708476293032239E-002   8.6308637357178836E-002  0.31473684360485826       0.28376600457004397       0.25864130619915271       0.15096164658351008        6.3034733063319526E-002
  0.48036573019249523        2.4987152728599318       0.57496401797347618        1.0473020046443966       0.78579239114409849       0.98269966959668176       0.51721436267250964       0.50054036790452627       0.92694453936775401       0.53629839705670224     
  0.11375261894989531        1.6664858948841930E-002   7.1278992297952218E-002   9.8527507515684468E-002  0.10335281089673790       0.33232500989473535       0.30001924976145039       0.28006927861507230       0.17224438824453589        7.6321364305148451E-002
  0.52091581874315895        2.0071477518554519       0.62247824906051763       0.59692489302846508       0.88449492036216504       0.93280943836447017       0.54392266146514534       0.49265982938895725       0.83688765247964358       0.71306623152969484     
  0.12718855165015192        1.9659143363717969E-002   8.1087288558271006E-002  0.11634064711765552       0.12011596958090243       0.34853656722960941       0.31534778951228226       0.30068608549362746       0.19193090166741489        8.9846212432960523E-002
  0.58462506062601161        1.5042118169245762       0.66304368061048857       0.76597776576799070       0.57725890566204463       0.81249475455022790       0.58523811918230084       0.56029491594866598       0.81110644100872087       0.59107499858658863     
  0.14077585939801274        2.2978913507395584E-002   9.1308051419917644E-002  0.13364372658084772       0.13610880546589751       0.36413703028126515       0.32739026179595038       0.31774901398468719       0.21140131993628647       0.10440185144991637     
  0.68723319931074689        1.0790773549971455       0.64732646802518001       0.58291806399678958       0.73993091524374788       0.81223622796496786       0.61099934009746915       0.42043931668174683       0.80165564960337310       0.61918216873489840     
  0.15502282306684109        2.6442416797234147E-002  0.10133495307078058       0.15015926449219169       0.15249014583341830       0.37707586493852341       0.33889215235537901       0.33467425672282319       0.23055580557982261       0.12216174936789924     
  0.61571661298348179       0.91204204040608960       0.53621346770765199       0.75427751778412755       0.81483721695181355       0.66433491443243597       0.50488895899547959       0.49325184128467958       0.90332241153211712       0.58392505067074763     
  0.17063346819814884        3.0381367499073126E-002  0.11144596497916874       0.16649943813707924       0.16919740788337037       0.38959226154270871       0.34943782450636651       0.35020728904238396       0.25068266938131906       0.14046223134268354     
  0.68874106669395796        1.2815464131879508       0.79230761452008092       0.55641226088816675       0.70629692565614877       0.68889635574936792       0.78955989082589872       0.47546843081123208       0.88508972956641641       0.65802658950037141     
  0.18746158161373996        3.4952085286570213E-002  0.12067811032918417       0.18138430075761103       0.18559938713525301       0.40170369559344521       0.35971445681939573       0.36587988382391157       0.27015265486944184       0.15669761030453841     
  0.61639818474172237        1.2157558681988379       0.65829066763646349       0.52593276614479656       0.64428409630050620       0.80022501652800715       0.62729189710291389       0.51690061289900602       0.81751356556310983       0.58778599063662773     
  0.20491513698434144        4.0239506102407813E-002  0.12951091608454610       0.19677340794805839       0.20181550098613374       0.41333906119377001       0.37008086111499178       0.38210862054172401       0.28749691943100769       0.17234171541223256     
  0.56136988899577045       0.80639963089097388       0.65384402640333783       0.89473860819437423       0.76558383499159233       0.61783991085818091       0.56136627291796815       0.59140112128709421       0.88503061406976857       0.52475996034544325     
  0.22286985580255853        4.6697841087781806E-002  0.13810412428255117       0.21352084716167968       0.21774895425700949       0.42552001219500402       0.38050986155782340       0.39818802875196690       0.30464883111242669       0.18799194818275419     
  0.63768495551163173       0.89155006555598726       0.75766493485500297       0.78975241537763785       0.83967040371289969       0.81474048704318791       0.60091349500440250       0.53344298270833623       0.89821647881808886       0.58984993926917695     
  0.24034100757231303        5.3366714590964329E-002  0.14665667295517382       0.23028241352083068       0.23364445521438823       0.43766414619830996       0.39128473676574838       0.41390176253769917       0.32139606294624568       0.20419355388838809     
  0.56759099518584089       0.81693198168427972       0.76736556108568177       0.60846249994932511       0.60239371996414715       0.73134757129592598       0.56489227364628980       0.46095144822102740       0.65011206373403352       0.66363375382438949     
  0.25780559691666705        6.0452821808058645E-002  0.15569465493440307       0.24582274343061836       0.25081534651419746       0.44973394344699225       0.40191424262498687       0.42945218690926773       0.33680794866592340       0.22197378250659622     
  0.58273530620017389       0.77576491440588158       0.46032682333643593       0.66703750415545171       0.66856076423988819       0.71351777774752378       0.56009728077472642       0.53192365224842986       0.70054062761131775       0.65488103826725863     
  0.27521500923979464        6.7534832433594483E-002  0.16521614069425927       0.26141907973310574       0.26853807681272918       0.46183632609158870       0.41207000816547695       0.44454677807436399       0.35156511859160677       0.23989439593420586     
  0.58486722801710567       0.70823261530573667       0.56732039202033135       0.60210716558586974       0.65917747273346783       0.59527234035401699       0.66006542242637378       0.48554591187914992       0.82392774142240399       0.70545633333634883     
  0.29265811260684194        7.5272409101168711E-002  0.17501013461414813       0.27678401364111138       0.28572260056508497       0.47294872531155707       0.42188340140527397       0.45937273954292140       0.36608892290544659       0.25861225985194153     
  0.81968764490211554       0.88953950779247315       0.75264566859986848       0.65218290310664373       0.75157247087358114       0.62090287105478992       0.53291913257657064       0.51784533371932950       0.60316136115589836       0.56283507647527509     
  0.30991868595176530        8.3199400963202649E-002  0.18477868060510200       0.29306157481938938       0.30227586419604185       0.48384371496976497       0.43125859841138015       0.47377459286344081       0.38113494078960841       0.27706565782858128     
  0.58484772503877447       0.69226756713890769       0.67342830480869287       0.50148394599478474       0.54861872496858111       0.63260445023428313       0.59616966045918007       0.57152098726350387       0.71979757106741915       0.71471999046316315     
  0.32612710871341488        9.1756912618149139E-002  0.19422385069305453       0.30724556336317443       0.31887599979586556       0.49381379443901036       0.44030938822702487       0.48772207102116710       0.39691548986613068       0.29428316690870865     
  0.53734786259697265       0.53300092311979819       0.76398059681866570       0.81662873970742966       0.73352381560157875       0.62215876501160672       0.70858207047594557       0.51981782408301958       0.71260389486941145       0.57775169929658299     
  0.34221601984674410       0.10081856764061457       0.20259480500350646       0.32207396332528393       0.33515597273947323       0.50313717380889300       0.44946366220400175       0.50096574283220108       0.41236456169029817       0.31092292405145450     
  0.59172675937221964       0.58766946308029311       0.68999333118821793       0.61655223070829479       0.77268398571038466       0.54099077779025928       0.65024366347916496       0.47646651830475034       0.75380325526581371       0.65425628521006762     
  0.35780566015693727       0.11119462435086115       0.21101435913424080       0.33761615670326278       0.35225301571400525       0.51357453113974771       0.45872196165588203       0.51446698634496224       0.42675156116539281       0.32731982928876219     
  0.57468221119246676       0.63476248407893665       0.61203633060876605       0.61883608225122311       0.60616068166114789       0.56380575256226395       0.62710988950431412       0.58426860800365543       0.51234091721136810       0.64727550623489882     
  0.37442057580240651       0.12190448585420877       0.21963142028859994       0.35299404340185836       0.36863566001209286       0.52424100584686006       0.46806648628527436       0.52834538872803671       0.44256595650604852       0.34373858641910898     
  0.63824510498147458       0.49454721968005594       0.62921834708270930       0.61474193752940409       0.65304577429071264       0.60552985669963977       0.59796542684199150       0.70408296614960852       0.66235300869539282       0.53466951510071647     
  0.39062456331802764       0.13279691135023711       0.22849490895877841       0.36860621028891000       0.38458545474157202       0.53535139904015683       0.47756188405698302       0.54223388559549890       0.45920612823455975       0.36007751970384427     
  0.64995709987381456       0.54087930122949546       0.77426532577270357       0.58796097387186197       0.78045165169704511       0.70739833935009133       0.64866968160859817       0.76348456453256341       0.65574974831215305       0.64703581884678840     
  0.40665414331055855       0.14523655157368581       0.23680906531387888       0.38412463363079408       0.40025897515154174       0.54653308495846575       0.48634330146282539       0.55386433123936607       0.47601765728437229       0.37717503685784703     
  0.73151164286724435       0.56969951081472725       0.65325069869639951       0.85703082610795256       0.58870423658088789       0.53805245915361022       0.71732855491824754       0.46479789306525532       0.75879187386983238       0.68578109334951165     
  0.42194662735676502       0.15938826512553633       0.24554941397026606       0.39914464226959195       0.41649911492676223       0.55836217532060006       0.49459192532480850       0.56527654710987951       0.49000338153038475       0.39371838149804467     
  0.54039811409560867       0.53803620899397864       0.63285571360290749       0.55226045355612019       0.56061609109366628       0.63474988718518677       0.55784527288546448       0.57254178504116660       0.70286140139816022       0.51167943713508601     
  0.43759662652218989       0.17376901857281651       0.25485734507451158       0.41464262999404228       0.43271271324000493       0.57000672178397094       0.50251222041887356       0.57662568193539776       0.50411595767253548       0.41033444625229865     
  0.64326348846103021       0.48153015115349995       0.70196488693292991       0.70560146204280805       0.70758202003607540       0.68237061302538971       0.53079617671823964       0.47722423710270889       0.76524479287758940       0.66272601505062601     
  0.45443288599384468       0.18838043210050312       0.26365697461644833       0.42956658606577647       0.44912859732700894       0.58075809282175617       0.50995789389629365       0.58907359965564354       0.51922751067509532       0.42775861162565115     
  0.55228621977828529       0.43725734872021083       0.51652769822279332       0.60383464639647288       0.66626198793389102       0.60414860542881033       0.54797198352113052       0.68652852781885554       0.79180491501692118       0.65078780002041769     
  0.47125285853334792       0.20330604355622525       0.27221723008213466       0.44512295558698245       0.46525821918598753       0.59143061523093343       0.51701605841794140       0.60111445423198739       0.53539856004805886       0.44524591923606627     
  0.69417670119562624       0.46379490631946313       0.46079010244824647       0.63659190607351912       0.65938558633841859       0.49994295157510577       0.60026942052728871       0.50726071263967532       0.77946553153288167       0.47737372742229828     
  0.48803753061919880       0.21863612472278626       0.28092823486585172       0.46285166183978932       0.48085567104773985       0.60214335333511970       0.52381867092969514       0.61288603113040241       0.55131013564671527       0.46346119238974348     
  0.64610161047734438       0.56082678867749880       0.60174707013914741       0.72234009258976140       0.61436725235864287       0.63207994771659282       0.48161746119434756       0.56636970546489185       0.76507286042604938       0.52101590940486986     
  0.50352977329785431       0.23393994983568692       0.28953453211792080       0.48092453555686715       0.49613351608836004       0.61312172104517548       0.53078369650097013       0.62468927377618066       0.56662225151986789       0.48099745416080181     
  0.57318864815870751       0.59338867154707731       0.47388139361309772       0.67580571547847468       0.53277500952245826       0.67904881497087966       0.64162844574382749       0.79475110211748046       0.55773664233044973       0.53766411342373099     
  0.51752267620934633       0.24932204288389376       0.29761574883722497       0.49767376678477038       0.51105281273665415       0.62395831313676675       0.53794828785490045       0.63634441361740413       0.58148573780452895       0.49773002735077593     
  0.52700522592261911       0.46436453920787513       0.64209612423964624       0.70421666955491369       0.64948167673568491       0.67342487713925825       0.66380600428774394       0.69142138519357088       0.50472310006709353       0.60816584101546756     
  0.53156918805621878       0.26532264187261811       0.30608010063496111       0.51387850155021564       0.52574950342543525       0.63399283666571471       0.54500745544293805       0.64934575806854267       0.59639519611684999       0.51447239344863849     
  0.58939241718282098       0.44411642651549527       0.64237873093106357       0.67100228165726195       0.69119462090948314       0.60616933403916695       0.58581102709560828       0.90470672786639728       0.67276676742899366       0.72697313038213762     
  0.54551119282545990       0.28194453936376340       0.31449645228059869       0.52789903737083443       0.53941314560893605       0.64365946563340803       0.55191073933724444       0.66223972808014375       0.61021826895872966       0.53078871272306183     
  0.53003915285458580       0.43932360180455854       0.62467521538042070       0.59813392148346456       0.48844795240852779       0.57066996934502179       0.60296608410258767       0.76895361077875479       0.68810220854782278       0.60897352447960995     
  0.56122418613299863       0.30016910531479252       0.32335508607531582       0.54194605592433309       0.55255890966055488       0.65267826318121158       0.55900632265158756       0.67440531056469089       0.62399527463150695       0.54660358278063215     
  0.68781574307528459       0.56988286499103002       0.65306525296284590       0.74656501725349289       0.49679329579503129       0.63499846880450139       0.74535387877439763       0.70798337225918151       0.67168554774682465       0.44583008715136202     
  0.57732485829580193       0.31899542451122009       0.33212368019692218       0.55547988871308984       0.56520078491724313       0.66182263880574965       0.56658053779157436       0.68647409045169017       0.63689074437141613       0.56142766015080003     
  0.71589860642899317       0.55580355147827287       0.59043782930722066       0.60216979360900080       0.53671030702786537       0.64446522441541920       0.58781708136397159       0.87699552877481413       0.51207030542635246       0.59399242700839949     
  0.59425459137474157       0.33861836358640890       0.34177784281725526       0.56976528329469411       0.57759310537173281       0.67101451266501810       0.57444162155900946       0.69912832869556329       0.64983786470537097       0.57664523317370386     
  0.53966825727643886       0.46330904169706433       0.61139609224300773       0.70342758334291733       0.45173536902509470       0.45631259984856126       0.73138403702108223       0.80425613561045906       0.67882677316530660       0.53372498659313372     
  0.61205470398004591       0.35823730936879405       0.35117632690637057       0.58485376330656746       0.59127048694448969       0.68052936110690709       0.58218907082215732       0.71136496351648393       0.66178780854949748       0.59206443974368794     
  0.72107058890097708       0.55224766848048978       0.79378527529358756       0.65846371999858200       0.75576200127526372       0.71239216461342647       0.65189914204622412       0.77938609945236825       0.61327273927805659       0.56248933264635903     
  0.62858418367329905       0.37751157299712124       0.36178592241868468       0.59975127827762853       0.60660079952621981       0.69017740336368927       0.59006960413985265       0.72383001414851600       0.67364021389857232       0.60864411011068653     
  0.79919763606466376       0.48332781340331715       0.64336772851345148       0.60991574996810194       0.58751804786578177       0.81641396515904607       0.71901411306003027       0.80885716772205130       0.66489494983257824       0.63589512991131736     
  0.64469450733576417       0.39640112240300340       0.37286492393348214       0.61504296910782874       0.62246664310175259       0.70000448183930408       0.59812426123628493       0.73744696235109619       0.68601847229979962       0.62483982141604388     
  0.78171433103323784       0.50437576093967507       0.51336128998516617       0.62619054364209514       0.79011546049070425       0.70220530294719963       0.62931276297913297       0.71427617618654282       0.54766507631888772       0.59994121560528890     
  0.66058331848117702       0.41711567425268420       0.38481621469943011       0.63118666692405423       0.63858063068605719       0.70984006885172890       0.60635707392473726       0.75102075407797153       0.69927538274811452       0.64028409239429729     
  0.67765579989107716       0.57820940653663766       0.77593945766388983       0.57177885924762917       0.88780543029082437       0.48370801984764789       0.73544651881924039        1.0136696208529021       0.59950667578455819       0.66577893385664433     
  0.67716346783477765       0.43808206977679831       0.39691174395576284       0.64841048917339650       0.65431545663719304       0.72011074524075047       0.61479576591015694       0.76187224803468079       0.71301656219116272       0.65578663394038095     
  0.83469754369262328       0.49949757556517949       0.64005472644476902       0.75340483500563027       0.62308368381195156       0.69713685666261371       0.80348306882092657       0.69822849701484802       0.59907387340111329       0.59549537942334130     
  0.69202472421762939       0.45738316332499790       0.40854473456832080       0.66625590609004159       0.66980023770484076       0.73070891169162422       0.62352109006955136       0.77254341041170771       0.72673861032950149       0.67054702886337103     
  0.70209457836707279       0.39454731879907595       0.59079136247848607       0.73944791614723926       0.55786562911555249       0.70963280587406929       0.73753157224054799       0.89996381902695222       0.64566476583153787       0.53452983746997551     
  0.70611195376459779       0.47698427510905789       0.41929941107295648       0.68345815183771097       0.68418852089812832       0.74115520641245158       0.63254346466627454       0.78291156282419105       0.74055910605713549       0.68619814548959523     
  0.68719242186694363       0.49719973838404646       0.60076118936222000       0.74691247523889048       0.56225691554234902       0.73693363574148074       0.77053551628107775       0.58582240149288378       0.48777458526688733       0.56807703777947272     
  0.72142373754502609       0.49712574352533101       0.43010245505103023       0.69979717092817528       0.69838863616416669       0.75150437244950408       0.64075445715309565       0.79298869477218537       0.75469046205900714       0.70231740528511533     
  0.63673823590888723       0.42924086650487664       0.62655452788124633       0.87203533286280055       0.51964739668569626       0.59691321843685341       0.69577802035064418       0.82996571783509732       0.54364242322653289       0.74224169668340967     
  0.73718084952422380       0.51729895583374885       0.44093888321182090       0.71599872741466608       0.71018085719343904       0.76150977550441401       0.64853134301206194       0.80312885368282227       0.76900162132426875       0.71918781756761130     
  0.69614292490560636       0.46777121910655162       0.55593792166500655       0.58411668910789882       0.52865401514169230       0.48132520099738313       0.66076025934282800       0.77779777343185974       0.50682279472132841       0.52546857490502286     
  0.75370726019507361       0.53843789092676608       0.45314477373333123       0.73212995995643215       0.72152454707175395       0.77165914615573317       0.65626848185003783       0.81347036583108512       0.78324117751393685       0.73564973746124929     
  0.83070852224501801       0.41794110196039053       0.52343569510890664       0.55246529454599536       0.46803443580192272       0.60303193198088700       0.54592704807353365       0.53750195994472449       0.51400496571426346       0.51690578325370229     
  0.77057384925932426       0.55952649778657493       0.46541061789033433       0.74897232161485361       0.73574457725790099       0.78156736379221270       0.66430369905225972       0.82403822012173922       0.79714981617199188       0.75285375237253194     
  0.77737294257817724       0.46566804577868987       0.68762381470146439       0.58539317717749362       0.59283914911396662       0.51516800539337870       0.79742625465143702       0.70945155125495785       0.54418245118781217       0.88881788701894704     
  0.78567235255568646       0.58139775542156347       0.47868401864788185       0.76634288602094613       0.75005652524930322       0.79166945333141536       0.67304765374249520       0.83475835882883698       0.81051154705308559       0.76984864824523713     
  0.74611168008239370       0.54763263703303167       0.56207974851474174       0.57798021941362654       0.92146441093606790       0.56542746659942489       0.58539718461533252       0.64306164414769018       0.48581568899077987       0.51932904868218366     
  0.80012381753408834       0.60301098319749491       0.49253858943090517       0.78308050560340292       0.76631860882401903       0.80136730479332952       0.68208746336227255       0.84493634113353655       0.82355260847052369       0.78556048332224959     
  0.74540508973166630       0.40970187080939957       0.76138602187929516       0.82063763699278214       0.75802945588580994       0.54744217499419434       0.53754375716902703       0.60089941385324941       0.50358332873282174       0.71189517848602835     
  0.81493631892449081       0.62495432669188511       0.50837104195478733       0.79899907197542830       0.78335966913980648       0.81131184537286916       0.69109634298551459       0.85452630934421947       0.83651505893185873       0.80150685274687050     
  0.81594041294306208       0.42713946453852664       0.47446756446120469       0.68360766740006618       0.68596332271016436       0.50428388300836335        1.0235457201955500       0.76105834057688693       0.50160428739122487       0.60084895856378517     
  0.82961027350183147       0.64709148272798489       0.52436255765427409       0.81379534424731437       0.79797938862926376       0.82146745238878394       0.70051323384824593       0.86435218235614264       0.84964494460794648       0.81729580188009354     
  0.73787676369820554       0.51419534709170334       0.78768624613954907       0.46279335668705135       0.74608749996756818       0.61267745754053138       0.70983687981667343       0.89692028668288715       0.50587334287885188       0.64086155992232774     
  0.84398519555338969       0.66923046311855805       0.54083192386341306       0.82798306179140357       0.81216497109728181       0.83173849863198379       0.70950090698347856       0.87437209940255067       0.86283719413814175       0.83393574796666037     
  0.81842527380194852       0.50023734201290027       0.79397365298845224       0.59004134967584254       0.60448837380998921       0.57058277898232479       0.64761532123345122       0.68086607804391730       0.58528187413592836       0.50092301836354547     
  0.85810812453121821       0.69140393345972451       0.55890996706306251       0.84258139270831034       0.82655094693137854       0.84350981571383910       0.72023241046376429       0.88439721203333643       0.87511827288815192       0.85056825075062203     
  0.52207129850369838       0.44957401598878444       0.68880339399493307       0.67491284470468771       0.51846226012067487       0.47631807631703293       0.78755302648565828       0.78348206118774744       0.47337178253678797       0.67939153959797582     
  0.87300441336298285       0.71282099548892253       0.57945893195166587       0.85837413819134245       0.84167609182607739       0.85482663122293812       0.73090867768121015       0.89455614652642657       0.88630309900285353       0.86701333529968128     
  0.64294004977406016       0.47387513052192337       0.78487446352309764       0.82166713076501519       0.63643596242069467       0.59663575845909322       0.77312776781570280       0.71314321085964283       0.55127598025833358       0.64867866331272905     
  0.88870181551418170       0.73540263262986283       0.60016960499552752       0.87389500265697062       0.85765869923662441       0.86733782838221929       0.74234511782320545       0.90509492432058636       0.89856070590776449       0.88288940242250935     
  0.67519724987730245       0.50242869559283065       0.75309828511524612       0.67076207297487389       0.72042402138740003       0.65862569682599603       0.77223041515355106       0.66722528181659957       0.52605529150658625       0.46448775586512919     
  0.90369844685602085       0.76067143995274566       0.62102526157045645       0.88664092848891352       0.87357093934606556       0.87952297810290347       0.75388858485894605       0.91594614723717671       0.91130789958181158       0.89894326850012229     
  0.71260822703985272       0.44620469447405986       0.90119277941459885       0.58886174842829886       0.61375216128927557       0.58002347741716487       0.78500936598695648       0.64551702273757017       0.47972017930905497       0.56275575820268220     
  0.91765942787744659       0.78592994468893196       0.64434945626763596       0.89943706917090271       0.88922072522578621       0.89159403822441030       0.76739789735805064       0.92659428714931147       0.92292803376246380       0.91323038668478329     
  0.52294901930436888       0.50190074550216113       0.74833514001797952       0.66360044988311095       0.69561759539809187       0.57586719883711934       0.82376538488838125       0.90545911278345814       0.45127129726454718       0.66494475466926961     
  0.93082340410861930       0.81139366844881733       0.66875749116112659       0.91263574736051134       0.90466690098842828       0.90401825038365158       0.78143336367563121       0.93743345782170429       0.93409038724100357       0.92691471063210873     
  0.73791507671771217       0.45364533575017107       0.59270281568048799       0.83101607167015457       0.63827852742246860       0.57928437431728941       0.66600917400835857       0.87806239924187135       0.48543736861015080       0.59178402839800415     
  0.94366111391304053       0.83698508005853556       0.69572077270051069       0.92605114968253821       0.92099955154206792       0.91691953975165530       0.79796490788910701       0.94719494825686035       0.94608326245435836       0.94026639180233751     
  0.71105374773707186       0.42778512958392811       0.67383252342158573       0.58849342271718685       0.74012466956717127       0.60735700756088329       0.96901851700941521       0.72072032764793659       0.50999107568460911       0.59869401183601878     
  0.95617334632020390       0.86280882436535777       0.72519594988294434       0.93943109938042590       0.93720748898843298       0.92989178148333762       0.81360760770299356       0.95657984589759015       0.95848685866755667       0.95310248852127832     
  0.92770028045114061       0.45570206893193838       0.53104558246061728       0.52447380030085022       0.79227490098738140       0.61484473065781942       0.65189216994856591       0.97705909461692053       0.50826987786724176       0.43383016119607931     
  0.96748524731609409       0.89070941120948066       0.76531343078293956       0.95382547268981643       0.95123890585230675       0.94542390782496588       0.83638522223018252       0.96720218447163819       0.96969889496079020       0.96527281181132896     
  0.52320594678731336       0.39466362513952180       0.65643572928221827       0.63283054454513832       0.50320609281186424       0.67180727978048083       0.87729053380647459       0.71401519835846239       0.38332307589361847       0.79566629982144077     
  0.97900440494094365       0.92055844089745420       0.81440126912948907       0.96867497399560221       0.96526057492331030       0.95993079062423159       0.86154987118067317       0.97759366594715758       0.98041545681316100       0.97704520885080370     
  0.70622858505198427       0.44774930779864647       0.75434803992829147       0.64914703971231558       0.60623212508817981       0.61730635306973713       0.84813053621019308       0.69564133700457276       0.49643671131246275       0.75338464507506786     
  0.98970238879392758       0.95821818738138875       0.89629859058280714       0.98414838488585255       0.98240618405879565       0.97994915879724120       0.91815787269817739       0.98884249819101500       0.99028649240315059       0.98828087932935538     
  0.74536119513676158       0.48244288845063604       0.69889522155927952       0.57404200554994533       0.92975084530205099       0.55644509686543320       0.86495888887186068       0.68939823175631954       0.37237949789506553       0.95028004081004469     
   1.0000000000000000        1.0000000000000000        1.0000000000000000        1.0000000000000000        1.0000000000000000        1.0000000000000000        1.0000000000000000        1.0000000000000000        1.0000000000000000        1.0000000000000000     
   1.0284200951531273       0.40520876087849556       0.48824687932748762       0.49737525141162070       0.53307886481340738       0.45264575516038597       0.42871767759238505       0.58152410776723784        1.5640768943808971        3.2282109147062177     
   3.8935986574917685        17.396691116549707      -0.32252880464099470       -2.4421863437895093        5.7865469014845781        0.0000000000000000       -4.5503721581995213       -1.2656503354222199       -1.8038191276207136        4.5965360694939363     
   5.5429008268967364        2.4599098670324575        5.0095730197683332       0.81713674241040746       -1.4913308733153006      -0.55496083891998360        1.7312589430766701        2.6557656031798640        4.0308944797677624       -1.9276955707967633     
  -1.3926395882409794       -2.2765972963713659        1.7237407669473743       -1.5089052739821869       0.29022659891396163      -0.22967400662652346       0.72375528890474350       -2.1560580641581617        2.3041875510470220        1.3186937772222329     
 -0.44079891378572406       -3.6863481599252110       -1.4838767964487241       -4.4147273183706117       -1.2316082957066181      -0.60216224021455400        1.9432049403594058       -1.1303798387398956       -2.8322770988088690       -1.7929573685120528     
  0.60056727301327573       -5.7758372732619012       -2.8724833518757720        1.1932909785339123       0.61829590932703138        3.1962644530776272        3.6792152297862777       -4.7257928225309644E-002   3.8487740736234453       -2.8144510913654419     
  -1.0785911419141705       -8.4326638643465248       -1.6914541684465307        2.7521438195279235      -0.89313353093173253        3.1690063851585273       -2.2498496271890320      -0.93462368871734725       -1.0057832518266592        6.0692699813460784     
  -1.1981716426284847       -11.301427383610863       -7.0983784915338539        6.6924643732442464        6.2079287867057884       -1.9274333214168329       -1.7316095607467936        4.9619813028511812       0.92180833906856330        1.9318072516281752     
   2.0759140836162522       -18.115553504643220       -5.5228362759072134        1.8869418335469295        1.9067130568951203        1.0639749241252656        1.5124059759332744        1.1155372241123969        3.0696291097359176       -1.8150720728263556     
   2.5188746077124224E-004
           1           1           1           1           1           1           1           1           1           1
   2.7542978089908048E-005   2.1349036175305703E-005   5.5419917982200611E-008 -0.54650068161980891        1.1799464573641657E-006   1.3317078681860477E-009
   3.7621128253410636E-007   3.9065923560206933E-007   1.7020954549461554E-008   4.8530102589558616E-002   1.7013951672661809E-008   1.2202043933308837E-011
   5.7406874545887247E-003  0.47964312279723054     
