   0.0000000000000000        0.0000000000000000        0.0000000000000000        0.0000000000000000        0.0000000000000000        0.0000000000000000        0.0000000000000000        0.0000000000000000        0.0000000000000000        0.0000000000000000     
   1.9895078327723758E-002   2.5253624106995137E-002   1.5708151605333606E-002   1.8673370201499364E-002   1.6157819927487889E-002  0.20173906861697599       0.12688177930488340        8.4394180184956549E-002   3.5684652191251540E-002   7.1442648067483322E-003
  0.32163779835463502       0.32671234311132613       0.31759097827038441       0.49521562898635602       0.29661326337039207       0.26115059507403360       0.26115059507403360       0.27693316389698686       0.41321715927517028       0.60219878503324820     
   3.9249522480817672E-002   5.0480172538158667E-002   3.1678684705552906E-002   3.6988550796782586E-002   3.2248223211372960E-002  0.33678490997484251       0.21231013340534055       0.15239578344049531        7.0524710791659465E-002   1.4615212915531355E-002
  0.37484673516514327       0.30774150508669229       0.36977167139547878       0.33810682133876430       0.33044025537704957       0.47072712206989453       0.37697318458635076       0.27694949668932678       0.41013121077156661       0.39557191099050121     
   5.6282708514569083E-002   7.6499450192201959E-002   4.7844065341608170E-002   5.4506653484394131E-002   4.8913397663328237E-002  0.38497096377963136       0.24333588750874932       0.19621781351936990       0.10111401129994139        2.5310569153695096E-002
  0.35715959736893821       0.35948878819599550       0.33925432638882697       0.39148470543898539       0.35760992453453055       0.38511925047997014       0.36520891813831002       0.31461680375428347       0.44483728116020083       0.52794841881943610     
   7.3565568246115237E-002  0.10237646479640911        6.2155975464320216E-002   7.1678002902169607E-002   6.5819266526358777E-002  0.42459041848354667       0.26788329916468978       0.22846802259843196       0.12966835439547009        3.6919209632575098E-002
  0.33228658327721189       0.30274213316326970       0.30098467306170629       0.34847429631405646       0.35412875437171387       0.36239482724519312       0.35437283156562249       0.31876896393802018       0.48165653608546588       0.31368063363673604     
   8.9008562982689082E-002  0.12885541734347067        7.6362373578297546E-002   8.7282940601517991E-002   8.1286691672935424E-002  0.44694838177208290       0.28265867245187221       0.25108656544872004       0.15452741622222244        5.1190554595400534E-002
  0.29179051472855838       0.35360300000514405       0.26841388409462585       0.34869756465655927       0.32816779224858211       0.33703011507368952       0.28314192594857929       0.31262571229336511       0.39111063718769001       0.36983657093137284     
  0.10448791386292497       0.15422463868018826        9.0340911682874225E-002  0.10278033021501438        9.6610813274614293E-002  0.46914781604087841       0.29688479096087622       0.27067181206702207       0.17864826416712409        6.6106410575175953E-002
  0.30748926108009478       0.35656925303242298       0.30888129747409887       0.31868357986424756       0.34717913408689016       0.34911073234767054       0.34751602817394506       0.33661876973457727       0.34863027247846534       0.35937723658087950     
  0.12091336280192848       0.17680543390185155       0.10543251981464172       0.11846305438339927       0.11219347218544481       0.48967007416402930       0.30872898055488879       0.28811593391537021       0.20078208962892086        8.1646257057080493E-002
  0.32185676205264369       0.34762973220173993       0.37618770429638815       0.31873493775918627       0.30399897804964482       0.45436966933372791       0.28081464120348648       0.36924785142401340       0.38070244294332051       0.31724838965805857     
  0.13717494329917404       0.19635717081845305       0.12119861017243677       0.13432239493926879       0.12787587235049849       0.50861045529332582       0.32180656394953144       0.30418476868277905       0.22194135389923506        9.7424485005192671E-002
  0.31424663873482073       0.33631440456627415       0.34011724799921644       0.36076942750833652       0.30993800617087536       0.41978247812870351       0.27716238829269685       0.32190925704787238       0.31516273304000936       0.32166339141503242     
  0.15170914830810731       0.21359527527178929       0.13694728515035820       0.15065877055639468       0.14430947860814167       0.52640611218471556       0.33496691622747504       0.31884010164866888       0.24143844464082140       0.11461708495118492     
  0.32739215874391903       0.30485386671535375       0.33006808009113936       0.35288154648164582       0.28565352334438054       0.37255936310203353       0.31081528763728988       0.33329825738015856       0.32676340052360031       0.34758844446200371     
  0.16695065783011831       0.23103546304470421       0.15261300512536521       0.16724847243181154       0.16110329872017737       0.54271467651611283       0.34777930217674458       0.33355073959142439       0.26098718720662117       0.13177751276871691     
  0.33595142535974154       0.30263017458848479       0.32048470359026809       0.31353063272436255       0.29508971291503461       0.35406287320591889       0.30340426757643774       0.30102714657115426       0.30668457668498789       0.32151101934626852     
  0.18246414274346207       0.24914585588565791       0.16838332494658503       0.18344881551391901       0.17474851763402319       0.55756028507722366       0.35980951995825100       0.34806332196362139       0.28050162086404590       0.14958703438556634     
  0.34703595627361949       0.26521466758651008       0.34639785656895578       0.31133949914584852       0.31820551337381942       0.41622011132344644       0.30445810797481565       0.31255838779130918       0.35734679474646036       0.31604984744513842     
  0.19840444705304516       0.26559909922232344       0.18431052761255920       0.19950458988728481       0.18702952865593120       0.57169494806073284       0.37141174815880251       0.36251830116250761       0.30005074785178920       0.16737423996240092     
  0.33561321986497977       0.32397484285798950       0.30060020347712979       0.31477896369304587       0.28681773204043731       0.34986718764464042       0.29530689528556664       0.35572426639197957       0.30558299062293126       0.29141157541474894     
  0.21303027300790775       0.28210586428639078       0.19928306048656963       0.21566550415854985       0.20110240872451360       0.58500800472930159       0.38252873735710857       0.37703283614165273       0.31907235962104397       0.18523431994770131     
  0.32941995969333204       0.31405991774083197       0.32607222066351516       0.30670950534263292       0.31718775731629484       0.30984204948033911       0.35130153722357610       0.32456487097070391       0.32006890361154605       0.28898056145006024     
  0.22767154022080766       0.29852950417792762       0.21395596415653020       0.23141026371183721       0.21516631381158835       0.59798406550267247       0.39341833235581752       0.39146562125429013       0.33844224015313823       0.20342521758903198     
  0.35105656038417110       0.28726310883520462       0.37773031152621006       0.31118982623775659       0.33893228593325841       0.32791314946923056       0.37174661936209469       0.38020286107646456       0.34091051014951429       0.34785640343611113     
  0.24214031249466622       0.31531885236803825       0.23008104828193893       0.24684371672106414       0.23000324901552846       0.61098973108256682       0.40354040171668260       0.40574256388954533       0.35796947937244844       0.22184335200416053     
  0.33252533693026365       0.28470082324529172       0.32947592581724811       0.34286795425367705       0.38265739400865706       0.41998270008847299       0.33693677154135387       0.29879825168651669       0.35436724258914831       0.36471826379309902     
  0.25723345489404803       0.33246425689003695       0.24565828707808179       0.26229522730465160       0.24486294108727119       0.62371432095775348       0.41315917277989100       0.41982213099102378       0.37632524609345924       0.24032015944316529     
  0.34810938576513928       0.33476089054977443       0.32012989887907128       0.32901691637603253       0.32120077449188339       0.36008726289775589       0.34170434989381271       0.30202729074313855       0.36296770724070149       0.31784667967080515     
  0.27221083158741971       0.34927218221864348       0.25892412387970415       0.27782640727867375       0.26181828169983667       0.63621214834013251       0.42204969034719914       0.43382928257048131       0.39430298534975028       0.25815509224946287     
  0.31596161037525528       0.30099020342027105       0.26173858543525219       0.37895796737375070       0.36363701424322553       0.32827872472464337       0.32054122368285959       0.31840025605483918       0.33334471897653623       0.30429485140757445     
  0.28697562654326009       0.36565172465469836       0.27223354194511723       0.29347750336960543       0.27935207909254123       0.64845835212417091       0.43043720183957501       0.44759689560538496       0.41205650511588110       0.27604464016021341     
  0.29705529258529223       0.33413211687938926       0.30147393601617511       0.30752530784439003       0.34577831353020738       0.39644151580617165       0.26300384398760057       0.34812791189593650       0.32451699011475477       0.31269837497527214     
  0.29974841646786754       0.38173707820991193       0.28862108076191278       0.30909363513565036       0.29612201908429658       0.66045417925869332       0.43859103384806591       0.46092278287708971       0.42962140864157028       0.29354023778391020     
  0.30419986637303398       0.32634633138215535       0.34014673623927522       0.31551472007427617       0.38712554763767920       0.32071849534080227       0.29085665309421860       0.30350869473016989       0.38049284131505834       0.32744560865648925     
  0.31319861733978827       0.39753463878686657       0.30451459853732682       0.32452111868265543       0.31267917674554097       0.67109699917923493       0.44654024196590980       0.47417505760828260       0.44675588317459897       0.31100257977744661     
  0.27465064456342747       0.30417094679952034       0.35071236866500799       0.30671927713034414       0.27989427752591040       0.29399536116256847       0.35475550347224244       0.33114513802508805       0.32502621848772340       0.34325365674583563     
  0.32824395611651885       0.41353338257838412       0.32152873062756537       0.34027172034407932       0.32884363314434495       0.68097352931519251       0.45540753808516254       0.48698034652794520       0.46380952822882943       0.32835371713099132     
  0.27038644375462695       0.30998510469281454       0.35551520172191997       0.34628082107541669       0.36637323354730306       0.30562320573589952       0.30748968659200665       0.28929877490695527       0.29393334416221095       0.30406159069790123     
  0.34308429013881236       0.43004862656237131       0.33858344901224274       0.35599043963691562       0.34291707185409342       0.69043176459326661       0.46428887124320023       0.49953241986758390       0.48054481781520236       0.34574273292876706     
  0.34088280474818278       0.38905813050484883       0.32671744596861441       0.29936735776739609       0.28980158648306742       0.26628373479724099       0.29920257752367491       0.28965883420352884       0.28382589171449429       0.38996972324333096     
  0.35801698376174024       0.44579732479749917       0.35417046814846254       0.37193144098637504       0.35707928123324295       0.69980979987173797       0.47256358011348842       0.51231604721891144       0.49707347334131202       0.36275154618138750     
  0.34012988021102242       0.34916994087723152       0.33744757592702151       0.33376661111622330       0.31091025848990000       0.32120107349876648       0.31485115411415487       0.29947218485865990       0.31417117913139775       0.28759233746673429     
  0.37373542669048548       0.46099306841159232       0.36973544854392842       0.38788085153224816       0.37166657724610236       0.70898466247355729       0.48088416662692884       0.52533425896853525       0.51315985065804992       0.37962379289491138     
  0.34271885075806713       0.32478384436842700       0.33812665339031395       0.30272669158828114       0.28585890837254524       0.29279785873969560       0.29706844735254639       0.32395452261354751       0.31143492055445127       0.31973956281202331     
  0.38951526939308495       0.47564926467299179       0.38582863728104533       0.40349171313148330       0.38705471007311942       0.71798906435809295       0.48834910171824908       0.53963123564705529       0.52928017277498496       0.39600100361572488     
  0.30537012568293681       0.29997307995392719       0.30027209510663333       0.31117348195088823       0.33798690934560743       0.29378120795339341       0.31462574886766081       0.29314908913882998       0.37455457977059292       0.27871655835948361     
  0.40534338905681033       0.48989249598323409       0.40260645162463565       0.41907996345069604       0.40434453056127345       0.72699362221801866       0.49612421278472346       0.55349940759796490       0.54500719966770217       0.41232527844352262     
  0.38757951591712259       0.36751999717542899       0.31698505340799499       0.29178327845760649       0.37100782376154207       0.29951633553240908       0.33718096221240562       0.36451958345677360       0.31129504084647469       0.29333410529601167     
  0.42130764739168991       0.50464178024793849       0.41957430336804402       0.43445196920737394       0.42163867152872148       0.73590352165188411       0.50408411461819291       0.56547657992470868       0.56053468361385228       0.42835528331441347     
  0.30319664378484124       0.29169084343839280       0.33832235181675541       0.31653149734803343       0.34976746059901037       0.32880005028894416       0.34888087917686789       0.29998325896803918       0.32731917989915832       0.28310844609113150     
  0.43718127985391902       0.51913156792075899       0.43653494505377072       0.45032651492937442       0.43835318924777872       0.74443985719638617       0.51213415772357307       0.57765219533263756       0.57483793164235886       0.44378201626757086     
  0.30599432975733587       0.31600208085187942       0.33293365862815055       0.30316577759769509       0.33610637180238190       0.34875984381357095       0.36505200079878442       0.32936159151044114       0.36268816656372665       0.32149950040613956     
  0.45273619370961066       0.53303297194225518       0.45327526908099652       0.46729250565141983       0.45482716632583337       0.75285725066455489       0.51960320628087842       0.58980722789831974       0.58922477433282117       0.45891969209481281     
  0.31107010564094240       0.34811435325169243       0.35350040394424775       0.32071414142574262       0.33399704953701631       0.26646363070693102       0.32965362335612103       0.34964303496890459       0.31298769038631225       0.31157823177562766     
  0.46656590261672187       0.54665629828516915       0.47019368928150090       0.48458436424099866       0.47047083548248064       0.76132710117518088       0.52717625272636570       0.60320344678273596       0.60338149513160011       0.47377399754190658     
  0.29220886974197491       0.31695966200848985       0.35408682101678918       0.30556605481226856       0.33041817197429441       0.31193961935306302       0.33084966960556800       0.31062033494333491       0.31666049929461604       0.27742029201431218     
  0.48089857636337369       0.56065646284867765       0.48706904440834387       0.50181879271576235       0.48606293046616789       0.76941739681787713       0.53375342801649006       0.61746830571037448       0.61749905129916649       0.48865441866146636     
  0.38302518788373080       0.31729325448340656       0.34340846047040280       0.29373786980551664       0.31972054575150738       0.29562266082909183       0.35310243773743616       0.30528808328147805       0.32995517187962831       0.28512691661593303     
  0.49510388446178710       0.57535165651218578       0.50399634492060585       0.51902794503762395       0.50175574269477319       0.77707196217270835       0.54014929457633276       0.63207136707882638       0.63088183466460657       0.50383728202078892     
  0.26433661844653716       0.36807297947373036       0.35846319660799225       0.27659257540870091       0.31517467636649793       0.37961187282546816       0.30036127185845246       0.34884644633546591       0.32583857320428866       0.33057693312386449     
  0.51064332246913680       0.58890335049626441       0.52086780957913914       0.53561074853515300       0.51661559249269629       0.78459844699200210       0.54733253117659719       0.64598691536655128       0.64425176916343319       0.51783520768057134     
  0.33436585318850659       0.32709754291464899       0.38060031376741171       0.31436155026278567       0.33216715206275105       0.29697028053293123       0.32841280161298880       0.34239946109553210       0.29684655634090612       0.31599161494776490     
  0.52690275166864309       0.60083693702498520       0.53736663944942697       0.55193044323197971       0.53030796107300870       0.79235063803789352       0.55444273159658453       0.65957983943983389       0.65711076138693925       0.53179651297923181     
  0.33920627732748837       0.28364630220354375       0.31581560245778512       0.30612191996688770       0.29430934187260344       0.31352250914894525       0.30226824031939598       0.28995156943627076       0.32705502881432746       0.29240603704931090     
  0.54291858239269497       0.61372724520136335       0.55399968289652868       0.56937934715859173       0.54407468689975025       0.79983883486692675       0.56159122832982955       0.67157217855957396       0.67013054329346289       0.54478270654174665     
  0.31611091694989280       0.31001455514152526       0.37111061587122002       0.29428110556210907       0.35036492401129382       0.30276336570435919       0.32600094797072232       0.33147373946698605       0.34792600371531734       0.32030261771163770     
  0.55894075111079977       0.62681483935187365       0.57027115647979798       0.58720403631359253       0.55769651325239034       0.80690030557331949       0.56868917010484865       0.68241719413365021       0.68290806082962541       0.55757433267743173     
  0.34536087670728849       0.37302845961850417       0.32694652037258498       0.31456619151135057       0.33271821739127894       0.30586639352517297       0.32747288354725873       0.27031132598409219       0.26332391405350658       0.28085984195611441     
  0.57474989463682147       0.64000726709996592       0.58687800918014665       0.60550705091281565       0.57261266502613761       0.81386310474694923       0.57626165353273018       0.69493255394663256       0.69565407144416358       0.57229522594362947     
  0.28025901081211407       0.32377576531488905       0.38840978329394460       0.32682915493434911       0.30244107994261260       0.32982374416447646       0.27832714686599513       0.34665145844657336       0.34002388841163983       0.30863092943832982     
  0.59048605038187763       0.65329017756784469       0.60380240954275866       0.62409266338747793       0.58765754823677807       0.82062812976880017       0.58391298874456388       0.70867399141286647       0.70867306553427545       0.58662845097896732     
  0.34159239186516499       0.34246200393664966       0.33319124040740744       0.31379599529701585       0.30084793756040767       0.26459405755909343       0.30224003422933177       0.31935992065901686       0.30861328927915294       0.27548279576696211     
  0.60590711205961068       0.66669880511417812       0.62114713513803532       0.64177208510763606       0.60310881623398926       0.82695136439149930       0.59183459472949496       0.72198312257806352       0.72164504089290116       0.60144200095254374     
  0.34502665218432849       0.35860645859632034       0.36064176033533868       0.31529661763791011       0.32830897511940343       0.26365814820435191       0.29875818581666014       0.31875576020074231       0.29269716794056361       0.28480962219676609     
  0.62113167469896657       0.68038437776650484       0.63878270308869711       0.65864224653141856       0.61857319078138262       0.83351723438121827       0.60000350157899085       0.73481242434700567       0.73450405325645718       0.61672628313859512     
  0.33714038798782414       0.33194794611480771       0.32406275634681825       0.30335914843100148       0.32597767577711595       0.30156311927911356       0.34967035004988445       0.34255647797960953       0.34099862739930609       0.34647009397071027     
  0.63782371507843105       0.69328074676671569       0.65576002970378533       0.67518627655882002       0.63508306282734328       0.84036287445749269       0.60897797173189983       0.74785962248805238       0.74694889019512956       0.63354789404533662     
  0.35905113151365442       0.33959557003054497       0.28859706109707817       0.33395641290194999       0.34059290101545048       0.29986681610570431       0.35887844177814460       0.28717701842433480       0.31231339875741743       0.33007375563691960     
  0.65501733729199940       0.70581107025392509       0.67226655105529898       0.69151230113161999       0.65136492355802600       0.84760814943563456       0.61785051686735659       0.76134509798645633       0.75950773900591340       0.64996272439807279     
  0.39365114031460541       0.31368598293702821       0.37509933953125363       0.31253276521021667       0.39175998431140091       0.35566022626053140       0.44954606656024043       0.40410936780335188       0.29059211433781912       0.30243180131322739     
  0.67216701348317287       0.71841219370637965       0.68824006369313551       0.70930411773655999       0.66732862807836069       0.85511222727140745       0.62672244490504259       0.77490376946201178       0.77226725219860415       0.66565302382879032     
  0.31085196355882522       0.32457321538336353       0.33545891712827058       0.30437020594523007       0.37535553662825982       0.29545066526566177       0.29942543450403203       0.35762884078312002       0.28929056053240076       0.30660364770081427     
  0.68914531127373013       0.73071233977176098       0.70412086485716219       0.72770540141086015       0.68356410017825131       0.86182811171530460       0.63559270795422884       0.78817146761930446       0.78273169304842882       0.68160243438342194     
  0.39296814322418466       0.29521201763758065       0.29202575095520639       0.28465057963996482       0.31860603241806568       0.28772840153440771       0.34001629854953380       0.35057380249087589       0.29998325896803918       0.30286165353695799     
  0.70595684601201547       0.74240042565842723       0.71815670837363532       0.74648290327012867       0.69934369625853221       0.86800317329841759       0.64388690652843139       0.80087047146131862       0.79202887952944745       0.69817639020205424     
  0.30474052258880541       0.30498835715841566       0.33538166088385446       0.33737900986189834       0.32501846718364608       0.27317138140155311       0.31320563709947064       0.37479937995121770       0.28637128063888639       0.30823772385729659     
  0.72227154589108877       0.75377246536716880       0.73170755386684239       0.76555701590396352       0.71495658574403098       0.87412520109545011       0.65235762739473790       0.81332821062120875       0.80144179082567324       0.71512552289639031     
  0.40675705354000535       0.29942012185760430       0.29906993197088400       0.31953992646650253       0.33416039077621124       0.29258970630904074       0.34806214973947791       0.41047836841979046       0.27859209422372100       0.33902624922449903     
  0.73854120719462657       0.76643211328003291       0.74514327189596330       0.78231841752328257       0.73082063206083159       0.88003484207416260       0.66107560312906821       0.82494871381884449       0.81123661856986129       0.73281110772390778     
  0.33359902508348055       0.32573841288384164       0.28806971455406982       0.31926281078595126       0.27204866359803476       0.32188193825690598       0.29374842112233401       0.36932271337550265       0.30562320573589952       0.31217720230306906     
  0.75456572782940046       0.77904683252785434       0.75937213334567277       0.79902485371784215       0.74639233801910498       0.88705721367951729       0.66978194355048026       0.83574112438767467       0.82246177149400224       0.75057474956808590     
  0.32557794346754676       0.29397123793288532       0.35335565251453932       0.33701399432660817       0.34985402524334508       0.36063135926338968       0.33105077770651781       0.30843873786629750       0.28590376984048627       0.34076501524505215     
  0.76986496867966969       0.79247378675973190       0.77465403930364962       0.81463944042571501       0.76314778849259546       0.89366003509914116       0.67948005038942283       0.84638788740150050       0.83540399105456609       0.76835213111258560     
  0.30985640421027350       0.30169083940468217       0.36240149674283861       0.30088568372230828       0.28800716668701315       0.28934709481996401       0.35054138989029759       0.28837242423888404       0.33342283919110266       0.30077256403297709     
  0.78444214514212784       0.80597437343841072       0.78917159045583485       0.83069168792614745       0.77965993574057280       0.89995397507021924       0.68923071337413455       0.85683937747496441       0.84772215771397674       0.78607427845185096     
  0.29622252241998570       0.31746413253845440       0.27634793101584432       0.36886588597911774       0.30875493099749507       0.37018836954812279       0.31403242995286273       0.35981877288136593       0.34104832829596426       0.31026083712198210     
  0.79941340533076677       0.81986429515513570       0.80436699515588694       0.84598821971251259       0.79726150671189644       0.90617538315637425       0.69977971366708369       0.86748334936870286       0.85953882749346522       0.80352758055591089     
  0.30614441321996971       0.36207620660345952       0.31148773787039791       0.28481843167992682       0.37887208193274752       0.33054872049390888       0.38554527694230623       0.34899731295793573       0.26275174204500795       0.31941105633671568     
  0.81478491766068839       0.83399613717024390       0.82014710966742499       0.86117325440915038       0.81472313620991477       0.91245383046092576       0.71025076172089119       0.87785177030036976       0.87118400393838302       0.82142916667311239     
  0.30235426134573729       0.43568127881831975       0.32156235208590583       0.30156311927911356       0.33592800408069656       0.27455731535665867       0.37549877597460285       0.34264158118521171       0.36719683906612954       0.32468914100337987     
  0.82966457817240069       0.84691104301732834       0.83377357800151686       0.87631738286106398       0.83115633462981009       0.91886247006345478       0.72097651197849655       0.88858486746905219       0.88225727474433691       0.83947412186969317     
  0.26518670973636677       0.35662187861401373       0.34781128992025556       0.33302548763548412       0.35466119735535684       0.29696215987265512       0.30382777975069675       0.40269038697823284       0.31871616544913095       0.31366687737287879     
  0.84403981353801827       0.85971736591008230       0.84626713207737170       0.89028152233844959       0.84769548284192842       0.92519972606459777       0.73175047740735044       0.89931547405306345       0.89374329452874712       0.85673209179138266     
  0.30447698606558915       0.35144527500677691       0.27106576133782795       0.29874033216204199       0.34019922793683233       0.36804198128876642       0.32539852613270920       0.39164498877413884       0.33909433540381484       0.29787173483752272     
  0.85917919354921901       0.87319272324831965       0.86112751945998645       0.90357208291945623       0.86044560690446070       0.93157372007056605       0.74269960097995458       0.90963573777011619       0.90520037808008669       0.87371306948042793     
  0.32361371811746215       0.29156655365962936       0.36698187322168779       0.29729144935566909       0.29287698288301117       0.33138813030692887       0.38615914956167652       0.37872086083198542       0.32944418906508610       0.32160580037402464     
  0.87452036637788244       0.88646074556328414       0.87605898983658570       0.91796407145502901       0.87347321330564254       0.93780978495278178       0.75406887350845708       0.91988836287447551       0.91682256588344235       0.89044446399434452     
  0.30814375807836608       0.30189867211043164       0.31212623996904010       0.37499683851908333       0.37392558729164360       0.34042727205903089       0.32836899539360176       0.28381691062073650       0.31367078614746291       0.28429394347082443     
  0.89049221067211637       0.90110004717685188       0.89280281963208763       0.93234491803442454       0.88918943322014432       0.94465885627043555       0.76719874929694420       0.92986129355318703       0.92840777682185593       0.90668444460174002     
  0.36071940553469239       0.39222606682740008       0.36916700549813203       0.36371444196317998       0.29148141383129972       0.33567940388785839       0.34229351985389300       0.35783335702110519       0.34024024806865699       0.30503885240919226     
  0.90692210739725465       0.91601643137557232       0.90865031009447117       0.94352130521754018       0.90505202500085835       0.95167411730282081       0.78068544892402914       0.94004794988670037       0.93993584691021193       0.92265743785144827     
  0.38141667275915114       0.33899059429691092       0.33930703018195280       0.44576021483314421       0.32828653780706180       0.42902319334156624       0.42127616173873617       0.31428790929026823       0.30378262311152232       0.30474881586802083     
  0.92133684652849779       0.93073520291865020       0.92368650882783099       0.95439444827663944       0.92070218219943445       0.95891985917265843       0.79623798450179017       0.94948217556993586       0.95111872318565738       0.93811732247994584     
  0.33258024807897429       0.34354844249045591       0.30065564289407659       0.29869595558851098       0.31336843946704829       0.35293921618900492       0.44787451408334139       0.31292408885542616       0.31462838348467309       0.32917502032043977     
  0.93528529404485072       0.94563437505872061       0.93898134973576619       0.96370644521065862       0.93580334550419875       0.96636102170628813       0.81295120914722530       0.95883555513731966       0.96243843800758244       0.95318547506978368     
  0.29938987184044757       0.40243348876124152       0.35184675352080846       0.37898447582477601       0.29898941432422005       0.33799747088930443       0.33528811490140453       0.31152557130338226       0.29407864649100734       0.36699942278872999     
  0.95202092540418370       0.96049344225643907       0.95299760557719737       0.97116076373870974       0.95137146148138685       0.97362982104316165       0.83531928170674141       0.96901439036951431       0.97293854755540266       0.96584628027532116     
  0.32427262975721810       0.39454866113400494       0.30606650782219808       0.37124565698075623       0.32824092791930348       0.29838293126978810       0.38120795698614401       0.29733654335751097       0.31323089395553039       0.29368961908873742     
  0.96878769069353654       0.97569300246798407       0.96708545419498548       0.97961168783205099       0.96696171580399193       0.98081202513508636       0.86290607894661575       0.97903180275899382       0.98327967848635189       0.97832805401943546     
  0.36018488987876607       0.37910173144139375       0.27703320661319952       0.32786562860538421       0.31939909820931739       0.32399753935113496       0.30324554608057769       0.40124725811654660       0.31096571234940718       0.37367095997286925     
  0.98450773356749210       0.98801421688618607       0.98378243188526937       0.98957623457720367       0.98352083358523812       0.99008235707858738       0.91952324425132026       0.98950323595913114       0.99176920926383294       0.98935817719738184     
  0.39325688414814575       0.30785529293220326       0.35248025967166285       0.44477291924162693       0.31834489079497735       0.33962714980480996       0.35352103480800362       0.33215150421356876       0.29222710385488115       0.48402938484024433     
   1.0000000000000000        1.0000000000000000        1.0000000000000000        1.0000000000000000        1.0000000000000000        1.0000000000000000        1.0000000000000000        1.0000000000000000        1.0000000000000000        1.0000000000000000     
  0.41655831768292800       0.31079762162455882       0.28348083150237435       0.40520443578608711       0.46596199779516101       0.31876279217239945       0.26115059507403360       0.32893324184067019       0.43460811946385608       0.67756572865100351     
  -1.8532903711360207       0.71509847781355540       -3.3111864664049642       -23.278302772812182       -2.7784974086181893       -9.8130636022165749       -2.4491193679762078       -2.9157907559629752       -4.5176753878944540       -4.1785863631282236     
  -4.7267854790384014       -1.8064581453844160       -5.0632403282148042       -14.345510822595399       -4.9603774781329015       -9.1373236867433505       -5.8282961864179272       -4.5062494107967650       -4.1910387949274321       -4.2020896454927135     
  -4.4910548145549800        3.1743169693228119       -5.9925125357261475       -9.3873510320391436       -5.2981582350006171       -5.0952355013653623       -4.4229170188206419       -4.4581662011739827       -4.4495078023126728       -2.8141760884706275     
  -3.1758944112222260       -1.2964124597562832       -3.0130064430064940       -5.7645290756355188       -4.5468781893353638       -3.2922779949920375       -2.7709914929595136       -1.9843173399548493       -4.2311723926833364       -3.1367507876189182     
  -4.3225980916456628       -5.0043221705192789       -3.5349372680792661       -4.0148606149874020       -2.0011767284173394       -2.7246054784644858       -2.7059296927740748       -6.0398861011130593       -6.3216550083428711       -3.6318428533441560     
  -2.6052869291262395       -4.7744022000531112       -2.9924812925883733       -1.1481482814292687       -4.1746922629336520       -3.1130652161073473       -5.1345644559726669       -3.0338110526977085       -4.8089205739414789       -5.4917320764242890     
  -2.8681930169360315       -4.2563315184831181       -5.1686466022208952        3.3319645437721830       -3.8925654431999006       -2.5470454443417436       -5.8272460803988064       -2.2956961246868124       -3.0739821632072473       -2.8110936785122100     
  -5.5167333715473319       -11.326889716379421       -1.4541949663147282        14.635542510425196       -3.6685818783350777       -5.4385493320713003       -2.7688673679373426       -4.6507413125531452       -1.1253153747867839       -4.0022547215650777     
   7.7987923097973768E-007
           1           1           1           1           1           1           1           1           1           1
   1.4045376266858476E-006   1.0349936262894180E-006   2.5152508330849405E-009  -3.3116307676197048        7.8380955797270901E-008   1.1400593842685486E-010
   1.4696221639490942E-008   1.7446471675907087E-008   6.8932123632869252E-009  0.40556729720877882        6.8847090861209830E-009   7.7047882929953196E-012
   6.6929289370960309E-003  -2.3120882881963407     
