   0.0000000000000000        0.0000000000000000        0.0000000000000000        0.0000000000000000        0.0000000000000000        0.0000000000000000        0.0000000000000000        0.0000000000000000        0.0000000000000000        0.0000000000000000     
   1.7867828991840364E-004   8.3645846575727671E-004   1.8566439759792715E-002   3.7151861506264969E-002   2.6305887272951266E-002  0.47758068747229326        9.3793522396148521E-002   9.8794048614546465E-002   1.1506687675454774E-002   1.3004512783714442E-002
   1.3158255931841314       0.70322854117577538       0.44369590817195725       0.44225851322114185       0.57643962262032444       0.39325301481758623       0.39762022406852687       0.37493234568477735       0.45816649445118646       0.47943628826250329     
   3.6463892573544157E-004   1.7129567281437630E-003   3.6077358803283312E-002   6.7770333900850757E-002   5.0518827600283291E-002  0.63499753615216192       0.13612912514830497       0.16001148471079235        2.3018681972711452E-002   2.6216518918101100E-002
   1.2906745893771585       0.65144593579047794       0.44570327888418260       0.51058931963623344       0.48880553948294331       0.59979441149716883       0.43011893831291936       0.41227346610199772       0.52413321484530562       0.44635959838097994     
   5.6500599635388572E-004   2.6455233375019915E-003   5.2245853422929339E-002   9.4757356764051628E-002   7.0870708867213653E-002  0.68573210695975717       0.15946013574614340       0.19439421459530845        3.5280884103038465E-002   4.0955861693558242E-002
  0.73147245116386195       0.58897232425136237       0.45420142945005348       0.46179955135932010       0.49875286781358008       0.39642456303482815       0.42692247884521672       0.44964527577365393       0.48112819579572852       0.45501229510001007     
   7.9413944044790918E-004   3.8131894517733312E-003   6.7550503475256388E-002  0.11597868270128694        8.9711773182019061E-002  0.72274471864402035       0.17743133364602115       0.21618910374333811        4.4583296756920771E-002   5.6249864151913034E-002
  0.62669848054181454       0.67553291403293736       0.45007216051864840       0.44471761006926031       0.40229885982655211       0.41178399627079093       0.47671563638791309       0.44726808253790895       0.43937910356540566       0.43270475522167606     
   1.0804689850186988E-003   5.1054199298053030E-003   8.0716277259738817E-002  0.13648997625334877       0.10757363687530010       0.75248955310688670       0.19423245575231851       0.23307043863934707        5.1594399154814737E-002   7.1667048155968596E-002
  0.50980538023151856       0.59492291485790982       0.40125885668690836       0.34886138882277301       0.41825616991526571       0.51732759260703876       0.45573444242604932       0.48945797934171387       0.44321070033174964       0.50808522243749188     
   1.3989420724588955E-003   6.4879620425934686E-003   9.4388931254069552E-002  0.15869364130677588       0.12564789720791841       0.77648776081134041       0.20922078686960863       0.24798697063908948        5.8313946134675068E-002   8.8081858969138754E-002
  0.48263186096215854       0.52519100996821955       0.38458185008149004       0.58021044512577113       0.46852113566340897       0.41783304172148794       0.44678709522268911       0.57919929226869948       0.49432851284905238       0.46577551086439550     
   1.7457674889303566E-003   7.9501371728801992E-003  0.10865451273576233       0.18123337385008681       0.14524752764029303       0.79543939050267898       0.22249357154324262       0.26200295891014092        6.6604274682383002E-002  0.10426774364200592     
  0.51433380584719668       0.52274930224729843       0.40886960890131518       0.45179057815687584       0.38345205993983827       0.43723613532510758       0.46410961190024391       0.52595863116911823       0.40902517492563711       0.49935881281802186     
   2.1380395846498103E-003   9.4511142923724110E-003  0.12468803279644790       0.20528435496401962       0.16749487502886326       0.81167832867016732       0.23472698732876454       0.27533105267053914        7.7203947069597781E-002  0.12019722794336017     
  0.42054245234326121       0.54563879861996112       0.42832818722749427       0.50025880282616475       0.52852116949929029       0.35019208188795409       0.37987816023269927       0.45410127518470689       0.46013956349908186       0.37134744346009163     
   2.5851337186481422E-003   1.0882331352985608E-002  0.14105083320932391       0.23475837921801815       0.18887547489903439       0.82581089598919788       0.24635560916450805       0.28787106014662761        9.0258667093614672E-002  0.13652545060434065     
  0.48609508350833475       0.42586042235275423       0.39640031331679337       0.55613056318120668       0.50972064661780425       0.38724170169664884       0.45602755852045446       0.50491856319397310       0.59071147630117071       0.45602794520451817     
   3.0967737678633160E-003   1.2335733085339223E-002  0.15640742564184307       0.26029643328903812       0.20778454177079003       0.83837684237121612       0.25805578997243867       0.29967302087092879       0.10403000135175090       0.15130203680084492     
  0.54146990085398894       0.45523020185843127       0.42962659718863361       0.60307969738109612       0.58820603118319714       0.38619944006959078       0.39091964588538775       0.47498546743997377       0.51608837805252639       0.46319733779345973     
   3.6780716243243559E-003   1.3862570552788993E-002  0.17169739255719341       0.28591634033194113       0.22369277595936635       0.84985780155730117       0.26847779845088371       0.31090673025962923       0.11830334003394997       0.16562802023066803     
  0.48340046372036521       0.44998047472008090       0.46034826647830857       0.52288130465819616       0.42991288915486459       0.42405883245839221       0.35448004182372200       0.46373953004977470       0.57808197693977981       0.35961963559275395     
   4.3257655529764533E-003   1.5468806661322351E-002  0.18639618516088313       0.30704842398701154       0.23725379669539817       0.86049714818203860       0.27798581759282043       0.32113384775644233       0.13337857239873166       0.17874604623729717     
  0.40799513881051913       0.46910989751343185       0.39634168731442532       0.40456249309316511       0.47634962099686406       0.39116260129570474       0.34784310013155173       0.44376811393886817       0.48312657814614324       0.42968563485124611     
   4.9724825696864068E-003   1.7186563456751635E-002  0.20086014943345221       0.32771006415156623       0.24956948514726834       0.86977132052156003       0.28685889872118153       0.33067948328270647       0.14938657998442337       0.19112314593510296     
  0.39426591070131101       0.40374974200934410       0.40379130012080688       0.51235937162006695       0.38021625697266309       0.39422147617422271       0.39202862370368674       0.46475670606536745       0.64972232036960420       0.38387957784980969     
   5.9125221608084463E-003   1.9067922377675506E-002  0.21620372250391454       0.34157693194491451       0.26131615356309729       0.87769784465788636       0.29512697866986642       0.33930176984750898       0.16629555184977390       0.20438102708012346     
  0.43204218942008393       0.40621154614257482       0.37461751458104009       0.35501624058522174       0.36305997576330989       0.40386441829213843       0.33033831045543449       0.39791921160342258       0.58752315895714025       0.39385467369040916     
   6.9709676069300529E-003   2.0998024034657881E-002  0.23084135896765318       0.35530338631240299       0.27412058714398574       0.88494879326678233       0.30379113268294483       0.34846826141656495       0.18416864973154864       0.21889299314197422     
  0.43081277597230622       0.41722450941882377       0.45344377070783470       0.34060156552815796       0.41552122035669264       0.35035242343735384       0.43435219202934211       0.44828494654572598       0.62236690692844421       0.44889319604552419     
   8.0601246096864594E-003   2.2990029420603911E-002  0.24651477781195311       0.37243456031065780       0.28876067144110901       0.89182946674803731       0.31289966366914318       0.35830670924640212       0.20282822669145584       0.23472969180068970     
  0.39473917952740661       0.46577489540712558       0.43938171947837867       0.34242630371418226       0.48070465219866604       0.36592270253770720       0.38650959248690153       0.64667902089626828       0.57502867540142033       0.41799798519782200     
   9.2706302798874554E-003   2.5053284702013186E-002  0.26286714374760106       0.39203377045319743       0.30373080314078760       0.89810616851373848       0.32295203187127863       0.36856878786599689       0.21990923712645571       0.25032126490325157     
  0.45214749262563847       0.37944391588298210       0.45491924920891519       0.39968878371270450       0.49377747984307935       0.41946565061719404       0.40683417185424847       0.47847762298637991       0.45394331385946940       0.42024414172005897     
   1.0681093916702761E-002   2.7242076294932787E-002  0.27984902080987845       0.41148794539608752       0.31887285459534881       0.90399019656031310       0.33336540119346020       0.37968409311013168       0.23437692654788708       0.26589096322788647     
  0.37874653385888923       0.47457979406287187       0.43619501892672080       0.38521948119101412       0.46173641826934647       0.43341480385111530       0.48316371012879100       0.44686437149716463       0.38152547668345460       0.45441113223530277     
   1.2222177479021967E-002   2.9584493987050153E-002  0.29656767745951290       0.43165520297322540       0.33306058710911057       0.90969259559235871       0.34460762048447152       0.39090798799013415       0.25131596920920823       0.28215533066903470     
  0.45887688768081136       0.44814195559871611       0.48709534921522130       0.45887289955690186       0.39940093945942806       0.31967108189864063       0.49567441825403358       0.40504400016429898       0.44347194361839948       0.45911898725911482     
   1.3772940731763593E-002   3.1943408080883272E-002  0.31393906973602598       0.45082996028271755       0.34546265015359323       0.91495006579037808       0.35575922321519182       0.40309454033730985       0.26911385893788264       0.29846813126772731     
  0.33845173005874729       0.39560914270370751       0.43733527896847985       0.44841405969785014       0.33684104195828019       0.35412376370396786       0.47799950238211181       0.41367069601210715       0.48583145264533334       0.43274113324153007     
   1.5351262828239204E-002   3.4580010626715563E-002  0.33243236806749410       0.46848038998702668       0.35775407412664162       0.91978381717150826       0.36579172425506851       0.41559243619683622       0.28674090634952065       0.31437430336193645     
  0.38144480857674268       0.47510754133454469       0.41729374930931912       0.43161050410381757       0.41475780424429703       0.38159102940117307       0.50728259480465687       0.44631407445329768       0.41146792524801212       0.40442813095849611     
   1.7040965417265536E-002   3.7300590018206833E-002  0.34992319850780534       0.48568795922967173       0.36925029327260628       0.92432822481606536       0.37485458621659301       0.42787399775913759       0.30322010804536581       0.33019658205035918     
  0.37158830260901293       0.51566779527391005       0.54117451519695736       0.44404814660974723       0.39248141726648406       0.43962167901252386       0.45777466373592152       0.48285686240853559       0.44501826833483110       0.50796446341578738     
   1.8822208180004459E-002   4.0062841421349422E-002  0.36400778510734505       0.50342425111428202       0.38134531051936738       0.92865605442571586       0.38352355793392884       0.44055343951915760       0.32052135911757734       0.34547943369091527     
  0.37945907381265748       0.38277680246882861       0.44068904291784172       0.47300013988161366       0.48534417118413653       0.38433714282853332       0.46304612050810684       0.51433503101039224       0.50359588319107718       0.37217338903951003     
   2.1004650039353864E-002   4.3407849195824959E-002  0.37701998262675551       0.51963630263161753       0.39433844333366480       0.93294888785663221       0.39212854888464754       0.45377578553388936       0.33821762300610092       0.36085887881571771     
  0.40086467291477801       0.41501070103897370       0.45581299245538726       0.46027897921688143       0.43007057598592208       0.36513740846062182       0.39864388587459237       0.46914484800182910       0.48343011797044799       0.42842227988393972     
   2.3258817554220400E-002   4.6846876808876788E-002  0.39025631082531098       0.53463411072386002       0.40791135808323192       0.93699577929362265       0.40114333718936340       0.46731730125223647       0.35572459452074429       0.37638943105315592     
  0.47569984473566457       0.38575979368280650       0.35871166771382995       0.35296405219458687       0.48768539415106521       0.38176945148577646       0.41306926317319353       0.46574031483361999       0.38353049542910655       0.39714157677209450     
   2.5755642502267390E-002   5.0550395712961174E-002  0.40542668519617836       0.54952658209220850       0.42246723343170672       0.94073826294309570       0.41077620513379060       0.48007440981425509       0.37272072294305297       0.39170527849212039     
  0.41469166940210433       0.48441729598919203       0.42457208366388893       0.38878384256595083       0.43845594415699835       0.35328634303711093       0.52416714365853811       0.36078907353316958       0.42938915930752131       0.45539260512339502     
   2.8461797523045097E-002   5.4130715183396669E-002  0.42170840499145756       0.56573735523228574       0.43635572771776021       0.94397676157490984       0.42062480768639898       0.49095828799585112       0.38916778826899390       0.40710264389021128     
  0.39075302163962222       0.43379774073333605       0.50549792969376073       0.47887156930261798       0.54948112905448288       0.42076309317601329       0.47939207936630951       0.39580665697074369       0.39866501475820360       0.45749587382194612     
   3.1601801264649065E-002   5.7988874412104381E-002  0.43788195464463969       0.58199295216849722       0.44919361491232956       0.94673886098579918       0.43154914122008448       0.50046017958152600       0.40462095747622739       0.42260095200238956     
  0.39564365479912350       0.39650569680773162       0.47785465022412577       0.43397926541104742       0.40908850138056257       0.35606421734308991       0.56732149021874534       0.38474932606867956       0.36107403389859144       0.53684900683119341     
   3.5323533473297149E-002   6.1995183255346455E-002  0.45401837488458968       0.59654180376070953       0.46225505927791388       0.94956299246882647       0.44299789801805078       0.50924108204459539       0.42068793567637719       0.43765428066474166     
  0.48475574077970734       0.43216851211451868       0.47408566885295822       0.41745356111666809       0.43497515351072857       0.39234290455024323       0.51599343024991928       0.35941583330601634       0.37989127335808731       0.38666774839294715     
   3.9399031101718961E-002   6.6135125058146726E-002  0.47050598086676304       0.60986915888623172       0.47562577311894433       0.95231947883262791       0.45422294046201589       0.51909078869576897       0.43683064317530401       0.45324505829394846     
  0.39789705830313260       0.40392707617515095       0.50324054086290737       0.44249094525340921       0.47672296760192800       0.38687562031739975       0.59138658602244332       0.42080935945373421       0.36153118542159307       0.39807897982854262     
   4.3829875594879469E-002   7.0398988282940306E-002  0.48773006640951905       0.62331871252756998       0.48898452889828969       0.95498732053424984       0.46553890174934986       0.53060301317005687       0.45371287720698533       0.46912341962727466     
  0.38662143387797765       0.44382357562301955       0.41630172181892933       0.43098074880274545       0.42243698860207646       0.32277438828819588       0.45896823897430944       0.38160614450693570       0.41442453930435796       0.45840064184320423     
   4.8614603724520151E-002   7.4971753188773388E-002  0.50496193053684146       0.63676554278327202       0.50154063181003583       0.95750683069751041       0.47607767940148221       0.54207418000762264       0.47118565391223011       0.48497663576058669     
  0.41414825739485506       0.36181222002353614       0.41800311588868710       0.34433057264026551       0.48402284691699810       0.40469945326339718       0.44906826156861734       0.40122369228432719       0.40487439030197103       0.51498473563288683     
   5.3656496707668255E-002   7.9768402265835286E-002  0.52175545731177075       0.65019183896479249       0.51382543764152167       0.95987114891089076       0.48612315619028562       0.55332758168287466       0.48887449808932554       0.50068647216964013     
  0.37497439385743092       0.35892549529171708       0.45921019049711903       0.37588390233967661       0.39155236501560914       0.36507276113638909       0.41447819023488741       0.37292723685125190       0.47411717137611153       0.37997939768176531     
   5.8947317075072891E-002   8.4641320966760678E-002  0.53871582873995305       0.66329704096261688       0.52514330998114567       0.96207233694953820       0.49593043761497624       0.56517812665097034       0.50619380739397524       0.51602341646335026     
  0.38223604574204140       0.43811331127428621       0.51656008163960865       0.43715503930292127       0.39969095685870826       0.40073369441411699       0.46031466572756236       0.35440536878656109       0.41879588895953179       0.50251284529484874     
   6.4424222495021277E-002   8.9659774561251265E-002  0.55509174473634326       0.67576022400381963       0.53568539356940148       0.96415518774131725       0.50506290637407991       0.57849564823120836       0.52255194447854980       0.53168145581469262     
  0.39949745780327384       0.42179296462337046       0.43884316299661985       0.40065356367317240       0.39576956559306875       0.33568701941137596       0.41243835894630959       0.42487292348312961       0.34825831987532385       0.41769582144923040     
   7.1356638797939784E-002   9.4990613429526499E-002  0.57078676400929840       0.68756699607010652       0.54618413547823086       0.96610517422954978       0.51301692167841662       0.59195575516257815       0.53897313593278739       0.54745723679869684     
  0.39880401184507230       0.41839545613936341       0.40069458882463910       0.39779725574002978       0.38323774914893116       0.43998311810168717       0.37688704954481894       0.44506915416795928       0.37472732427809574       0.49062693926281004     
   7.8312402133694031E-002  0.10062574503928338       0.58526385299671291       0.69875641380915410       0.55751376004653141       0.96812269234777426       0.52058856641409379       0.60446605969799849       0.55561823567022073       0.56401405622416323     
  0.40144580808023128       0.35241473833489745       0.42721527781953078       0.38166869160677203       0.37920597891826474       0.40679759419813011       0.46140069083961766       0.39511029646988743       0.37448888385599205       0.44310926776108334     
   8.5274898638248345E-002  0.10641824241671050       0.59755942121444861       0.70954624203398486       0.56878518935476763       0.97025910534200721       0.52829238336317974       0.61670238638013342       0.57288899504680924       0.58210498430576096     
  0.42193855560489585       0.40387817947671428       0.33246066406626246       0.36398018880784028       0.35796881523661794       0.40056076906851928       0.39493148970854158       0.44718738727005020       0.43330139550880270       0.35950366853619969     
   9.2771283650503134E-002  0.11252533561428625       0.61037881998840859       0.72061375036903563       0.57985589203698118       0.97195935365401309       0.53670260672830428       0.63076505655747173       0.59110622100704224       0.59884610461973442     
  0.40414684148604457       0.43982519182695085       0.35400301640971732       0.39915216981058699       0.38367316019323439       0.39900456819162478       0.40407003743649517       0.56073447455014114       0.43946573460298038       0.51502771676160297     
  0.10173848355397239       0.11921170587256867       0.62432667899065275       0.72987911134860406       0.59156272249729036       0.97330465481995776       0.54593809364169221       0.64472773880743983       0.60937719429111636       0.61460693046531578     
  0.34864127914369480       0.41793294375045159       0.42592825086182662       0.38016562003663268       0.37007645741636358       0.39722447143054901       0.43387580868267916       0.45614416234580724       0.38789638453021075       0.45178062772735400     
  0.11183241264904548       0.12592364376434811       0.63800920165385033       0.73929482395104384       0.60481469651476372       0.97463407474037522       0.55448006789301152       0.65890151417990328       0.62767409494946780       0.63075941284569914     
  0.36626029244551661       0.41866745891002016       0.44048296163891848       0.41942515926684198       0.42329952073723470       0.37967860388114433       0.40658185990338974       0.42018518491414869       0.46534165557905061       0.44201005306940999     
  0.12317363540517214       0.13409123661866904       0.65261076780931915       0.75017282625338211       0.61868783438883568       0.97602623846558023       0.56264386425892277       0.67257427451032925       0.64535438237366649       0.64778854592617496     
  0.39718499385473999       0.41176402201912737       0.43194083983644954       0.45393724465850316       0.42291195636546242       0.34819841689215153       0.45422067809382122       0.34421422611781882       0.47601713984741262       0.38357081903072682     
  0.13544177548486663       0.14180080878963894       0.66755453604128434       0.76112044135573831       0.63164947500397151       0.97740984573356304       0.57084012178900523       0.68715334829990127       0.66259022501940956       0.66543462793529651     
  0.36179091447143918       0.42768165353351367       0.45244733226815409       0.35497772753242057       0.38062444370382142       0.40529923746951430       0.49120364440977604       0.43398439619588547       0.44326922627617188       0.46199001890303670     
  0.14955346376413062       0.15081805790910119       0.68331722954810903       0.77148815615545008       0.64333192367906733       0.97888143510451631       0.58024888248693118       0.70196460044403819       0.67957348153682473       0.68259748561339961     
  0.36108449720764629       0.41924236277700366       0.46801453631766010       0.44519884131990067       0.35947059554076816       0.37119034730040623       0.36593541771445792       0.44422825972925917       0.39038022082991353       0.48038543612013662     
  0.16543035162928341       0.15994435249317676       0.69749216787466017       0.78144628297955077       0.65498069578848461       0.98038387460879828       0.59104724662348640       0.71774953985299228       0.69626393678109821       0.69899424756995743     
  0.41993256516595501       0.37076760220065008       0.48220919636884801       0.36351360823346757       0.44603539970786754       0.38919874656627967       0.49841580357588711       0.48893561945218028       0.39410419237445088       0.47146023721362562     
  0.18320503975018626       0.17003779181405160       0.71060865789584238       0.79116876860863072       0.66749892729033533       0.98180166190268769       0.60134636452467938       0.73255739549258059       0.71338687820808167       0.71540679165270815     
  0.43345510026543571       0.41946503648219891       0.38534342538634725       0.42449462139321353       0.42308205627082596       0.46471066216980689       0.46656273512836222       0.43088645174810286       0.47983632372269425       0.40499922123314674     
  0.20115630904103943       0.17998766955323930       0.72383183446377763       0.80114000884302872       0.68106153408321335       0.98315926864385561       0.61200234494587713       0.74823167052402839       0.73034897562497136       0.73298083309332340     
  0.36563796935011511       0.39574001585489910       0.44696214252750116       0.44508867611310399       0.49123277880388877       0.41423442254285386       0.39755539085921954       0.47354330809251488       0.42679112234453953       0.42068240211138141     
  0.21998785770115398       0.19048209703652355       0.73877144000055750       0.81069447540265072       0.69626651834256270       0.98446627402181874       0.62235530624998125       0.76467922301907421       0.74763609534197739       0.75108508688079756     
  0.36842396305845448       0.38571968200173223       0.44644037983811241       0.41329500968770411       0.46759005739907838       0.46791757019670327       0.41461440223529761       0.48078500234472921       0.47356693567665631       0.44860144236592892     
  0.24084891638384978       0.20178824402985440       0.75464189723459285       0.81977835875899141       0.71259894099945276       0.98573144363472476       0.63220964608099839       0.78086537607111806       0.76464436587527507       0.76858976363314924     
  0.42561442391702542       0.38742264526209952       0.47865677085921743       0.41987423296658688       0.43425408526189696       0.47691167347835667       0.34605781094851357       0.39060735855467132       0.38704451541577439       0.46591975238317640     
  0.26488608693158033       0.21420124461885826       0.76971393775081420       0.82872992357146047       0.72929548656492371       0.98695276918883290       0.64335655646933876       0.79708798321587093       0.78214094115120625       0.78557894247394711     
  0.36016144096788177       0.34056108527260609       0.39059664086591650       0.40896334588014310       0.48579230706409188       0.48026895361513117       0.46761975708358905       0.45067692524859498       0.37685465746822555       0.45468065553258369     
  0.29069812966082537       0.22716920230351986       0.78456394798023632       0.83742005280466258       0.74582902910650628       0.98814040368924361       0.65438143161429430       0.81386106981426332       0.79902683826970977       0.80163476400543077     
  0.37694504898194747       0.41095000640566764       0.49493773108667688       0.41824866382347781       0.49091695035534455       0.53444740809321756       0.52946819673857337       0.53423648148049885       0.38927562758599898       0.35104047682758271     
  0.31734293987429624       0.24024856033693948       0.80047626437771036       0.84627662247217017       0.76247705448357339       0.98929756659618362       0.66560247355904989       0.83085976229037228       0.81537705975175545       0.81754947242214659     
  0.43385517167248155       0.38471652321985944       0.39510685243442334       0.39620047957775190       0.39904235533892018       0.54886167880371983       0.46941295779166259       0.38055489215678284       0.40245805660831691       0.39448736669195567     
  0.34658070633838611       0.25544635659169967       0.81727770824852530       0.85567248657541828       0.77980858050909374       0.99041236015522638       0.67727081142892387       0.84748338770696985       0.83203481469229057       0.83343019014916830     
  0.38341497202093983       0.38786423745486370       0.39977227446818447       0.51064980876265964       0.39256514035510126       0.52705181743235918       0.45017021296885473       0.38563268791567290       0.41007038216356628       0.43140765312711771     
  0.38021546139952705       0.27315025200643767       0.83476188486927405       0.86587591718891666       0.79741870037947260       0.99148152395450384       0.68883235010219168       0.86495238458207491       0.84918680985403616       0.84897664107381632     
  0.41005550424385190       0.44579870760706275       0.61990250992414353       0.53134729005178571       0.41271038412550559       0.50728040979393496       0.48906730449216473       0.40297281398741364       0.41837038167465301       0.40751466440956080     
  0.41654161486220298       0.29110539751175207       0.85248771394509670       0.87616400567697583       0.81603033768043054       0.99251050399244578       0.70213252986931285       0.87888558431671848       0.86636838808426020       0.86506318694184947     
  0.42671200327099967       0.44162967841102868       0.38535046349533619       0.45347888162345978       0.38163026219926560       0.48883886690123834       0.40052900494756755       0.41148748854066453       0.43927051086180907       0.43245581844202002     
  0.45642076001380449       0.31171394074937281       0.87030691416783446       0.88607278712718318       0.83647892948739044       0.99352232998656964       0.71578371616720982       0.89148355643723509       0.88399110965241379       0.88167305356780634     
  0.38989970811646019       0.37717283996937151       0.47069385301501848       0.46238515414674747       0.50953529533586817       0.62295947205450741       0.35722803504080658       0.36161543256908951       0.31503987715446768       0.38919221126195652     
  0.50218992795024453       0.33965085116132859       0.88805172740783100       0.89607337365945183       0.85732378696723466       0.99442392039952665       0.73146030202409840       0.90306382152041309       0.90005779903085981       0.89773786744167272     
  0.45493893190422052       0.53417070012093693       0.38543581603279420       0.47916056416507619       0.50255724439227156       0.81606261909146760       0.53556735809075806       0.36639816608777448       0.42844435940833520       0.44541121018701241     
  0.55263432868631512       0.36865825120348800       0.90473094454855874       0.90626333772896506       0.87826584736109159       0.99531957557638417       0.74748813686616944       0.91617032189916048       0.91443617134128996       0.91325388728676349     
  0.42521328491168686       0.41835654665526623       0.43626183491281073       0.56467143658001340       0.49720712151680796       0.61886350475884655       0.39057712076168039       0.41903533264169401       0.36412765952128123       0.40155705190086249     
  0.60600460214797558       0.39861596559225149       0.91972758370497787       0.91724223889719769       0.90090039428315394       0.99614725670818316       0.76236280443297977       0.93070628327034821       0.92794471041448812       0.92835042749214702     
  0.46449213209248275       0.37091503877032106       0.42196764605026482       0.50150917312592913       0.41297771705962177       0.69280719940029512       0.40920733239020707       0.40732306406239360       0.32863483998095228       0.39641573642591138     
  0.66415213065630252       0.43708445203171470       0.93379476563611552       0.92839269746363506       0.92228323356473707       0.99688461578208021       0.77831825893914530       0.94540820104029955       0.94223852815326059       0.94331983817557352     
  0.41136684698555293       0.37805592520380210       0.37590953633484869       0.43068186166876027       0.51010150993058867       0.58542356316143829       0.41437547840282829       0.41653098211989881       0.45155205395909148       0.51874138028038641     
  0.72822737055748366       0.49137724613480926       0.94784430835607270       0.93994691604583547       0.94243064165462309       0.99757596159082818       0.79976965265394018       0.95927982358417319       0.95714441253566973       0.95821093272632685     
  0.45583272014790099       0.37530187047187075       0.42188803704182781       0.45538220744337998       0.42202280914550172       0.64767953757564256       0.50899398686023400       0.40480757119222943       0.42575707424178294       0.45613040661367282     
  0.79870577203308046       0.56490483231326427       0.96242111981925005       0.95441100167182358       0.96176757691335690       0.99829085509053372       0.83063488918509998       0.97298031271871976       0.97195413542272269       0.97144391208722169     
  0.43771480902743148       0.38444614974534186       0.51852668457177353       0.50970794078585480       0.42320155255061814       0.56295703786259421       0.45230043591393121       0.42792322155878965       0.38391262941399151       0.43358182252537070     
  0.88542938474370425       0.69676556936531109       0.98257331233324030       0.97333413856965512       0.97959033056036382       0.99905237917440204       0.89235790937987858       0.98675126306735839       0.98606992401788707       0.98608258937806015     
  0.45239656375363529       0.60605606519683164       0.47667120234653798       0.55750519381703867       0.43802611489454374       0.74533948371217240       0.48789474697039836       0.49948297861137614       0.39009623761651380       0.43252855613010538     
   1.0000000000000000        1.0000000000000000        1.0000000000000000        1.0000000000000000        1.0000000000000000        1.0000000000000000        1.0000000000000000        1.0000000000000000        1.0000000000000000        1.0000000000000000     
  0.45327771007037482       0.40737217864169445       0.46373518463096053       0.44490465446415278       0.40308075653525077       0.57106378313171957       0.31546354246706010       0.48921219680724398       0.45547149773344175       0.45948166788746714     
  -16.330807707783752       -20.178190290232472       -12.091589933891752       -23.811485178541332       -5.2568983804405800       -6.3909726705789858       -11.193758174391609       -14.205419972636369       -10.794059629934914       -9.7102163786644464     
  -17.215994680606631       -8.8842893309098603       -9.4736665510961267       -20.917275979200120       -11.964154856420087       -5.8328124569999247       -15.408747666850310       -14.807615475958254       -13.352156107928822       -6.4559964329544091     
  -10.943619486407082       -5.9190669184196993       -10.455724858660645       -13.029806725826791       -13.731949989232460       -10.521873947485711       -9.3711382947214545       -9.3611623878520955       -9.2031552582836778       -13.914888085245304     
  -7.9605753281476099       -3.2258739578815723       -14.147370125857874       -11.147055812329764       -15.093374484800723       -7.7781660404784922       -12.163550142615518       -11.891218139048735       -15.291505629490908       -14.580880377602224     
  -7.3888211989732309       -4.2446224037602871       -9.3938634915414188       -11.041452056469220       -13.399342575984884       -11.709181792054276       -12.447479475141149       -10.702414078541477       -7.4357527501550260       -8.6088046916206924     
  -4.7576569494476377       -3.3390460312613182       -14.950822014701048       -6.0612302917959218       -12.261898597690294       -10.340460014470352       -11.372249791316229       -13.562292867581732       -11.091106071191456       -10.364129526465817     
  -1.2086843288313016       -3.3905223978888235       -11.188419547400077       -13.214701930269287       -9.3633844693676913       -11.129210462064675       -12.552538273089842       -11.622614687165022       -10.833751437884006       -11.428782961656506     
   6.0839061856183285        2.8102434789196558       -11.642453390558158       -8.8351422798636623       -11.473177818655309       -13.781689852792629       -20.010741735344961       -11.561140697292219       -15.677571165929550       -11.086944081565729     
   8.4771153926761361E-006
           1           1           1           1           1           1           1           1           1           1
   7.6118739823160650E-006   3.8572820467011609E-006  -6.5445918044385449E-008  -14.927545623624779        1.9730175400631718E-007   3.0729838307383483E-010
   6.6380325985197074E-008   4.6080330916218300E-008   1.5603576590625452E-008  0.36048625716535093        1.5596877864689545E-008   2.5143599263429276E-011
   5.0000000000000001E-003  -12.785524807299623     
