     
 Soft #          62
 ME*wgt:
   1.0023184074988181        3.8239970492142705E-016   3.8151519722726230E-016
  0.99999734906523174        3.8151418585536133E-016   3.8151519722726230E-016
  0.99999718614222333        3.8151412369775765E-016   3.8151519722726230E-016
  0.99999969284083767        3.8151508004137391E-016   3.8151519722726230E-016
  0.99999996934549784        3.8151518553210385E-016   3.8151519722726230E-016
  0.99999998138597090        3.8151519012572733E-016   3.8151519722726230E-016
   1.0000000659353019        3.8151522238258201E-016   3.8151519722726230E-016
   1.0000025870136304        3.8151618421227775E-016   3.8151519722726230E-016
   1.0000000004945846        3.8151519741595383E-016   3.8151519722726230E-016
   1.0000000000494587        3.8151519724613151E-016   3.8151519722726230E-016
 wgt:
   1.1111111111111112        5.8454615151874527E-005   5.2609153636687076E-005
   1.0101010101010102        5.3140559228976850E-005   5.2609153636687076E-005
   1.0010010010010009        5.2661815452139213E-005   5.2609153636687076E-005
   1.0001000100010002        5.2614415078194900E-005   5.2609153636687076E-005
   1.0000100001000010        5.2609679733484414E-005   5.2609153636687076E-005
   1.0000010000010000        5.2609206245893320E-005   5.2609153636687076E-005
   1.0000001000000103        5.2609158897602979E-005   5.2609153636687076E-005
   1.0000000100000004        5.2609154162778630E-005   5.2609153636687076E-005
   1.0000000009999999        5.2609153689296225E-005   5.2609153636687076E-005
   1.0000000000999998        5.2609153641947984E-005   5.2609153636687076E-005
