   0.0000000000000000        0.0000000000000000        0.0000000000000000        0.0000000000000000        0.0000000000000000        0.0000000000000000        0.0000000000000000        0.0000000000000000        0.0000000000000000        0.0000000000000000     
   3.3972251434794647E-002   2.7555278914546425E-003   1.5343643361401513E-002   1.4538449759160589E-002   1.5178953081704782E-002  0.14362471320880643        7.9546207878250327E-002   9.7850458946830338E-002   4.2699883588288912E-002   1.1200186622219771E-002
  0.59613636418799765        1.9304093326910361       0.70381156335380390       0.60020001999546391       0.66186553048283059       0.64484047764659580       0.33619060867155975       0.58347660742937790        1.0030356142230636        3.2404389845654991     
   5.9535060705515772E-002   5.5542611307711860E-003   2.7484249197641523E-002   2.6441768909784183E-002   3.0414108818792515E-002  0.18261276134040005       0.13795528509207441       0.16288764784849652        6.8282420760793106E-002   2.2895653862321105E-002
  0.72859462632343941        1.8869130064684900       0.68734776479810278       0.46901688403739411       0.56528305301461801        1.7869867228508571       0.63502185708101488       0.67158543275738192       0.78461428543256517       0.96230052035807456     
   7.9286611428145026E-002   8.1170514881302152E-003   3.9818536665258648E-002   3.7108074645264541E-002   4.7669632723289682E-002  0.20592569373889738       0.16583271021229898       0.20629776945918535        9.0176848525657050E-002   3.6854533654790876E-002
  0.46850416181490573        2.0570827768327322       0.66972439289236896       0.59119099804169417       0.64324778743953437        1.1749558774134685       0.58441193498689525       0.59586293919592170       0.96941806788753082       0.60912184568017369     
   9.9528639243513933E-002   1.0617644295122830E-002   5.1848666467714778E-002   4.8963906233588941E-002   6.3670607794675121E-002  0.23235282522946343       0.18811948115043661       0.23793599576879437       0.11085055333583069        5.1876728414131136E-002
  0.61547177555838817        1.6885411360501641       0.55584043106749859       0.51280160543266706       0.63260840917469618        1.1954273668364028       0.62830877583370848       0.49935386410006605       0.63146949122146023       0.70292103564863062     
  0.12083628383789537        1.2852852114093358E-002   6.3500799043817280E-002   6.1152447933978421E-002   7.8929958188656807E-002  0.26749433508337284       0.20895409670776732       0.26615879317210134       0.12973532962809003        6.7261069034597942E-002
  0.60368874605361245        1.2187716019983856       0.66483858679208896       0.56062218657331608       0.54261827976093513        1.1226460379299175       0.47985111463963093       0.53495537972417695       0.66186736426139126       0.57293285998143351     
  0.14219400495882747        1.5392551647046830E-002   7.3116978340419692E-002   7.3055118635171848E-002   9.3280539045767108E-002  0.30152531945044131       0.22776995935121458       0.29253539456427013       0.14492739210276304        8.3228010285935072E-002
  0.67417887915195118        1.0906793149878438       0.66794552953160025       0.60198595507870822       0.62385914136395748       0.94472371763064911       0.67323987057283097       0.64927061249587592       0.75214993563352783       0.49712207492210569     
  0.16320409488139115        1.8320993532541355E-002   8.3349346456157603E-002   8.5183517304093417E-002  0.10874321883246703       0.32929129358842985       0.24446241593868215       0.31733739379730702       0.15837834823168831       0.10031564209648003     
  0.74696623821258123        1.3271594213953464        1.0475228260375726       0.47937585256020954       0.65139864880462550       0.79621083372666768       0.69344849243430096       0.57779287764462495       0.64367352711294579       0.67457232288336988     
  0.18328401510777689        2.1497781736303224E-002   9.1048996368173929E-002   9.6603418811211691E-002  0.12496169917984003       0.35182708834816034       0.26037984488945037       0.34175034903837914       0.17356335906760764       0.11617242994390566     
  0.71694915619940414        1.2817008975363817       0.60795933530939716       0.59572496907609962       0.61767234437796026       0.95875383236092671       0.60077793660845014       0.73546883214025793       0.65939230056109122       0.49417077249165409     
  0.20336164767965584        2.4935215976998534E-002   9.8246811861710109E-002  0.10818366325954497       0.14380063947267124       0.37272959569917730       0.27533287047900135       0.36358223885244684       0.19019212509776151       0.13063631962399203     
  0.84895085314230612        1.1111889043527088       0.54556259461989998       0.61127539293467437       0.86476822846101464       0.73104322729633264       0.54234581800545645       0.54992166001713505       0.95137033271990701       0.57695733504982294     
  0.22162710040131622        2.8883333891976361E-002  0.10467488886650479       0.11998270696257055       0.16275723230282091       0.39459038344359193       0.28791683686301434       0.38340105636545718       0.20608698577873927       0.14574902700937525     
  0.69534611723216710       0.94728323524798075       0.57125537726045672       0.63414101592212235       0.72824853105654563       0.75329367043972550       0.66707646372672935       0.57787599083129537       0.73311928608463328       0.47862277737045683     
  0.23802130929393378        3.3383187980910549E-002  0.11171500737185303       0.13336367809224703       0.18154047634128728       0.41648289873747069       0.30100989699711278       0.40312101656521487       0.22116282511619742       0.16189368720680006     
  0.50283114300474319       0.91993162107533744       0.56510028747740726       0.51480154910945020       0.76075992954999039       0.84467003399174212       0.54564987624131467       0.68896342044916348       0.71907332287351455       0.49815627075341351     
  0.25383531937202608        3.7961986902242763E-002  0.11816846013452204       0.14884225750962454       0.19969140152139467       0.43716599967464881       0.31428716539765650       0.42300871703038362       0.23609978568051060       0.17902197782561316     
  0.53603481533694364       0.93946035513501192       0.53989304632363111       0.65096219587506687       0.78886802886328167       0.93161125449435411       0.66885865475720996       0.56709522524497014       0.64914518485945627       0.56246926894532279     
  0.27090206640407305        4.3047597767428877E-002  0.12435263171380635       0.16346212448409561       0.21702702656979767       0.45599117231553604       0.32748225565667527       0.44143254198951143       0.24994020356851665       0.19602320049799313     
  0.72841731792627173       0.95322444767384951       0.57339276172748965       0.80723579252573829       0.63072036800300013       0.75998835909824036       0.72849117610129754       0.51884336168735123       0.65198804016167533       0.66230528026987212     
  0.28881041797542506        4.8589735490754876E-002  0.13056329521566148       0.18021833128254078       0.23384467491997579       0.47225998179428186       0.34089124217320710       0.45804391535699085       0.26623147534599984       0.21152853308927252     
  0.59842658577811847       0.73117260831822761       0.56942595134096563       0.50591126332470804       0.58880764424030196       0.84465837168909330       0.72731069228726553       0.59611772033890420       0.77371416549995020       0.59669984895592842     
  0.30482813832095262        5.4336301135132214E-002  0.13644313341922076       0.19682061765909464       0.25127140872820325       0.48647667570961173       0.35410144659023268       0.47429960283732181       0.28354492201240661       0.22690358330283716     
  0.60591399031316506       0.74844720224995054       0.47989751380001461       0.54736305365940430       0.63679510152226937       0.64100358641806954       0.70252840626536928       0.65271404357585683       0.75100264476087741       0.62076338006714471     
  0.32072187272409730        6.0228696840093875E-002  0.14407711865101150       0.21355533890284362       0.26963054118971946       0.50176289154478138       0.36483689570028877       0.49111149146566002       0.30044488778913203       0.24535242202723215     
  0.73458257648187220       0.66825596937086895       0.63958484587044884       0.61122941146876697       0.84097329775281304       0.57437618996611539       0.60214453222891950       0.50501454262432299       0.81831103438876729       0.78848490027035778     
  0.33641004580420197        6.6443792840869487E-002  0.15140800266604706       0.22847119474171945       0.28813426834439609       0.51627509156120144       0.37654928590435693       0.50756530648024045       0.31765644225427037       0.26470282506908582     
  0.61609846305859961       0.64311109644014131       0.47492060177512091       0.65608384101145201       0.75202124486030442       0.82178636480433398       0.65119648628673521       0.52460879891551970       0.80345247015875187       0.61120807071085848     
  0.35182367871762710        7.2815238298046647E-002  0.15904149103703907       0.24174361210716447       0.30640831450682243       0.53103621265622503       0.38791001217320564       0.52416513318367330       0.33522411696137649       0.28439444905990502     
  0.67647319055566613       0.66998055409079904       0.50314016332206357       0.68133505027821939       0.72913204786975427       0.61597744378056907       0.71828247611839402       0.56140486206150397       0.83265295694469488       0.70407221642874707     
  0.36765626890611308        7.9635643208914419E-002  0.16671541610894494       0.25610774059530605       0.32452772099370630       0.54370029703372547       0.39888976468060383       0.54113220852409583       0.35209521903899227       0.30439663084643376     
  0.61778415383648577       0.57658841109197112       0.61637512736121680       0.62840351390605953       0.73976000622652083       0.64449138442446041       0.53116431894640204       0.55305078437528810       0.72507453190180560       0.69924800221107597     
  0.38441370988086371        8.5967295925437989E-002  0.17456523240013286       0.27158528294222389       0.34272346428669448       0.55545917843274051       0.40899930506361004       0.55753851856988945       0.36998123299748559       0.32403231447951242     
  0.61644640410212115       0.55951985985196750       0.70351938576081019       0.59925901803062143       0.62970836993227453       0.57369928759513800       0.72712903772777404       0.72081881572440853       0.72314567591855328       0.49824611141050862     
  0.40180614532854819        9.2353502958687453E-002  0.18154919840996878       0.28765171140654006       0.35910793918013012       0.56687886244991414       0.41890018500074588       0.57333758264918122       0.38766791217535346       0.34273047526148076     
  0.54762319811120030       0.54780430825189452       0.52524840145807272       0.52605922993545828       0.54994694857213455       0.66355191855240425       0.59274517858441278       0.74228531106309481       0.53253624549025147       0.61456423613704203     
  0.41833682781171455        9.9502842856975693E-002  0.18799887013865352       0.30375476413425645       0.37357836799137395       0.57890444389466744       0.42851393933419230       0.58903689430701289       0.40376233049183435       0.36081238270035421     
  0.48423433114748249       0.51489042444020838       0.53245609318977605       0.70575276405593734       0.68799770758766488       0.65280760860032605       0.65016056910775111       0.82497356417215606       0.84870330890863610       0.57362236080426854     
  0.43440334167608208       0.10750556509049079       0.19388904158349007       0.31991778562029610       0.38998853076000345       0.59155366159353007       0.43766145813382579       0.60404274010853720       0.41879756885291836       0.37773752774859215     
  0.57953823320912345       0.44074972387027250       0.45288909187129206       0.62567127801997569       0.74436743999213961       0.62168047616078048       0.61941367878722453       0.76249752712886110       0.81420785098820203       0.56379414863663957     
  0.45045848444858466       0.11670170435405393       0.20047061572720476       0.33677610378783968       0.40740695420734629       0.60393216997297539       0.44694354020301263       0.61713722593514753       0.43283434142517691       0.39394990632166316     
  0.63681869123250334       0.50246830577904145       0.60167601436097562       0.69935413247267930       0.58102093018074630       0.68908891992648469       0.54952436406470262       0.58260244717864407       0.62891218334070487       0.62925487552066495     
  0.46693585649566366       0.12546684500638736       0.20730316194330337       0.35416038396823052       0.42387190754317522       0.61615075929320651       0.45663377608136418       0.63083013553365475       0.44870115211396006       0.40998895611056768     
  0.57334897710342814       0.57780656628645699       0.49748456264849322       0.65455162877593842       0.64930680472788160       0.68361180078210537       0.63808050480466505       0.74299364393001099       0.86494067873299918       0.68109482742117400     
  0.48373389766566433       0.13472624638931371       0.21445767088084161       0.37090597728861008       0.44002140134130613       0.62739624191404664       0.46587885810282254       0.64298671020628895       0.46196562840179095       0.42604874212060240     
  0.43698921020943549       0.46437355821339960       0.48935467703109087       0.65370883837631233       0.71235871412843732       0.67561406781189282       0.78618005449309092       0.68177218083135049       0.50954480133302427       0.54489607507723270     
  0.50041554474980821       0.14479760600378744       0.22226175003916807       0.38728018767953182       0.45681307969628393       0.63847302739010858       0.47443680520119630       0.65484945362434110       0.47494821407942833       0.44438954107548467     
  0.80830533652138159       0.62398408089851642       0.50251804531035338       0.72239889619017039       0.53453597109995821       0.56819924668394040       0.53638145278491300       0.80467281200398022       0.71766220617595655       0.77044815795600075     
  0.51587930087078071       0.15596235467204236       0.23022479383120265       0.40448862835931559       0.47389499927145073       0.64989376193246551       0.48332359428965899       0.66753589420643433       0.48874427411126831       0.46333555803450821     
  0.77384122338484329       0.49585918831893605       0.70490974148863028       0.58606918682444775       0.77007023894045512       0.53226318294404273       0.52847473965621761       0.81908691444814719       0.55496183913251007       0.74449963547062614     
  0.53093969452896173       0.16896424471776744       0.23807575551014171       0.42233727524912784       0.49181280361166935       0.66173865245112540       0.49309117557435633       0.67920259357966095       0.50071266629364464       0.48162213153362510     
  0.75697915545772210       0.61240388046108973       0.56685755997662590       0.61389205332585195       0.74577280399907009       0.62331263577801166       0.74945959430099740       0.62535157527467888       0.55609327888915872       0.61529177243623823     
  0.54517670866334111       0.18337375804421288       0.24712808535597638       0.44036090912589548       0.50782074345685957       0.67245581941275878       0.50284618605078302       0.68954381843680601       0.51421185393405278       0.49937542557196618     
  0.60524974438899548       0.56137251814114020       0.74373193193628673       0.69012609512796597       0.69508007420766360       0.74926661067595079       0.80678101614835196       0.61698486123584317       0.68893439367947451       0.58502774658809942     
  0.55835536987475376       0.19851448375402905       0.25718537739962388       0.45762297387843087       0.52185985233054144       0.68334732641007279       0.51176982787474612       0.70036414439082895       0.52880175157647868       0.51538601118946625     
  0.51091701236542519       0.59412480361163889       0.63414060610635359       0.50249164991252748       0.63786269961337050       0.76986062237280517       0.66591336104347754       0.61493011496784578       0.54124796127199837       0.59587304391030183     
  0.57045391342214946       0.21443506938927134       0.26731240729753236       0.47519763797532205       0.53385534706204096       0.69375411753888294       0.51987635016237588       0.71087627049278679       0.54433481862943700       0.52945441586529929     
  0.44052962223138470       0.50197419581896918       0.61802126004693159       0.58300950329143186       0.43271751079513598       0.71229114099732171       0.56361833375610704       0.72620942220902585       0.70213048601574524       0.55130527501717697     
  0.58291973817347775       0.23055821810944765       0.27738292298935380       0.48893169568038669       0.54677541836255028       0.70365153796848900       0.52791902587340245       0.72134402614053350       0.55934084136035367       0.54197528089316827     
  0.58449352923703346       0.58808576738558582       0.76013256614908065       0.75839385440181095       0.52608319875401321       0.49228288194183423       0.46102756125627342       0.74679995471230709       0.71999066130492062       0.51454207940709928     
  0.59443179398206047       0.24625230379271779       0.28784199702569291       0.50290067502699198       0.56045001936992289       0.71429302096690972       0.53581133334081921       0.73183805926507328       0.57450803759002100       0.55449488906896105     
  0.63629075908840382       0.55611387430955883       0.70018028956286460       0.67950475332935434       0.58938266202727940       0.60496768180882843       0.63426731841240591       0.62705531321493679       0.70453651928356364       0.49994640096556109     
  0.60660482837459051       0.26275206183104000       0.29895022214068251       0.51736724881955110       0.57217365926522834       0.72422732287026548       0.54413522417573967       0.74254609547789774       0.59004809896858812       0.56739849251056063     
  0.57799246661467307       0.60480868707617019       0.70031226451086159       0.51181514521461413       0.49309238828296625       0.55110949007502197       0.59635697812385136       0.76959111038522676       0.69698058946569408       0.45027794917129821     
  0.62109785021999686       0.28018622972751578       0.31059233276213599       0.53210566229049361       0.58388245083861356       0.73377706256842423       0.55209831329754588       0.75350518716735082       0.60595853852443804       0.58076285078773504     
  0.64958196019842296       0.58446606729026951       0.72922161698880728       0.60802368891322356       0.52327768984596534       0.58021043186019261       0.80211881595832901       0.46964184346114363       0.65052293503916481       0.45562321140884737     
  0.63699227765992916       0.29763404905079627       0.32252858076276075       0.54937559135448399       0.59376173850456249       0.74358219278137339       0.56007621961401355       0.76441126173489293       0.62273828701501521       0.59330614261258907     
  0.63641930297102534       0.63328623293469288       0.83572951470537393       0.70846057256393757       0.44191373495526159       0.55503709997217821       0.60982227868487948       0.55364066095093922       0.65244570372914334       0.50544049355492704     
  0.65386785384911994       0.31609776721079813       0.33441815507161027       0.56832389613069523       0.60620547773072997       0.75373588224618404       0.56890517346697067       0.77568130641946365       0.63966607317767554       0.60286736615934311     
  0.70061733041093222       0.46720791062098449       0.80300093211374168       0.60261243469585457       0.58861003061051631       0.44259885272900801       0.59093361797384181       0.78650919854477208       0.68800043460976079       0.48696646666887239     
  0.67145444955038103       0.33601928797075076       0.34638193668427136       0.58700635783963562       0.62128754892233151       0.76417352474715527       0.57809874317359111       0.78741356883505575       0.65561190135529457       0.61394806837976279     
  0.79455916990948394       0.61136875209391406       0.61461028015234020       0.72928602065616022       0.57162881923411724       0.45855415314792264       0.57562916455582536       0.83194845868680989       0.67931506827507837       0.44120490717622274     
  0.68953657707520699       0.35660986617423801       0.35721644443629719       0.60588915289171430       0.63675159335909293       0.77391499109265827       0.58657061319988535       0.79904565731053723       0.67148899366036086       0.62553277515778583     
  0.75998135670567180       0.58293978990111195       0.58128850611060268       0.89435861288619212       0.53814328541887224       0.49709164711388359       0.55350673754947066       0.80445269027029109       0.68801732932528104       0.52857858760376741     
  0.70842011826006956       0.37735702443418156       0.36832042249950364       0.62505270503129562       0.64994756677036658       0.78321283176370649       0.59418872977743642       0.80967508952658551       0.68755586206257746       0.63879339548718417     
  0.61470269378777309       0.56036493045236480       0.68145414339216759       0.84817184834399628       0.55384561431658319       0.55099311376794458       0.62662261946450604       0.70539620781491275       0.51068000006889991       0.46986195157641847     
  0.72609283925953683       0.39865099379640911       0.37970134040223430       0.64377361330363159       0.66246752808241283       0.79222277760054416       0.60197672553427395       0.81963752767816866       0.70363279307202298       0.65439179242306000     
  0.73565346961758982       0.46026606681634863       0.61034377984862531       0.83523163413312296       0.49376442941592474       0.51821563043761754       0.55234900464711234       0.61153022398386225       0.54688276337366426       0.59107875699433166     
  0.74401349031202513       0.42042654433726007       0.39111198513165113       0.66267862986104786       0.67377028612759737       0.80126320718649724       0.61038252819020400       0.82923456325802658       0.71974561529366066       0.67101915157197223     
  0.85995878859153285       0.51294302676658932       0.75848020813324268       0.81174610809004799       0.64474976964304853       0.48877024454071583       0.76179234277205277       0.52615711730919201       0.53239166541476446       0.75947996577027010     
  0.76244031859370009       0.44160106657733050       0.40268750643716417       0.68131243974493993       0.68612755512135792       0.80965704316773024       0.61972966370095028       0.83926508932576782       0.73574140417267031       0.68528207845911338     
  0.69080578430964634       0.45941369614686822       0.62240924781934892       0.65663155907404780       0.49917536100508425       0.60709783493374680       0.62202991299982646       0.66037979911155487       0.59841814225424916       0.57241083369132650     
  0.78060371268743567       0.46226213491891710       0.41552879944375193       0.70037287847488694       0.69977256526799869       0.81798675502392237       0.62953155636536884       0.84959903805312742       0.75047502816492051       0.69836594914588290     
  0.80079638756290961       0.53722350463666868       0.55365785745159424       0.72970690223215573       0.60317467753489551       0.60772393712417716       0.73520181426622266       0.66138815024342024       0.48939686698473456       0.50149282830507358     
  0.79774249556403198       0.48279324607867191       0.42811985799872382       0.71896598801910827       0.71316650261569270       0.82632652196938527       0.63930367595654747       0.85975338890900421       0.76391597529024335       0.71451896824785432     
  0.70845356881513344       0.47568349254074554       0.60413657949799160       0.88566404539285670       0.62356877583939740       0.52756413294124493       0.62504987539102441       0.74676571244280909       0.63833182018072021       0.63671424711604463     
  0.81420051448259023       0.50294042172839493       0.44152124387941138       0.74001404899734302       0.72794238718991622       0.83475302121256456       0.64922448360261631       0.87019689898438635       0.77781079796831254       0.73443911599325729     
  0.78883741503112881       0.39356474989413359       0.66374856160302786       0.64410071781957845       0.62745208871723879       0.63565249926298251       0.59870829357098232       0.63258771354144328       0.61733509832424993       0.80715526352446665     
  0.82933030013236797       0.52521938223099307       0.45664696903553736       0.76112510675528733       0.74559435348726955       0.84397669871896464       0.65917455641381617       0.88068769980329531       0.79176930554284708       0.75539026242054474     
  0.57927562871637273       0.38634330739791739       0.65187814819987555       0.87833327468575484       0.68043122775777498       0.59899069135328498       0.76765397855793949       0.73247581037799858       0.49697312199614352       0.61423413987122932     
  0.84394572937460788       0.54912067938693832       0.47287091771403172       0.77787734572084366       0.76365820316141453       0.85289261782032677       0.66938135030136259       0.89076599811279433       0.80512351916226521       0.77578543850967085     
  0.88753169036703228       0.55475893244273167       0.76518639328747673       0.52685289317027406       0.59056184628728403       0.46220130105205115       0.86447986995779491       0.85880507293464736       0.49788990716755754       0.75372208306327759     
  0.85772676954577798       0.57301210743720654       0.49162577943876007       0.79272286287560723       0.78061942556895669       0.86177850218529062       0.67923646099355883       0.89992908960083373       0.81700075047105314       0.79557115361522002     
  0.70571091478799763       0.62914196941566580       0.71310811019320852       0.69281263105821733       0.94638184503681599       0.57770261901130227       0.74825343479092943       0.73867793271668303       0.53755651453966879       0.59631616945891552     
  0.87122614776958207       0.59676331941329408       0.51213759450759622       0.80756103778267685       0.79697945704116469       0.87081909496139132       0.68858375180437603       0.90803520946557426       0.82939472242458878       0.81448660130180373     
  0.73578979843660286       0.48343494474826687       0.88414004360485088       0.77898381225170910       0.65000865715687539       0.50284985523115400       0.62162075896404201       0.59163892920183980       0.48103793352620272       0.67706419563785025     
  0.88494337848646520       0.62039577682402325       0.53210645757612429       0.82226851997944872       0.81326256445763945       0.87988684487924873       0.69679792128240936       0.91471661233672308       0.84119951300943230       0.83310183357332046     
  0.66695949720200065       0.52030312399244449       0.72651942118730228       0.62155603039363339       0.65394223075554581       0.49335171546657630       0.74478979795388989       0.65281732620653010       0.54867407254127243       0.66312328320813396     
  0.89799886964558751       0.64604687596868426       0.55216038056893191       0.83850797299649937       0.82906891041017239       0.88840540545883873       0.70567329506348686       0.92095790175932868       0.85331542040847941       0.85164952918288261     
  0.67377784229700688       0.53412632352149592       0.71975156540346730       0.68238241113685183       0.56132093809674355       0.52089779723069662       0.52922419121812592       0.62469906179536228       0.67584147820359408       0.80101965719717372     
  0.91033927216104582       0.66996450721196554       0.57298221451288578       0.85548731454087512       0.84499312200066978       0.89698730418651695       0.71470149952803153       0.92877713562483777       0.86620929412116765       0.86884663359998837     
  0.40681770410449708       0.52410181617046392       0.67770103094995437       0.61462395053777874       0.56947512712180060       0.57327851090699111       0.60527451120563214       0.66200748674482957       0.45565148284497803       0.64593518571956332     
  0.92264921219632678       0.69327936841464610       0.59475044101636587       0.87116645072926124       0.86145095811918027       0.90563231748831940       0.72359284423020065       0.93749461139930501       0.87883253808945172       0.88563795857268457     
  0.66038202893296716       0.43993960918263869       0.76272524380159468       0.72324085352602774       0.69856615091284946       0.53814461713346184       0.73888363438137072       0.59056375133139838       0.38532278000467957       0.59827726918777679     
  0.93413759439654842       0.71699344672206078       0.61781227449719622       0.88505563809559673       0.87846716914817946       0.91420626125717730       0.73421252850337115       0.94569932312236960       0.89128367332066438       0.89962129306653404     
  0.52217036153770924       0.48879297936381805       0.71334837679236951       0.72948012687040731       0.85934631173542408       0.57162238242137575       0.80511937012415380       0.53659250429925998       0.40448705411574537       0.55502976761995804     
  0.94381194020560510       0.73875282298244227       0.64238851281651488       0.89832687813913192       0.89329382778419086       0.92274935841035877       0.74854876902535228       0.95322227622379074       0.90290430228450402       0.91443906241173500     
  0.61721781831998512       0.42205560900439576       0.75781509177906170       0.55954795294815418       0.63032560870123377       0.52602609749938778       0.76795489559103369       0.74485105161081400       0.46961332886928547       0.47437222018247965     
  0.95148305754478224       0.75988979688283376       0.66924684829104930       0.91180939439311715       0.90618051263161392       0.93140066606578387       0.76229600669498820       0.95911952179611970       0.91569337594353584       0.92902270139362231     
  0.62449768310804388       0.35028994825900855       0.88377479075310461       0.65072269858106790       0.65064652029987113       0.47897480744839244       0.71371492456412322       0.61101966588131162       0.47499731550592711       0.53463027448998568     
  0.95957288704314847       0.78275172614202371       0.69512303104940654       0.92676054205779113       0.92074293206616542       0.94087382922491525       0.77437711984410607       0.96482180840835718       0.92883256388473046       0.94343709801131193     
  0.46782671671951420       0.52482367264066343       0.77204166254508966       0.47097234904479557       0.66194272707718727       0.55276822275759530       0.59361632498794459       0.49781391835833916       0.55438871580714200       0.52366776471796772     
  0.96791192539669291       0.80667216622130899       0.72093919402744611       0.94245197578192952       0.93667939871241901       0.95066124079468084       0.78879212040332014       0.96895920636578281       0.94214859190033029       0.95609646158756134     
  0.62195894403884655       0.41037482834312994       0.67426881574171726       0.50862842016171905       0.50684023762001718       0.50069841100093093       0.60508196103974887       0.47222363369799281       0.44788377226802761       0.58165121071466108     
  0.97664998670769976       0.83976677383346010       0.75321577431069475       0.95729265687251452       0.95361438346361116       0.96018694844737118       0.80802571655825239       0.97452901051808649       0.95606534572363344       0.96847335875191098     
  0.52206893109486130       0.45947645810457799       0.58878297594218942       0.55679062744059749       0.92403536637364536       0.52203999422588832       0.54274104727497408       0.46031378423387742       0.54473716318612475       0.65565611788804989     
  0.98507963005918242       0.88076397831741782       0.80077983310352818       0.97039910996263545       0.96985345963155889       0.96958504924968880       0.83550205146402401       0.98112852417949048       0.97061312209744433       0.97982240688431677     
  0.55651793312545228       0.64142256272967557       0.56968197646159635       0.58997826336116643       0.62395076931271687       0.48333896798691106       0.63649528590259974       0.63113224887007613       0.52915742044866332       0.73416640395969546     
  0.99269513111851082       0.93314523885604361       0.87821294238066727       0.98539434092413336       0.98429741211988198       0.98257672594598255       0.89052160650470813       0.98996601058897571       0.98511430799538580       0.99057055419064599     
  0.56755292945486369       0.60535232978031905       0.51872095951225861       0.61895503774905469       0.66857389201166539       0.55599815536510977        1.1188928555570741       0.68875874584385022       0.49742480162366448       0.87322675766100444     
   1.0000000000000000        1.0000000000000000        1.0000000000000000        1.0000000000000000        1.0000000000000000        1.0000000000000000        1.0000000000000000        1.0000000000000000        1.0000000000000000        1.0000000000000000     
  0.89199534662175251       0.45805994894045066       0.46526463941193302       0.69166655353321616       0.68373342677083881       0.48490621140868789       0.46020187820140351       0.57026004438974787        1.1240429253234960        4.5475285643337076     
  -1.2260201833235520        23.464496140393358       -1.2132064184266396       -2.1513287578370952       0.40127534947389620        0.0000000000000000       -2.3681133935372300        2.1442426442404905        2.8777880224258965       -2.3145865657547833     
 -0.24475172211762181        1.9890669601754045        8.7975622080094737       -3.6073568289864113       -3.5606780657284696        0.0000000000000000       -3.4698552753307577        2.6044690224487104       -2.1422731241315414       -1.8019358749860042     
  0.95733268010539707       -1.3388277041948506       -1.4892792598585698       0.53358121907903555       -3.9930948803921682       0.88971769528018507      -0.34697710202439869      -0.66894537917694696        5.1000044785915977       -4.6790222105444403     
  -3.7548355795802713       -6.3255387498331928        1.1413889448616665        5.3620690029322908      -0.79405250660538507       -2.8628245292768546       0.46776998645764745       -2.5112741747363803      -0.94007373407665185        1.8811177603317204     
  -2.8257185709243298       -6.1547416981318683       -2.2820172143795356       -3.1079721094894679        1.7265031041008698       -1.3620961640148681      -0.26025358186748371      -0.75229545466058645       -3.2637146075801629       0.62923819597867414     
 -0.95038410472026646       -12.302457707088754       -5.8693639328202698       -1.7094385638017335        2.1968170194348979      -0.78243468974656127       -3.5466852699899576        1.0486134989515699       -1.2705833032464542       -2.6673536918995713     
  -4.5024432278767232       -14.179584104088335       -1.7320679925118849       -1.7270378004712093      -0.55865881021211394        6.8560164419410680E-002  0.99181042217548543       0.30555258171583471       -2.8431163210428614       -1.5994094131420658     
   1.9932628926684706       -15.110721281023805       -8.7302867337392094       -3.1654908918594442       -2.1377215613225995        2.8883190053022836        2.3142115766031592        4.2156888125530321       -1.4468677672539676        3.7659837222954016     
   1.7758478246670981E-004
           1           1           1           1           1           1           1           1           1           1
   1.9855057421293905E-005   1.4771717931795798E-005  -5.9785667273443018E-010  -1.2124013992127132        8.3864042005916407E-007   9.1712805784203298E-010
   1.9448134905894637E-007   1.9752181072474467E-007   1.4772765904922028E-008   5.2804378421806769E-002   1.4768705525447252E-008   1.1413139213166924E-011
   5.0000000000000001E-003  -2.0688286826663003     
