   0.0000000000000000        0.0000000000000000        0.0000000000000000        0.0000000000000000        0.0000000000000000        0.0000000000000000        0.0000000000000000        0.0000000000000000        0.0000000000000000        0.0000000000000000     
   3.9749881206848067E-002   1.1921533603881165E-003   1.8100058599082692E-002   1.2788696465516577E-002   1.2584486258974780E-002  0.14563295114237876       0.11926909464671852       0.11026367754313772        4.2645575320579165E-002   1.2686493370509522E-002
  0.74458927629399518        1.1021778542409684       0.61908291275510041       0.75870038617991864       0.52301185361022329       0.39385449887712415       0.46971843803227159       0.63193778856290561       0.97495713596363165       0.50890802195114138     
   6.6325627907919738E-002   2.4396345476086143E-003   3.3855548724907376E-002   2.6129903886503849E-002   2.6365634295788615E-002  0.20357299725181133       0.17117268993301887       0.17671566313820830        7.3341800007118596E-002   2.5341869424881470E-002
  0.51152505200204967        1.1523864346992621       0.62218540966490321       0.52899600205848840       0.57555558080305280        2.1207257339623031       0.80841442832993793       0.65718422903125229       0.99923267755501299       0.49200680744755876     
   8.5939275179162417E-002   3.7905978994678315E-003   4.6765797937322488E-002   3.9038788218565039E-002   4.2830128050983206E-002  0.22775734171761447       0.19787564300470284       0.21706735990621734        9.2066148353219829E-002   3.9905137960530870E-002
  0.70374682208360761        1.7984999834507913       0.80266917354001421       0.50779562471349227       0.58136547688729112        1.3847052648536731       0.67822074431500912       0.55152163734963977       0.88146343312835784       0.61176723537756617     
  0.10499809230377873        5.1066067778610998E-003   5.8189824976089669E-002   5.3115835114758120E-002   5.9703203380511251E-002  0.25574623127922924       0.21651279784811001       0.24930606908165784       0.10950638592360834        5.8211930324538148E-002
  0.53162497022263822        2.1977139134952326       0.68044429654015703       0.55011446145587029       0.66987859023165242        1.1428067181836226       0.63360807662579133       0.60935434114380627       0.75995638536303656       0.66802708987808979     
  0.12371411629044109        6.2322989522560820E-003   6.8409576725458540E-002   7.0606780999118990E-002   7.4816970201143543E-002  0.27743660420656163       0.23272028399687811       0.27427452789344597       0.12618513063724340        7.5599502982299352E-002
  0.58167908668537516        2.0582125189089169       0.67690415739676790       0.52448889796629805       0.65784826671062246       0.63982549630052943       0.57380368936487380       0.51724295461831360       0.75487912147047442       0.63232788987806232     
  0.14294017445578430        7.3526451657413491E-003   7.8496504593976890E-002   8.8068694007966006E-002   9.0102559456229539E-002  0.29583201862022185       0.24669831574377868       0.29613481014126897       0.14159244570417376        9.2228140437932343E-002
  0.57011852973620258        1.3084161589119516       0.57982607519889429       0.68125576771798668       0.61000308478663501       0.63978045405433392       0.60640175728937851       0.48411608756679814       0.60198189013433423       0.74654016092323183     
  0.16147369964723232        8.6007021236325851E-003   8.7956755041586690E-002  0.10520958643228646       0.10522474656147808       0.31202345029511575       0.26013717475908693       0.31566139205881194       0.15695363909623949       0.10883506163605873     
  0.63438013661733517        1.0806711574773273       0.56691436759972325       0.74524972666668665       0.56763205143414741        1.0758703601919228       0.63078387568472505       0.59419228041053407       0.81041561037519760       0.58512377969832763     
  0.17966945563754250        1.0014700933561861E-002   9.6902863375056353E-002  0.12187630836413793       0.12109045819842743       0.32536393621323129       0.27339660355283368       0.33427584486747147       0.17277808414852186       0.12636298736338872     
  0.76237460919283306        1.1172072897290994       0.49521295708005397       0.64315703222203313       0.42084047635135352       0.57240986724229115       0.67507256660154968       0.48335820959810383       0.54569634887358409       0.52766579561489968     
  0.19740588292306116        1.1889113727623961E-002  0.10563874780667278       0.13800206686343533       0.13812021917003908       0.34033100639537317       0.28548454493977893       0.35253603264615613       0.18675072998517550       0.14431784104099529     
  0.57139672623040250        1.7457139581891332       0.53251512888377028       0.58229333464861333       0.91587549669685697       0.82765977337899765       0.59155027258674886       0.51140314911212226       0.58374126568599316       0.60570418599809206     
  0.21439253329763319        1.4174149097419517E-002  0.11429096823568338       0.15375947747047677       0.15458018546619140       0.35400433347344828       0.29680582293963459       0.37050507237194358       0.20028032911584004       0.16201389996972146     
  0.55908320562953873        1.4271381161718362       0.55560075808208642       0.59860637673922368       0.61421815090183729       0.72223516659814047       0.58516333172894386       0.48850099596644508       0.72237413498100955       0.58486296370834301     
  0.22925267767233984        1.6796463707436995E-002  0.12188535871673951       0.16696743583781551       0.17175904600784667       0.36695530017617145       0.30752184003931354       0.38750433560704262       0.21388883222305802       0.17868090862385838     
  0.49183021711516794        1.1426413058426912       0.60292655724352529       0.50141160843549148       0.55962350955715034       0.59214659269347802       0.75756721946595951       0.53586336708094440       0.53229813416712624       0.55770511243045051     
  0.24447821801312350        2.0013449637431999E-002  0.12819367269440518       0.18139751675741775       0.18840696254210490       0.38036888515767209       0.31967455549352081       0.40439113396056098       0.22964472578788486       0.19461484692546913     
  0.60753446578509296        1.3267922007801487       0.42131064597151724       0.52032162458293640       0.61083849050010997       0.77355818656481412       0.81520777490788587       0.42005217490638330       0.72139040894088879       0.50839170067115369     
  0.26138805666142911        2.3837337566622520E-002  0.13495222827420977       0.19587935662330694       0.20340941997593401       0.39376691996580721       0.33241600201581067       0.42141227590208868       0.24585847758659810       0.21099328196758541     
  0.53528634394229169        1.1163890002723471       0.72041394617633225       0.66094503601240184       0.72647275656849208       0.67281772638001136       0.96546148235798790       0.47315565147353894       0.73273547939929451       0.56225254188097262     
  0.27941863962206814        2.7715974946672581E-002  0.14159432397307853       0.21236066015268715       0.21446147498882223       0.40642005116374463       0.34489129239674543       0.43892392241396411       0.26192033878759274       0.22808741118220921     
  0.61783834508725077       0.99707233213963742       0.46434012492755800       0.56732836239961260       0.47882672631453543       0.61001229150780412       0.72988537268897791       0.68456747128807971       0.75479452680423686       0.78535643561843993     
  0.29459617199436350        3.1448045503285817E-002  0.14848164220768567       0.23046721230080014       0.22477856202359775       0.41843873980507668       0.35815902943687866       0.45649373713603603       0.27848529219817814       0.24648847755845743     
  0.58835131741260871       0.75350354127267405       0.58393224648028552       0.59611526744707288       0.52004372245059227       0.66579674985168280       0.74222653812358064       0.65120638397182207       0.95325782705996498       0.65694239054410464     
  0.30795992408239192        3.5841268210824027E-002  0.15581986274941043       0.24937699198002344       0.23697634783573135       0.42845151236413437       0.37047294196288366       0.47368840688151886       0.29681848539104677       0.26596656661536111     
  0.70359989165072345       0.64364959933908605       0.55126858084824171       0.83294590574203353       0.55189078453660878       0.65144326682833742       0.76113166342024607       0.73120865918299149       0.92573933463628899       0.60841013893467977     
  0.32144220897095810        4.0713355653673018E-002  0.16253349027027172       0.26818907428196714       0.25204067311635014       0.43705960280179573       0.38246693014849437       0.48987243609205205       0.31272269996089691       0.28494873203761362     
  0.53268275161120449       0.82116586015122728       0.52588555480528465       0.68266679728331747       0.59727855914484540       0.43206922016428950       0.63909901852933149       0.45189129562602753        1.0206879089056131       0.49416462032847952     
  0.33472662096767197        4.6392484312661832E-002  0.16969074799668307       0.28623728764243000       0.26954634769037972       0.44601184383151193       0.39342662284957319       0.50541337077245974       0.33014462128314254       0.30349956567088682     
  0.59367766455946080       0.67472979850856096       0.64723105744925968       0.85120292470764558       0.62813986647628151       0.50434259209857857       0.69918080155224971       0.58010246205234650       0.82723910869857031       0.73432847066911677     
  0.34848726190727164        5.4098082050161082E-002  0.17752008783341358       0.30291424314029541       0.28667145059944954       0.45551806596881961       0.40332797747293547       0.52066923109035934       0.34762146338849181       0.32141180796506147     
  0.51442236056940660       0.66451446113734658       0.79602304299041304       0.62745765068731374       0.75661928746804508       0.48289486093378337       0.49845751745913075       0.68457776592590225       0.76064281615241069       0.56385690965684598     
  0.36265682894511597        6.3209262299564542E-002  0.18617255537687613       0.31809577270207756       0.30363991635224202       0.46751162515087019       0.41401919267121801       0.53606112978982778       0.36598363912931170       0.33850336496416150     
  0.57192673037453379       0.67364612913585498       0.59911408999303173       0.51252188590705683       0.72338109502429582       0.61365503889376072       0.66029424876134235       0.57218161080524343       0.75535563665080530       0.60876991221270049     
  0.37672500306997669        7.3632290838863551E-002  0.19464208864501045       0.33213043921521895       0.31916319915952468       0.47900328839654704       0.42553802037599164       0.55100532421837412       0.38384825231232667       0.35492734039531226     
  0.58645940758329929       0.61684656231032620       0.57210813717207132       0.50928439337354292       0.59861595576556703       0.46295490493767871       0.65460445781186805       0.65988195046129139       0.63023831434417099       0.60698853513186424     
  0.39150058306232588        8.4980309317151226E-002  0.20321217552090146       0.34639430287072209       0.33397223483386951       0.49116514239522013       0.43781798892461354       0.56537478303258570       0.39723680658085658       0.37080415444645515     
  0.53216408164497098       0.71406597820156492        1.0038111975690240       0.55896624516709281       0.73095077295271482       0.61232227595823752       0.81731047837188042       0.61387537102582423       0.84796147924582865       0.49441013748673557     
  0.40882517598252210        9.6795882249773188E-002  0.21197460943307736       0.36083524990820459       0.34930174227404120       0.50184404126895343       0.45026622472977856       0.57887217836120375       0.41039508520020335       0.38637367104893200     
  0.52172427067598726       0.58124914374292802       0.65269661830425918       0.58531787583386818       0.49080610997829321       0.58054538633457209       0.78981022161010594       0.80747198131671560       0.70159641712710163       0.61080416152360251     
  0.42433967293449426       0.10948399692824168       0.22060073089041032       0.37474086577931753       0.36523619759005671       0.51214465789592112       0.46208494644077053       0.59226049110423284       0.42354748169156714       0.40229400197559345     
  0.71507751381159945       0.56102800266670749       0.67084091178514005       0.48119369345466856       0.61308677990213223       0.55094711209024749       0.65211862313673752       0.61788068018298814       0.65725477575929092       0.48854926132330834     
  0.43951367551063886       0.12321622716096547       0.22934118233299070       0.38829093477423898       0.38281269557966807       0.52269981038097357       0.47356713724913158       0.60564882399346520       0.43733870770737793       0.41796576399136348     
  0.63916960566838321       0.69289366012331222       0.64367114261327674       0.59286563084524901       0.65537104851881123       0.58985127063146892       0.80548782476036340       0.86347139145719720       0.75749714857265216       0.58692088391491837     
  0.45445391919673778       0.13572952673766855       0.23848503458504475       0.40160525055902746       0.40043713717781704       0.53362577428657099       0.48521683002539345       0.61797001849073063       0.45544175442128371       0.43290506600154433     
  0.50609138362802453       0.51303295981490982       0.62080385783337666       0.73200249170513432       0.57443844964675450       0.62982134138452128       0.84447445470188154       0.70248193501969847       0.76891822122946074       0.57351894426617955     
  0.47138653570986866       0.14717280690092180       0.24635440120580632       0.41653697767443559       0.41707525201370155       0.54619140970133595       0.49732166157694718       0.62796873912139950       0.47247594319002795       0.44764916955773448     
  0.65055121270958638       0.43702341268638051       0.61002738408997081       0.80990175218924965       0.71914471075319819       0.57843917109056586       0.71216099811546374       0.53639428742446871        1.0422683556831807       0.44679701895332657     
  0.48817807839522770       0.15825922900782644       0.25455239490042375       0.43208805747934714       0.43328502134765179       0.55859626697975417       0.50967699801954236       0.63760427300770983       0.48864866082434516       0.46298089605148401     
  0.60161940455479279       0.47339080657923538       0.51509300179067585       0.66728140848619011       0.66080448334494934       0.72322846890656711       0.71273134542864114       0.57323666496875503       0.58323299996795508       0.55558975334045602     
  0.50497202546604592       0.17209359438791946       0.26307664913419093       0.44780275319326845       0.44947505433674872       0.57105942473631821       0.52157570732928327       0.64726995203673643       0.50434260859480007       0.47684034460556052     
  0.56548015871942492       0.60092823100979875       0.51450346609170128       0.65446606152139963       0.62840459345365351       0.68829788352178223       0.61654568965812806       0.57524252316759705       0.62345843146659252       0.64347557261130683     
  0.52086394218392895       0.19026164815574478       0.27262974613136354       0.46256547998625536       0.46669113206727142       0.58323671616415329       0.53321086521747774       0.65750842327324699       0.52050219206985882       0.48741715947154779     
  0.52857881035269383       0.44932265964671902       0.58866261709530565       0.44684673700708916       0.76668440008337368       0.64759098596222631       0.68400029068168045       0.67141464493326464       0.59192181411683531       0.47295000472754595     
  0.53487094005687652       0.20906593271573473       0.28204126568277260       0.47766269233156305       0.48179845122245746       0.59473869473201468       0.54450452546602723       0.66951447149231413       0.53518277127408509       0.49378808759091908     
  0.57479164073625977       0.49067708996671755       0.68532338641150570       0.54805729413726889       0.61681580208334474       0.48877023846713535       0.49809735631679614       0.61698794411999536       0.51776187475562474       0.73900326030887475     
  0.54735645339245431       0.22664577690955007       0.29143645625776193       0.49332172185637130       0.49513125250170481       0.60626123535367127       0.55594859011895592       0.68210502134629492       0.54835399246136129       0.49937730436736361     
  0.53613764187701274       0.55520290281357498       0.75210995858161511       0.63217186732893660       0.57109299433335725       0.55928541935896825       0.52409449610905412       0.68573209955538894       0.47855030697711548        1.7657300141488115     
  0.56122631381487409       0.24449704982330614       0.29901254669595329       0.50989630502532590       0.50941831128572712       0.61776771389792051       0.56757912892403695       0.69332338151636241       0.56123578708217980       0.50458597934455063     
  0.59898758412430775       0.43369068878411154       0.55076240247797870       0.52079205236825532       0.50063852937503106       0.65862503945651951       0.60978249291526465       0.58625673533485378       0.46638696351452963        3.4027392008984272     
  0.57557972281884506       0.26292756933007266       0.30651384714572782       0.52597918736060922       0.52364807697693783       0.62951347390460510       0.57834025159201574       0.70391517035021656       0.57487817220587234       0.51099809409176933     
  0.58391879656526469       0.42953861561860412       0.52255331773707092       0.68753423603961761       0.54378148185870268       0.69148419976816855       0.57948299034560058       0.61564336429811994       0.66341294560871189        1.0169028137054470     
  0.58894894722048463       0.28319976015747256       0.31413371166864557       0.54183643662957426       0.53919826388078196       0.63975558705227853       0.58801471475894973       0.71531604194326270       0.58949341366005870       0.51956490707799130     
  0.53186231848158394       0.48679906377803056       0.56821436581480145       0.53515942319835574       0.59075483157907693       0.52648356147133868       0.74889850610324371       0.59868130143929033       0.60921087782773675       0.71750284816139132     
  0.60239584887058939       0.30432364730364159       0.32312837552484236       0.55871502338847034       0.55658774810060374       0.64952970581430980       0.59766092189824582       0.72695872378925352       0.60523899771344691       0.53123277590964324     
  0.62757464215063852       0.43907562358814428       0.48890252269879003       0.72656246389231427       0.76794471225256877       0.46774357266438105       0.58139279794630916       0.76495981415551872       0.59901399435955038       0.55235437736734405     
  0.61552392850498017       0.32496106804689234       0.33308348587202857       0.57538817346020421       0.57400441653778189       0.65923343864877570       0.60825985116121040       0.73627584268679969       0.62152877308666155       0.54449837803648538     
  0.77839219717005570       0.45604025884472532       0.65794706094624844       0.90264879712264834       0.75740809121826735       0.61954210777676944       0.72094831471651777       0.66239491689609931       0.49650411256163668       0.56588882657678019     
  0.62787124678834327       0.34594780290876359       0.34362524981115605       0.59315828709041396       0.59122541857332445       0.66984213577693230       0.61977271708821291       0.74489762237765600       0.63771223387950970       0.55904927334023846     
  0.61690181059240845       0.52377864030977983       0.67805722909816857       0.70446370927855440       0.73044677125658997       0.71096680010067759       0.49904391142331850       0.64381084138724165       0.61138802095635558       0.52039091057859643     
  0.64075260647664856       0.36751217627048188       0.35430663269550344       0.61032239119305964       0.60767375900142828       0.68194193605139808       0.63080269341340645       0.75291907233941124       0.65366109909400238       0.57356255791288058     
  0.61322333027581721       0.48371039843263192       0.63537424833619438       0.70400992379710470       0.75282408831764414       0.75132108813563203       0.68520027426179897       0.49631282482674688       0.66866419531203969       0.53962393031766775     
  0.65430955498942345       0.38919442629514489       0.36587548610094300       0.62662665952730079       0.62367353077618859       0.69375379401084247       0.64126437749588627       0.75994353770097578       0.66920670068933752       0.58825149362557705     
  0.65671069558766637       0.54447861366445827       0.52438281441090928       0.56490047455248016       0.69909683655763522       0.65745823530639458       0.62444595899459676       0.53099963132995320       0.48872657524004975       0.52731295236405140     
  0.66849429735289134       0.41105410849041424       0.37780386965404361       0.64299501322261221       0.63980755762417907       0.70511305889220910       0.65181542208327681       0.76855962960662405       0.68474406276362743       0.60299397003745647     
  0.76337907083098511       0.47807824419438794       0.58310472539184699       0.54632544542301065       0.60075319524829440       0.57157199703139439       0.68715580099499685       0.63997547850230041       0.53884173028712123       0.60686626427919010     
  0.68403412463331648       0.43205973338522785       0.38992535547841212       0.65969453856125737       0.65660256313816456       0.71636595348328602       0.66308696277355428       0.77944805927771832       0.69780084227538175       0.61803519538215035     
  0.62455294288333640       0.42247501513163704       0.57985786230986702       0.77262216089613156       0.63569418506793918       0.72657734898188109       0.66950126280871081       0.57459225531525870       0.48737339321355072       0.55629582185170223     
  0.69999632485732077       0.45386377480054058       0.40260229964477706       0.67655396041325133       0.67310844081315702       0.72838452072503934       0.67504892277262907       0.79138612242922568       0.70926270034250216       0.63517441643060524     
  0.79154329569870241       0.47082543466864440       0.58485192774464767       0.77445752729325512       0.83008052572427082       0.63086526258313602       0.54263805401842158       0.72397365616749876       0.50065160136298659       0.48961012462456377     
  0.71624791587911218       0.47569876530613914       0.41437661124678071       0.69298860574459420       0.68890688475465967       0.74101920741769367       0.68567733537049969       0.80326546249940267       0.72114441057597989       0.65392259474929648     
  0.75665734428036335       0.45835334477749662       0.92238288157103321       0.62952933416507761       0.58611484999072305       0.59766297149582759       0.58094439441633283       0.76538463130875400       0.47126096959761132       0.62513950163980481     
  0.73337800657265129       0.49782222711134494       0.42535047038058521       0.70859261136714879       0.70379431389391800       0.75356920132492011       0.69464703604313194       0.81371325838056785       0.73276797428876939       0.67160010672879800     
  0.65567668073635743       0.52917487631995486       0.63502466239748034       0.71638075183395711       0.65436788653914379       0.47721887871869045       0.59335994753108401       0.70486638299945426       0.41233067485445246       0.55840793520616772     
  0.75008288530808076       0.52044209934434971       0.43637868112829337       0.72446340443207902       0.71584169168968104       0.76582941786184977       0.70285759658120006       0.82346410458408159       0.74799126553276551       0.68958263770357742     
  0.69689168596749607       0.44438042747163825       0.58484767381689140       0.68408095064508634       0.71975258021566402       0.51053744644077936       0.55927357532834909       0.69114664882317134       0.50268786384540087       0.57530060498325575     
  0.76581469641213729       0.54339822385860648       0.44748248221954529       0.73871589666020143       0.72758367641338684       0.77770536002656476       0.71058483775066106       0.83342602513143793       0.76436957995193267       0.70433380307921645     
  0.72767460385720806       0.44112970620763009       0.51336151301352317       0.53046680770927590       0.55438929342295484       0.39856737721401614       0.58257613003871667       0.68282623934258546       0.73849709236713934       0.59418391326301612     
  0.78110404005469292       0.56583578928925227       0.46063151802733504       0.75098813388040087       0.73918214403767468       0.78906550100896788       0.71827473828135457       0.84336499127989439       0.78039764764756170       0.71789181714953965     
  0.61685082325378593       0.43879991521912454       0.66082812384393375       0.54908192118141852       0.53024102878907797       0.61827061682522644       0.43602951030007170       0.62544341184782204       0.47138156890585131       0.44886768827231538     
  0.79708683175763495       0.58811504895601074       0.47505675326469959       0.76365553579119516       0.75337357161170115       0.79996382616467054       0.72858628125990288       0.85370443167654519       0.79672389756733986       0.73175125834160315     
  0.76467103325096408       0.52284740195736834       0.67673096116663789       0.52259677225450996       0.49079287864857946       0.45434610553851629       0.45380963720833145       0.65503318338265470       0.53761472484427775       0.53436422641416914     
  0.81390229683641491       0.60989217064700740       0.48949149833650579       0.77700132606159722       0.77104355957699056       0.81128473043623961       0.73836314970966010       0.86429264729087740       0.81300322723687457       0.74789703351789394     
  0.67978101433066174       0.51036550941159908       0.46841620509275123       0.46916267927934724       0.54603251674568409       0.52924396607979896       0.59005262713783357       0.73456326600883703       0.49871810649804105       0.60874375049095830     
  0.83043650622483123       0.63104975270635566       0.50394772519513387       0.79174866206568739       0.78821641424025779       0.82314812392806957       0.74902049119626979       0.87472433457926746       0.82870794745176624       0.76682472229438403     
  0.60916707135421777       0.40862138844439777       0.61393632036311807       0.51048710198305502       0.62206027721312851       0.49405736610803053       0.47788503935801585       0.60140934868431439       0.45782732877565563       0.66649605294401582     
  0.84624121870355018       0.65283501198078464       0.51987850027106375       0.80832418694495534       0.80435763142911365       0.83568620209167144       0.75991632245336249       0.88501967111178481       0.84357472398416578       0.78554820928071611     
  0.55619614736678635       0.33938856543460683       0.56897471477669814       0.62362397282484716       0.55687665594902791       0.66691095913365217       0.63142197273672507        1.0205264323356205       0.43911725416761027       0.62336183859512639     
  0.86267036373828287       0.67526702505534830       0.53884950285731337       0.82411811372972910       0.82081982742544657       0.84885229231853554       0.77110386420521404       0.89531050737405393       0.85844334304334535       0.80397866567588461     
  0.63780150090085208       0.42420662356550187       0.70058640279904583       0.51132433545595835       0.87202908263935230       0.53954187580930257       0.52756110185519622       0.61174348595269423       0.51686012953402749       0.70415361298796020     
  0.87849957153719838       0.69819339430965455       0.55862248202770637       0.84013813431363460       0.83766299706452940       0.86236247261808374       0.78264036719996610       0.90576643900671239       0.87335547980056405       0.82182778578623628     
  0.84553391327825489       0.41108048039726641       0.67978712376169204       0.61873088517691222       0.61173123839595533       0.61662972115222614       0.59988291574932495       0.64625739611566024       0.52307650927508886       0.66292959400522145     
  0.89223307300717136       0.72103687820923279       0.57898309747151722       0.85652920858961878       0.85471189544157489       0.87567780227172598       0.79432112263392396       0.91636586337013193       0.88836520053289603       0.83928781337553848     
  0.54989095060871762       0.37332885102124241       0.80230675882072788       0.61243836662180895       0.53421615270695333       0.73277560601096148       0.54642155035200646       0.53609378878739178       0.40664981197313049       0.68321097128477781     
  0.90525901970159750       0.74398085587673879       0.59786754586769719       0.87335261185319057       0.87142948348938687       0.88876984730413278       0.80573036881433113       0.92590895759378944       0.90338789183506141       0.85655645228037069     
  0.65750965040044207       0.41667835727041602       0.62155080999890855       0.59334829933653765       0.65719895117848504       0.57865131653948720       0.45456456382611365       0.71314918829067730       0.50981332074558061       0.66945648595421647     
  0.91803235188177501       0.76743576350577458       0.61734585474405257       0.88962200626253796       0.88789021151000713       0.90135742566342381       0.81764417284792068       0.93394989504426562       0.91729186201615387       0.87349034123547353     
  0.58205519650432835       0.47530640339106145       0.63161389238956667       0.62750663284844443       0.59392278273912757       0.56402291066435306       0.53036570103738956       0.63818002785433114       0.48173387668587059       0.56316972471341709     
  0.93235086933956468       0.79145508272478549       0.63868971487646675       0.90653420384657124       0.90422055474436314       0.91365818376164820       0.83076789067565748       0.94087638763692716       0.93081960992043478       0.89118191858060558     
  0.51597674158704632       0.46403357073265483       0.54988237738763368       0.76084221527141405       0.51039966104205037       0.58184030535087317       0.49629112540994619       0.41386642952510844       0.47896298388267988       0.49713850546405164     
  0.94570625891097504       0.81731098632193777       0.66164310861392761       0.92269040941172220       0.92018775146716458       0.92612808195857133       0.84448200923352668       0.94868060571910662       0.94601558905709526       0.90919596585856266     
  0.65211586388978848       0.41413793661420312       0.64220496891177348       0.63891923791261729       0.60968075669012711       0.50868870777207209       0.64699767633527405       0.64061747324379670       0.43518461573347383       0.44719088715099531     
  0.95898424562676765       0.84377385276280381       0.69358294035092127       0.93963730788283928       0.93634183174042418       0.93977647600840020       0.85854894155039518       0.95643951400353067       0.96017276398693097       0.92817105778527575     
  0.70463743695977654       0.35730649268302622       0.57371736552883057       0.97276718688250507       0.59485126167181557       0.58718487335470382       0.43451073425664399       0.78918267357371907       0.40679383216937326       0.60636192697786140     
  0.97111740883538644       0.87296339884745822       0.73033073614181598       0.95485135951307520       0.95275537018047007       0.95297544705215131       0.87309133374175674       0.96605183940428863       0.97410919258473216       0.94662035400219646     
  0.55788094470172600       0.46455766685332300       0.65433602574069483       0.60082761429224507       0.61356470768014160       0.56507406762249746       0.73716037911626608       0.60634442701568481       0.38182750315875968       0.49530167286301091     
  0.98241325037812122       0.90335936706355857       0.77675912192244756       0.97030442593723087       0.96972704551262234       0.96651753409672136       0.89089116187468831       0.97613653519163035       0.98620408762665634       0.96473004561545272     
  0.60692731088237506       0.41452017655093565        1.0187002544638388       0.54110455679731329       0.58741860149029534       0.56162299493461088       0.58032304612228380       0.67477423627887312       0.44460628677488706       0.59132078210905359     
  0.99191348906009169       0.94592469386849787       0.85678974432508082       0.98419837690013356       0.98524091348606446       0.98269366832711869       0.92441071260294916       0.98813104495552784       0.99367485293484148       0.98220414943972467     
  0.61770093073295629       0.40429108274479336       0.80309384671543615       0.52698009687496461       0.59468035806338360       0.52810018109861190       0.45201623137678121       0.56419349451171030       0.32632538899234659       0.84432826300120012     
   1.0000000000000000        1.0000000000000000        1.0000000000000000        1.0000000000000000        1.0000000000000000        1.0000000000000000        1.0000000000000000        1.0000000000000000        1.0000000000000000        1.0000000000000000     
  0.72172136011119514       0.43891847317237692       0.48328128029692857       0.65343846923205695       0.53168209441759207       0.47050400818120441       0.42789208003807117       0.59818164721665512        2.5986373047336020       0.66171891783212233     
   2.2291071237028133        31.614319375640168       0.74564584675510970       -5.9493855673666829       -2.5245164232883330        0.0000000000000000       -2.6390620832961020       -1.6207079742035391      -0.35627543304598625       -1.0571078644096930     
  -3.4834366867202196        3.8709948619157291      -0.16972060005856807      -0.97659756370327011        6.7294577744478632       -12.885370740911410       -1.0798887838532227       -3.8448105647598947       -4.8762216479110085       -4.4342895306105925     
  -3.2898488124688865       -1.1296260744890214        4.4961289538981823       -3.7724379358948137       -1.1406327018042253       -2.7129888986111390       -2.9388794297567382       -2.9350893682268966       -3.5490468477098451        2.5877216162720478     
   3.1148640320897818       -7.1696220025023631      -0.62294807837883526        2.2677233598693816       -3.1709843413008545       -1.5701490493021784       -2.3343731934771061        2.8801188067939116       -1.1416994858980534       0.16623400827592069     
  -4.5864714921948746       -13.355154123432543       -4.9748417059316816       -1.7921015046027247       -1.8754196274315167       -1.4818559814754735        3.3371532758055502       0.16583560678236658       0.38906363988836690       -1.1018671296432643     
 -0.40013201339657534       -17.734273697221358       -4.6466528549285231       -1.6476063555629372       -1.8207687597475330       -3.8275994003039910       -1.1686214683146705       -1.4760789559614513       -1.2549358473570298       -1.3031189776124084     
  -1.4492883856007110       -23.216372574220415       -1.6120378282158132      -0.49316363182746592       -5.7088322776199814        3.7107233029398499       -1.2674118179334855        2.2786505282662728       -1.7300550154942391       -1.5334875854782353     
  0.94670969354842549       -31.333069606704608       -7.5474749878307144        3.5363739397738234       -1.3209914070967281      -0.37975230057467507        3.6289722862731466       -1.8260290055910890        3.0611974708052636        3.4099309783544669     
   5.3499531613711084E-005
           1           1           1           1           1           1           1           1           1           1
   9.3413342158882368E-006   7.2164094783794698E-006  -8.0703336226453821E-009  -1.9946594123194534        3.7783986609146875E-007   3.7147289037747763E-010
   1.0863234933053932E-007   1.0992512417195425E-007   6.0883995222162089E-009   6.0129150649044213E-002   6.0864942522244990E-009   4.2490365774593714E-012
   5.0000000000000001E-003   2.0600990185886139     
