   0.0000000000000000        0.0000000000000000        0.0000000000000000        0.0000000000000000        0.0000000000000000        0.0000000000000000        0.0000000000000000        0.0000000000000000        0.0000000000000000        0.0000000000000000     
   3.2941398053775127E-002   1.5031221819656955E-003  0.11754985139129473        1.4639406051716739E-002   1.8533409556299573E-002  0.14911664594634425        7.4895346527429019E-002  0.10488169010729759        3.7269350454464917E-002   1.0411802139098095E-002
  0.41347620701629800        1.5962536134425789       0.65461256005259483       0.57987782214501216       0.50984261159475419       0.44449391842597680       0.38562157451814677       0.65153567216801245       0.73750083650869502        2.5902276006960476     
   5.7438751821243514E-002   2.9060743919752607E-003  0.19583520398663060        2.9454915565599305E-002   3.6600088902463065E-002  0.19760854707307823       0.11231947099452338       0.17653355319692679        7.0931973431517414E-002   2.1795325295178802E-002
  0.59128260606742877        1.4654680450946014       0.67725444712953986       0.65264613400153959       0.64045507326377105        2.0490401765963608       0.52127844334862905       0.65048326135413204       0.88768926411702243       0.76425944048825944     
   7.7122230896766397E-002   4.2914120250231100E-003  0.24809287123544857        4.5326609650206948E-002   5.4867490481776540E-002  0.21657629486252994       0.13120674307892408       0.21784137160443168        9.4077723246561204E-002   3.4908981843153969E-002
  0.62342936660268522        1.8430159623876767       0.82738250579564276       0.67623982526355320       0.61244176906201231        1.0106772710499043       0.54458718597475952       0.68121119735587521        1.1966325205027266       0.57333466404174571     
   9.6228185606226757E-002   5.7796012093624975E-003  0.29193479499089192        6.2378077767611638E-002   7.3044183026189161E-002  0.23781287257739372       0.14805646236666969       0.25158714892184386       0.11639498925324500        4.8764440099622247E-002
  0.42716657306240075        1.7339055472285567       0.59990660083878300       0.61820979539914767       0.58475847676613302       0.90614677725347337       0.58210577190625834       0.54541818581693469       0.71374219101031089       0.40892430559561449     
  0.11475605177972517        7.4224282935941820E-003  0.32670596213018593        7.9289237894648992E-002   9.0516967606805096E-002  0.26172644923058036       0.16097644056634516       0.27916700782423731       0.13873463954217488        6.3289041286748934E-002
  0.58145538048847156        2.1454546870195110       0.57636409659438403       0.69995945563260409       0.51391627471695711        1.1731018439506633       0.44527657673619930       0.59648331447331615       0.71014361791664038       0.53293492377509688     
  0.13564749115086666        9.0314507397176169E-003  0.35754555920404263        9.5797897672739080E-002  0.10732997496433844       0.28471810207071907       0.17559232583630241       0.30055671422993663       0.15423042839623793        7.8789373477971353E-002
  0.58318676666299607        1.8460905243763808       0.78498340908938813       0.46290419790004794       0.61386612546519648       0.72773307769132423       0.65879580065382215       0.61635847934487153       0.89596372296768534       0.55323415249796348     
  0.15538208662123826        1.0590334223777240E-002  0.38272687470062589       0.11260109650131057       0.12403151210839942       0.30434645548717981       0.18696348275734445       0.31989736588607603       0.17255323696727998        9.5386275248846228E-002
  0.53352291610086788        1.4254180073838818       0.52936440727240919       0.67547717068992108       0.73762297368515450       0.72444047610346896       0.50924579642210788       0.59250903344758388       0.84853103444879863       0.55556643602280154     
  0.17364161052832172        1.2241977027923002E-002  0.40492379943588047       0.12956714265261243       0.14086283620827311       0.32119554455135457       0.19717465762988476       0.33812421701742423       0.19123014782085124       0.11358856061073937     
  0.67651316172063980        1.0495591203353118       0.64287802876969091       0.65619066257797776       0.62504027126129735       0.84123516921286845       0.55404681028883562       0.51080437451985694        1.0021087068596555       0.50446338383472100     
  0.19109994803425981        1.4083803843789641E-002  0.42398088362389141       0.14534145502248499       0.15733700428574085       0.33682743897767226       0.20719368621429421       0.35631363168117497       0.21017338767281232       0.13122246200874552     
  0.71931919999219973        1.0276871989511123       0.56197577880468252       0.43124303830887356       0.62513685873496783       0.67199156694265727       0.53607897894779089       0.48261502289953145       0.82664860586091771       0.67345625945742227     
  0.20756689749818455        1.6469344489621632E-002  0.44528016364604961       0.16128573593510218       0.17312567468379225       0.35043912407963518       0.21743717196070333       0.37424674054169871       0.22804783433792483       0.14797305318407739     
  0.58481586778505368        1.0182811044862445       0.81576316598001475       0.62999622621942319       0.58729595561559478       0.56006950236439434       0.57378795181473696       0.44239998364885219       0.76158660236618814       0.65338885536451419     
  0.22409285699207507        1.8992985270869893E-002  0.46404670820849653       0.17762986395702812       0.18856704727891704       0.36241128503556141       0.22807883163222717       0.39087152518925666       0.24354350854243481       0.16551521748093728     
  0.61772209577812265       0.82489093228540622       0.65501465804317993       0.60083983126344853       0.45611574784176256       0.53167152360292036       0.58061646658588650       0.47670584158193569       0.87288482076695229       0.57146323228145968     
  0.24141863499147229        2.1814447428604781E-002  0.48246923121305108       0.19533389034020038       0.20396196410066744       0.37355999463841100       0.23864316120509857       0.40673833797571768       0.26308654104106188       0.18302581739054100     
  0.56202298741272338       0.76943313648072575       0.62785665108374089       0.53397543849912621       0.70738191953699647       0.65579026827562148       0.49568295535061907       0.59905784121584715       0.96132682088989474       0.49830275714215361     
  0.25980684970948914        2.4950834362917680E-002  0.49988027314182126       0.21256018421692921       0.22008496060571500       0.38349348160946301       0.24770486335496228       0.42210640770946306       0.27918705148524681       0.20149660558664140     
  0.76494054592984340       0.76434175047441488       0.67222344951401269       0.67686236675739853       0.61693642997972653       0.51698243315521009       0.49444339324044151       0.56095958779632271       0.90644492025751844       0.54608260056473312     
  0.27756124496456147        2.8333413977249772E-002  0.51582851939545205       0.23175238612749910       0.23716546871818331       0.39363754592159877       0.25604860522346795       0.43771519528446357       0.29153432966561188       0.22086907776308051     
  0.77149480950671379       0.87246605242760922       0.61632949813207194       0.80782186408350465       0.68110067184611212       0.67235915307866279       0.50920782511370932       0.47615572866387695       0.53777062582863577       0.93414396562863955     
  0.29415195129288840        3.2364325359661501E-002  0.52745497725448909       0.24748645121867824       0.25434092715595902       0.40425722093909144       0.26450189488852771       0.45362641811892856       0.30209760675189273       0.24060163342154595     
  0.51508949329253184       0.90914950755675672       0.63190217088120704       0.53004390087579678       0.56167955747061404       0.60165403949628793       0.53092047960441136       0.43150845581872782       0.54754174163484659       0.59974908363275048     
  0.31047140224682135        3.6100131852781069E-002  0.53793882358396783       0.26185044167077270       0.27084745565065466       0.41546204558368877       0.27403152307309742       0.46826897810644152       0.31309403747740222       0.25981047602309987     
  0.66808004616250116       0.72268110300308974       0.52315481320284385       0.54493498842252253       0.61802554406223875       0.73071355040227881       0.64328506982332878       0.52230323386892596       0.60403568743206859       0.76190884496658995     
  0.32717114865379660        4.0649504302650782E-002  0.54778939135226856       0.27578630192347764       0.28681624470955908       0.42796952714455694       0.28387238351064786       0.48167361741365172       0.32487096148906497       0.27768219162875385     
  0.54443275111834621       0.70858809983843385       0.36764173783800608       0.85702371215009410       0.63886686130895709       0.73375426720359471       0.48728934622981485       0.48860976831652608       0.54703378620136034       0.61659125126248415     
  0.34434234738911729        4.5842618770607302E-002  0.55927108197619768       0.29193535460241726       0.30239045876615933       0.44061651057125778       0.29426291813618677       0.49554246456958251       0.33652208763853092       0.29476073266826103     
  0.68683003467168879       0.60292607437882351       0.52825155472046348       0.58107852303963936       0.74620556679733463       0.66830963742889726       0.52840662952455952       0.41666602619941850       0.69704225010064258       0.49374775630901074     
  0.36310005326351891        5.3089154387268189E-002  0.57155709828656975       0.30868353076105803       0.31570843438943974       0.45272132870480780       0.30414724806078663       0.50958750921034091       0.34887356331124053       0.30965015567198634     
  0.70196275411687215       0.81442058371522963       0.67020088237993791       0.58642465218480222       0.74430813485539926       0.48002795716709612       0.47216091786122150       0.51125019775289526       0.40751704830185870       0.58920118966144097     
  0.38139216525480080        6.0971866433806310E-002  0.58299039167603195       0.32523942029620506       0.33100579988828249       0.46467979585902119       0.31401278962610990       0.52354393754859796       0.36058756415253218       0.32378973311357045     
  0.67371989929457310       0.62334955720205121       0.51695591224046478       0.73014600426757015       0.64151148533204594       0.49546844795873657       0.53007304659938170       0.57336506944610643       0.69145732232427437       0.55286676669940393     
  0.39778166738027226        6.9531701875046856E-002  0.59452829220795378       0.34121243500464687       0.34700721507876758       0.47674342908359385       0.32400017067893594       0.53795748321197734       0.37304454644057261       0.33897200069359473     
  0.56051763057477910       0.58199410703561627       0.47505898221831083       0.58332113438913991       0.75037842637093699       0.59803485877382145       0.47322802642753592       0.70712856022469317       0.66994035787324357       0.53596076769417467     
  0.41386078630394602        7.8295864819311875E-002  0.60498352877951100       0.35808879362028329       0.36374271362211358       0.48939796703008920       0.33450361428895919       0.55204138856367335       0.38640341421109786       0.35481553648661884     
  0.57064973885368764       0.50640298215183432       0.47316287880178509       0.64686821971694908       0.50309826709871297       0.63013124702212520       0.48520123606554100       0.72943044070932117       0.66708009214151076       0.74949712044380901     
  0.42993949356592837        8.8610469333878547E-002  0.61426120987553035       0.37505788969067377       0.38261023273982059       0.50101562135282407       0.34526375606548776       0.56546279541989175       0.40093421111288619       0.37348781371196704     
  0.63742056869168640       0.45511693320277036       0.57199922140961856       0.65227691190414649       0.87826446245674405       0.63888556065967028       0.53718578136263972       0.74259156022393646       0.59663902647618228       0.59889230155569173     
  0.44658552882032099        9.9709699253145670E-002  0.62089704516110944       0.39261210336321839       0.40084946707843655       0.51064443463543308       0.35680420365983317       0.57868294272579257       0.41808449270778508       0.39254145487960890     
  0.72531423934310413       0.51826586695718591       0.53652816029664441       0.68945152777262553       0.78871129078960134       0.58679773426404946       0.56640375814411303       0.58643552029302748       0.76023641451751545       0.69288877963254547     
  0.46347760865373178       0.11125294855512072       0.62828470048795138       0.40965919789562888       0.41754489647136889       0.51970317787294007       0.36908053249953082       0.59155596002643318       0.43265352210093255       0.41079394219232390     
  0.74800745475596375       0.64719574863866880       0.41663143639976158       0.81391764542729450       0.63363626275816587       0.58510600840578619       0.77769426338215741       0.81031634732977453       0.67040525944257257       0.58230415052019646     
  0.48009516168136801       0.12414704220610789       0.63676883157624720       0.42633836848978146       0.43309294080390204       0.52917678446010641       0.38131193273104808       0.60406618285324132       0.44680053329866876       0.42754047527031008     
  0.50683070942544439       0.52845233356396348       0.53245671629419089       0.48723172957331745       0.64623722563277874       0.45627244558872965       0.63459891365951715       0.52030970700492374       0.66184648864701390       0.59861268175477078     
  0.49602163293890156       0.13911565978127940       0.64658371562638806       0.44215458948483399       0.44935130811735036       0.54059091314355512       0.39322749944711083       0.61647845266312895       0.46241101256759209       0.44383142634939748     
  0.78941493801157048       0.55264518054776723       0.56844226697031042       0.74609985319581462       0.81204290400839829       0.71517164987041337       0.57869269087289588       0.84620672968258281       0.77737466246826159       0.68917391301050368     
  0.51167571166822734       0.15553873733576218       0.65554685728120632       0.45645865781191658       0.46693736014545545       0.55322548006999006       0.40469382918291485       0.62870473297423368       0.47942176405867398       0.46081376053935075     
  0.63671578863157119       0.52425513804653845       0.69804230840018056       0.70153585011099140       0.60755903402499523       0.65449515280919235       0.46099311902932616       0.66892912173076469       0.63926502151593034       0.63302355141499167     
  0.52670669686509552       0.17292282598775893       0.66432291209150895       0.47003434038621189       0.48528189267268917       0.56628904813660541       0.41534470852366084       0.64064395653508466       0.49707982370779746       0.47872166502182056     
  0.64328606068878513       0.59326215916202740       0.41307538122811599       0.56846161466085099       0.67032015558729852       0.56217823066330430       0.71703801575512971       0.58138093718552497       0.69402664503409350       0.51984127830214033     
  0.54091876366199454       0.19248689130024940       0.67401411729951388       0.48450810193850941       0.50380511346912382       0.57841403905147393       0.42529692008528586       0.65240434704617722       0.51385570935156455       0.49681476631009880     
  0.43397715994955871       0.63961875363675713       0.54386297445728415       0.63552416806909762       0.63450577028000432       0.64379519130415463       0.61706732572748257       0.64763831055664312       0.64750386577928465       0.55477972185353863     
  0.55600637149922272       0.21239526131301942       0.68327266901489336       0.49836413514631939       0.52233587162380313       0.59014709316171043       0.43568888535070405       0.66037770123116024       0.53215284290050502       0.51384204679040746     
  0.62281316515403973       0.51965095725854127       0.54676534249899333       0.58482855048200511       0.64931542721236657       0.50823709902555658       0.60928626736271019       0.58393565854304885       0.46263728377951435       0.46271381937024292     
  0.57009571107707224       0.23174308197294144       0.69310870310748907       0.51525683097104180       0.53915748825279108       0.60156871747393004       0.44670937327034904       0.66918266943655003       0.54858089932413667       0.53014229109413102     
  0.74448798236029368       0.54907893102374594       0.60196256065296683       0.51718813723117174       0.62202927026680344       0.62228482022937504       0.65117961668701907       0.54637905467477232       0.72316957707571661       0.65887935800868591     
  0.58443447645609059       0.25025973484407060       0.70309008653913141       0.53265273746998187       0.55431068484427215       0.61326331930476297       0.45854440817507097       0.67974465273258522       0.56445624908049485       0.54570505849847006     
  0.61859457194230294       0.52020215969821071       0.55223866857333792       0.69043123951760543       0.59556746102320168       0.60417993289765015       0.66534709826630622       0.53961947079075623       0.63671254029392943       0.66340257746228204     
  0.60074896864568161       0.27019625964703647       0.71323419930854692       0.54868465651777598       0.56936398850014769       0.62540222438274939       0.46773414045635880       0.69093742648044210       0.58053690712906358       0.56098323859760479     
  0.62184557434353482       0.36124249686290055       0.61210724237854575       0.45114406647131050       0.59920947382305012       0.55636929722102269       0.47577124757428879       0.80642658262878186       0.56505585872845221       0.50090108739801542     
  0.61279371927286597       0.29071529326615836       0.72319534232683169       0.56437610105241631       0.58610794056274307       0.63774756662819410       0.47564554176157947       0.70025957385868043       0.59686816871157589       0.57719128276786713     
  0.52976972646439757       0.59840963772907796       0.68714222525601032       0.65166446529690059       0.56123041287814524       0.61523181471599464       0.63955553266539844       0.44419622191774022       0.58597313423259867       0.60405995663187828     
  0.62425299915787269       0.31124980628595467       0.73291892426672611       0.57992470586203793       0.59861913743548412       0.65013576180743493       0.48344113332353966       0.70941597361511066       0.61161445139866299       0.59241892293900122     
  0.47373906440279928       0.52468551519102768       0.57903508394273262       0.78113759681636874       0.45686487142542115       0.69113492145711286       0.47489291302746039       0.59066959191422819       0.66374303045055294       0.53419304720895111     
  0.63534095076748631       0.33069047700153442       0.74243176758514251       0.59474714756370928       0.60896663253491712       0.66203670616062116       0.49044757122125238       0.71829484504374175       0.62588274744595562       0.60631645414655955     
  0.46531666214345707       0.45645796867567884       0.79944822716518071       0.59962646299232458       0.54325776175302709       0.53470132312440621       0.55877697655742986       0.72037138977961757       0.64962809607195326       0.45851022857021351     
  0.64682599126707663       0.35155200669684128       0.75207758659020951       0.60897025427000673       0.62118217024774736       0.67356614682428728       0.50018871186808445       0.72859120319726278       0.63995226543441852       0.62036143670657840     
  0.52216961584934951       0.54813537241172627       0.65143221229038262       0.57189676025152014       0.60315656307642873       0.51556924569702800       0.66779177588745331       0.77940828365016590       0.69782305070032258       0.56761162891088845     
  0.65768466057602959       0.37240863302651672       0.76078985246010578       0.62276717684490468       0.63613814170182825       0.68490260219981869       0.51075510362426590       0.74031167128937259       0.65509887491349705       0.63533439425817817     
  0.34014090012584525       0.53623553976992722       0.63961372355166579       0.50492251532203813       0.71198459459430474       0.57363872087494960       0.58419939619435524       0.69295846634558056       0.61127103573600883       0.59018477397231706     
  0.66794800349535177       0.39530375699111131       0.76935365315376969       0.63785908324474971       0.65189373448762644       0.69608166951971906       0.52184149347677689       0.75215531649688205       0.67061555606060042       0.65211480323604132     
  0.58900030077350440       0.46398080244511525       0.70907165598408417       0.62324037644630459       0.69122444075975498       0.55500288213642068       0.75378120403504201       0.82957248935752348       0.56867365594120722       0.64564359102315450     
  0.67766210270530092       0.41808843418998654       0.77759446847148217       0.65340706834786366       0.66844925472382699       0.70749124800328533       0.53444731429073977       0.76314423928056818       0.68527104624879354       0.66983750850450796     
  0.57677002323483106       0.45714926818749652       0.71161816237200237       0.63623221034765376       0.54909571576749305       0.55367983188827052       0.83154070651930256       0.67690224351673312       0.72251460709825266       0.52806886829481947     
  0.69010963439878481       0.44023069704576462       0.78593159064486340       0.66789925079414192       0.68545435378695785       0.71929441370376712       0.54661843028489832       0.77438924439072532       0.69978688797119681       0.68903079862240790     
  0.59854728279517011       0.42717297780317448       0.53976906239140365       0.66120677267179429       0.70475464458114867       0.48465308606100455       0.65474682039883858       0.68277787166341219       0.39601398995701154       0.72247554486292376     
  0.70359481807393287       0.46242586874919472       0.79446438711181344       0.68280233864971385       0.70210811344287416       0.73081128874235635       0.55892127133923186       0.78527481445804104       0.71460392803028971       0.70863733934975914     
  0.58499444861809335       0.39213382007960945       0.59465883162123934       0.64635887922095625       0.63393590785842668       0.57994171714352560       0.66053617273207554       0.72371858947518142       0.39061842812358544       0.54358918874902573     
  0.71863982556080597       0.48503208556451610       0.80284410007224927       0.69910522553350429       0.71845127707681644       0.74135286393513800       0.57020595196802315       0.79512051928921246       0.72897614071465067       0.72570359155329922     
  0.67829064602281719       0.47788864978523510       0.73163532769119033       0.64689515009938969       0.71604323480552823       0.49453289923085553       0.73839599351354768       0.58646611867595189       0.56746806392812843       0.60208189734346107     
  0.73471587164339514       0.50812162901447988       0.81098337918442664       0.71505183542923700       0.73392864181371942       0.75196957053911062       0.58148226914805179       0.80415909025628896       0.74435320105356040       0.74076890651088034     
  0.60189413950997617       0.42161006401218587       0.76121811882390511       0.57270740706953316       0.70011971368077164       0.48323658926144486       0.60298004257721383       0.53362840657548782       0.52881903272396102       0.57206274262951218     
  0.75080996842203573       0.53141102733981327       0.81913088400221690       0.72988953536385159       0.74863146016004811       0.76349287619736328       0.59287144508963341       0.81230475518495449       0.75919594489186337       0.75548141613567166     
  0.76944918873204304       0.45892034213634386       0.75518662852428575       0.64197181439489392       0.55332552907096766       0.53649406496411400       0.74223550611764055       0.61182929398202279       0.48097539615763207       0.61177714844303033     
  0.76760774311981339       0.55433654717825964       0.82743588519905420       0.74383878806475323       0.76346551580148470       0.77545755212563494       0.60502026617230520       0.82077312583194417       0.77236374978406208       0.77014596078832365     
  0.69758587145192397       0.48816275320037672       0.68753722008437479       0.56911701878580423       0.57870403274378013       0.48058911006227584       0.72516089586099231       0.50705863381218608       0.42286857149801371       0.43825941758662840     
  0.78489362452407596       0.57692453173430769       0.83584455007825997       0.75774458270187339       0.77905864601376118       0.78802706134296907       0.61595466023400969       0.83050851777782930       0.78402641148374763       0.78609525376329914     
  0.65176115006160484       0.40405821449149382       0.49600211614950418       0.54076002339535256       0.61832842325210569       0.57828011426692216       0.93239337967780622       0.54216214274597074       0.51915054593436971       0.46857121053896855     
  0.80185554025019479       0.59889876238134621       0.84445851881316658       0.77257073061710402       0.79538713501237257       0.80077746796815452       0.62590637531725746       0.84032026844780772       0.79712560154626522       0.80453746910117419     
  0.58187573866167697       0.40268035268353558       0.94489733575706880       0.73936823195387924       0.57542753775699795       0.57351350235962528       0.77071496101658532       0.59424611935720850       0.50761637830172057       0.69635615687767571     
  0.81716984534924608       0.61952284355490483       0.85280916654058792       0.78815932380879761       0.81194758505786158       0.81406453006340185       0.63581115155258361       0.84954004097082025       0.81183034109450980       0.82338307581719872     
  0.81108489234859438       0.44544418826212823       0.64524042974058238       0.73247248996523329       0.61625851133338438       0.47113496921093678       0.79172397842705211       0.52486331777405049       0.51108056209467423       0.57280288381636657     
  0.83087551328195575       0.63986728790025305       0.86134573635976630       0.80105488685884674       0.82841741537013502       0.82747608535305717       0.64630910755592197       0.85906922230449623       0.82669465942593401       0.84342395540393900     
  0.61664295524750001       0.40099011740581147       0.54354267807120127       0.56434096739418405       0.63045494710606198       0.85730932548791394       0.61032843040266627       0.67696130863012483       0.36356728188880172       0.76973009038191720     
  0.84422775043249143       0.66028050944516981       0.86851830241222694       0.81276394622561277       0.84482360009324542       0.84086762175443774       0.65644981093457078       0.87006943256356095       0.84144858809576806       0.86318391791141413     
  0.53913808779736905       0.41012333903561865       0.57936223828383149       0.67299447718787975       0.80924982180163341       0.48366630858739673       0.58428817606610184       0.71039248347820438       0.55872113170512550       0.62247223634613225     
  0.85790255926005199       0.68286072766772654       0.87590193839716668       0.82451883507673152       0.86029382428553536       0.85424597853550022       0.66795523225244957       0.88159763503631183       0.85646141042633583       0.88135045752488805     
  0.55637086205902864       0.47651764849013756       0.51119639870616240       0.41789270882413954       0.52901924119986565       0.61302782506857645       0.67565132852847987       0.70662792920555595       0.42358205737973709       0.53182703414402854     
  0.87253842456218289       0.70584884100817924       0.88313498579140126       0.83641649496246651       0.87466781505925806       0.86830913267393595       0.67965490296993147       0.89300090520886821       0.87157469380038599       0.89722221627779830     
  0.54089224083208520       0.41272077008713537       0.62729220041015410       0.43844576519183537       0.57898096150992284       0.57858208483780493       0.56365133362270448       0.64983964898063817       0.37011516327968774       0.58659226221817462     
  0.88691394633962084       0.72897351607618832       0.89077403387999277       0.85119101721242851       0.88898426139769782       0.88134731058197624       0.69492775260874518       0.90423800493950424       0.88656625855496196       0.91217683492624291     
  0.58217497530927242       0.50853403580580214       0.56834903775325596       0.71283392453140682       0.49638085225643591       0.59684592862174546       0.85100016196943429       0.73473086970717516       0.40436736119001099       0.60879236417330573     
  0.90098027756470678       0.75245682031598748       0.89966869783748082       0.86589261228182257       0.90449289511939945       0.89248882355386205       0.70972268209319600       0.91487118709404947       0.90168759451089320       0.92646942701645585     
  0.46390392414833653       0.46051336338612786       0.65416900574404435       0.74359008908551982       0.61219788108212214       0.51508249466863409       0.87113421890094811       0.72443621026365379       0.47642176806451103       0.62176871285413049     
  0.91486470582381740       0.77629513330968625       0.90994354392133781       0.88190274166384963       0.91983788071537576       0.90200933349164869       0.72587810231451111       0.92412174008443027       0.91677685087630811       0.94003088327147510     
  0.65261839761923746       0.41446657438349838       0.53641049107277161       0.58801920785534301       0.87624203082294805       0.47996697086423840       0.72376780303908939       0.53549441896155525       0.53938348062668040       0.47703309893292817     
  0.92780080106359086       0.80010446103049526       0.92028754627692644       0.89666587324594271       0.93241975606331284       0.91201093733635197       0.74029277433817842       0.93363812291292381       0.93142642325498448       0.95270241193501970     
  0.70258612350920124       0.40787149357535679       0.60413637799175146       0.57021486782829511       0.37893853141545536       0.50535666808137381       0.59389614017441739       0.70013337789904939       0.37957120858129340       0.57290550246918348     
  0.94093421539553435       0.82497844003449183       0.93074672136045855       0.91142016697363148       0.94266509345375804       0.92346363889530980       0.75598573313975626       0.94310286269589561       0.94560130905715578       0.96327546740253533     
  0.58662898963398258       0.41855398538255906       0.56681461735290872       0.57511540904347080       0.50219695429919819       0.45375381972653378       0.69692353301752319       0.77923370903843758       0.40021478247018910       0.46394400187576662     
  0.95434749446441292       0.85087479556087542       0.94098381712993873       0.92778688941915333       0.95410458693731048       0.93622187353978992       0.77664790205457390       0.95303428000883461       0.95943996350554428       0.97333657075643099     
  0.77206822218470339       0.45051931980090298       0.70623926118140112       0.53007331377594546       0.54425687375304299       0.79046658696721761       0.75568002436694581       0.61755593737952508       0.47822342027899151       0.62524443568341159     
  0.96792216565690070       0.87975278484837716       0.95252851118207094       0.94500766653969526       0.96587706362425574       0.94976243729566490       0.80151860346916204       0.96433864497095001       0.97247671990227003       0.98257090491039367     
  0.74524455301924131       0.38214272809001393       0.59265763981556596       0.51632116376183079       0.49790701752313649       0.65236373933160097       0.85545145782911713       0.78063830188649541       0.42559707138398972       0.46330496255304399     
  0.98012791182370318       0.91008059242892825       0.96575567699489973       0.96190224304616545       0.97847290062205416       0.96279108540351399       0.82943922298590123       0.97593637340827333       0.98333659834898746       0.99013035830659679     
  0.75448259716109234       0.46854050977375961       0.68937909602381442       0.80417031590946131       0.49557417095650363       0.54617218091082242       0.78688910082342212       0.76225403272152603       0.38945218431637035       0.59513087490030014     
  0.99044663546827894       0.95222107102555187       0.98224537460606876       0.98014657286841367       0.98934500662522085       0.98073971709675589       0.89417793197164908       0.98845237675082587       0.99202814947735252       0.99560456018268417     
  0.65669783170965979       0.49653870352772417       0.87161795628889993       0.53546181829052253       0.49396874646895300       0.58894521413179846       0.85695819184916722       0.64059588212620910       0.40182928337952573       0.77621256757028800     
   1.0000000000000000        1.0000000000000000        1.0000000000000000        1.0000000000000000        1.0000000000000000        1.0000000000000000        1.0000000000000000        1.0000000000000000        1.0000000000000000        1.0000000000000000     
   1.0480746163589876       0.51426334732079060       0.72810231760588595       0.53366206178860720       0.52123155296527135       0.66560538157900406       0.49778713972547650       0.52383234303575910        3.5097165754160620        2.3410022398759049     
  -5.0759908817972423        26.667636217796343       -4.5848461637946452      -0.71303306804387856       -4.1324285820660318        0.0000000000000000       -1.5547506062236840       -6.0913861896436172       0.12435702155584027        8.2245810181121755     
  0.18479514631784272       0.92427187191648963       -4.1078139809297358       -6.2610007304418192       -2.3779870370701084       -14.531472912794865        2.3156266959821603       -4.7344518156177591        1.4413424194873592       -2.0799625975770613     
  -8.3505430531643863E-003  -3.0698913625728728       -3.5038565124981260       -3.5217792692182317       -5.0440917802556156       -3.3605317949192504        5.3274131072115516       -2.7627854604847384       -4.2345869189137586       -6.8807251572144192     
  -3.3320749825497833       -7.6940177636743732      -0.18415368743090624        3.6202995965427456       -1.4407512696489744       -5.5570495291562132       -3.1725375407494076       -5.3911306671722938       0.70050468603718252       -5.1798063100827108     
   4.4126076176935269       -11.507889026373157      -0.22436180705261594      -0.83023069790898796       -3.1805024787913037       -3.8628190333647758       -3.4529230316240778        7.7424547647715354        5.0788508783516981        1.1026850311952130     
 -0.67481950969761217       -15.874031288023328       -2.4004281943709254        2.4893625645974016        7.9503236324476214       -1.2249957548019426       -1.3299240777390435       -6.4263773907971800        5.4214021187898966       0.18723223491390012     
  -2.9101065143630138       -16.809001919897831        6.5005187810733762        6.6032752227662712       -1.8544953143550453        7.7464877479107344       -4.7127725590636640      -0.45560967463206631       -4.1030470732371320       -2.9543245961596907     
   4.6595257439227131       -20.476353657499438       -1.7896006745477919       -3.8943443385812753      -0.82066675775954101        7.5610043546708319       -3.5628060497615528        5.7924070553188054       -4.9498107481405444        3.3028745710093110     
   7.2248714524495157E-005
           1           1           1           1           1           1           1           1           1           1
   9.7152243351863316E-006   7.5854971823528983E-006  -2.6698682949851789E-008  -1.9058718126665666        4.1284043963536046E-007   3.7578292551607966E-010
   1.4983359551127870E-007   1.5143509745496155E-007   6.7039608283785799E-009   6.1111673991494787E-002   6.7019618997422080E-009   4.3371571262683733E-012
   5.0000000000000001E-003  -1.6967864505748005     
