   0.0000000000000000        0.0000000000000000        0.0000000000000000        0.0000000000000000        0.0000000000000000        0.0000000000000000        0.0000000000000000        0.0000000000000000        0.0000000000000000        0.0000000000000000     
   2.1968532193730975E-002   1.7180307157053772E-002   1.5176587992799806E-002   2.0517263782026614E-002   1.6243970623383116E-002  0.19019272674019755       0.12949174251657683        7.1083758065394353E-002   3.2105876370815634E-002   1.2416108367535979E-002
  0.36669835005377566       0.38263137089955890       0.37803652806737903       0.45868229302677804       0.41913356099527288       0.28118216982293609       0.28118216982293609       0.42954267328543111       0.37113900143817613       0.41750852340762201     
   4.2711946552782910E-002   3.4011543575290792E-002   3.0159243551588510E-002   3.8557467611120590E-002   3.2662401886293164E-002  0.29631364989991643       0.21211666268680573       0.12995833311693900        6.4485786168425208E-002   2.4860188979180475E-002
  0.42347588490551247       0.39003688982684603       0.35454512054764747       0.37351115470977508       0.33248226950972626       0.67261418047838351       0.38063546829811151       0.42368409488630326       0.53639664966998146       0.42692316746905706     
   6.0631006035473008E-002   5.1348264074870170E-002   4.6498044602948235E-002   5.3398186862604960E-002   4.9121059905245096E-002  0.34352022861643622       0.24733532840351702       0.16631263583970057        8.9909536363300041E-002   3.7939602886665841E-002
  0.38802083347050681       0.40331516318695748       0.37491708782967431       0.37151285993549982       0.39498280388145190       0.44072309494311529       0.30627094170909286       0.46693438937988180       0.44467648907247853       0.39606646898216785     
   7.8550260589513227E-002   6.8430490771947114E-002   6.2625667084543479E-002   6.7640032335433781E-002   6.6017488711920633E-002  0.37615494419130935       0.27545839740672723       0.20140152021416155       0.11729796462766248        5.1124492184384321E-002
  0.33150560475724394       0.39155669059912368       0.43887129575942618       0.34469540809602262       0.31867331101644225       0.56476260026833969       0.36588005586103317       0.36328691779674910       0.43149249353896429       0.32784134587012326     
   9.4124485110503670E-002   8.4736539102508182E-002   7.8976160387458985E-002   8.2406284159576182E-002   8.1769057367731601E-002  0.39905406896545487       0.29697130186938342       0.22390492973481119       0.13923375985043870        6.5425391055141446E-002
  0.36999431804764438       0.41301364382386296       0.43120135078863392       0.43470695913412366       0.38652863550711053       0.36703327077957310       0.36412360322258774       0.32847934496359799       0.39083740696813551       0.31602287902972459     
  0.10990974965451750       0.10060084447183242        9.4940959838964084E-002   9.7384281457179256E-002   9.7702730808417515E-002  0.42002612753622176       0.31564069637255870       0.24657674979574890       0.16222075421443752        7.9616144674363717E-002
  0.37076098809234054       0.34468278504567534       0.36183622298377505       0.34419140675914373       0.35823662729536232       0.31581740831243071       0.33058883830122798       0.52312936873755034       0.39162645597236340       0.37390468741048882     
  0.12578233774453546       0.11372944743205937       0.11060027077228039       0.11227140601820484       0.11367636452523679       0.43898079947185220       0.33048132150254134       0.26448271616729346       0.18273431246177541        9.5038075079421191E-002
  0.33655878641442749       0.42810938434766660       0.32103001180378121       0.36270083639831274       0.34760396699923063       0.39393714730685170       0.32353241089559215       0.32822453049021044       0.31688718874297350       0.38534522935218507     
  0.14024678319966333       0.12729235290980051       0.12553726405049159       0.12723391519827026       0.12951764035372554       0.45681272501133074       0.34463643466238220       0.28158489657128449       0.20474318390809337       0.10928418250138870     
  0.38432940735374377       0.33608916559817847       0.33774617787859262       0.36616541839300010       0.30635173240684549       0.37285311508435365       0.37135303672515851       0.33555620338068187       0.40811740292888665       0.39851169348489396     
  0.15487947777226524       0.14096258341666637       0.13868274893017318       0.14123900949978285       0.14530887256871186       0.47425546728003132       0.35752867298321450       0.29699579579042090       0.22389247455165034       0.12410701191843139     
  0.37299181171899809       0.32530201792958685       0.28447934519333268       0.38313489357089070       0.34112673715107389       0.33899845861361100       0.28278349324231444       0.31700865351499752       0.34277259676698857       0.32558766768140895     
  0.16960521866458131       0.15425764797235061       0.15302937304151151       0.15467209802358484       0.16070674198044790       0.48982791126740455       0.37012333480548176       0.31230021495600119       0.24312590619595226       0.13919588218874521     
  0.32735608270371469       0.34923237112662914       0.31000221977240544       0.34889700296431853       0.36898307558395455       0.34082775526763998       0.34057840531579231       0.46333578168121420       0.38830146431778373       0.31904791945680172     
  0.18445530802627613       0.16766416311229410       0.16914471766242051       0.16789307279724913       0.17591484282601239       0.50482554273602631       0.38142597240455495       0.32600606678212796       0.26304039196679418       0.15505068925749035     
  0.34889214866995688       0.35062989472073958       0.30225223795189238       0.36120099368816222       0.35863688089447920       0.41682198763394396       0.33995625369037785       0.31667512988688556       0.34527538337579439       0.32678578848744039     
  0.19973523890191680       0.18116233383230584       0.18522716163863928       0.18124630353766635       0.19131634762791755       0.51886792201454002       0.39183354144997906       0.33992187805887175       0.28281594140972344       0.17071545323508125     
  0.42852077319747128       0.40032490966142109       0.37971583656924396       0.36767364724183077       0.34192024431836349       0.38016171890456524       0.34106670389774546       0.34726845281421548       0.37641468870863737       0.31999003904469114     
  0.21476424129185326       0.19472660645274267       0.20123301831592866       0.19401380484550998       0.20483277298236457       0.53339064884205822       0.40171227119806879       0.35207112366854043       0.30264116692360576       0.18837247561511342     
  0.32411811136262131       0.38196451656579411       0.31394318580105668       0.34532282418571913       0.35689778693174201       0.36916535416599988       0.35298104340320002       0.35039251279555877       0.36523134324488804       0.33469477004514181     
  0.22913383529228054       0.20981103899990575       0.21626497350189375       0.20607902932689484       0.21850695371410273       0.54764057983759040       0.41142093644388905       0.36484757191475825       0.32234331419209333       0.20635103224471987     
  0.30416543464550033       0.34502636229979017       0.37925869457312733       0.34815426737122229       0.31799443008462763       0.33274012175396972       0.38112244919079324       0.38473304063461716       0.47005608176008051       0.36922858900359395     
  0.24443856679107864       0.22293415600370106       0.23086388160356483       0.21933906841307604       0.23096790381100421       0.56129382727244448       0.42031975584627779       0.37807126242737754       0.34196593977535900       0.22278641685830367     
  0.33759398259938089       0.36475126072457398       0.34321332691523787       0.32124438564285784       0.31483489882872273       0.36310952204040087       0.32831454773826946       0.37825596495212421       0.34401978215317908       0.36023129338795967     
  0.26010040579590327       0.23604596018472399       0.24744810238994133       0.23295292246689686       0.24404905963383719       0.57410650673597896       0.42931267238618026       0.39095502995249465       0.36182676536250274       0.23902033867953071     
  0.40775392238097669       0.42974541906187863       0.35529542209661658       0.35388197961679468       0.31935482272359250       0.34407744330493278       0.30923785734316916       0.36021629641243430       0.36761448031297767       0.36692411017224996     
  0.27533347998195479       0.24875322015266807       0.26422928141308311       0.24729116654964006       0.26080638472546613       0.58651744762115365       0.43841422366055266       0.40387343446419793       0.38144267503267443       0.25494402531156130     
  0.34204231824826609       0.35721842261063125       0.35309347321380113       0.36390359775688685       0.36097483627431898       0.31542541907398919       0.34995828128113116       0.32916992078511481       0.32874736219059209       0.31667137119141825     
  0.29072026716976546       0.26140285997992413       0.28067112635733155       0.26159139463342962       0.27783134060189990       0.59870006346844729       0.44716070990339030       0.41681644570473875       0.40011844031964366       0.27084171603112367     
  0.36405119711485157       0.35262164168059879       0.35124257357814315       0.32655811006286722       0.36082394764022557       0.42760674813264332       0.32986548193917642       0.32031581802105424       0.33145427649255776       0.37023428807596198     
  0.30389571936463733       0.27469849209507569       0.29720284708100703       0.27527921047500803       0.29452455110367903       0.61065381887922954       0.45529334487363932       0.43000338978693337       0.41766508253875823       0.28755893408812827     
  0.31764233415543075       0.42255487739272407       0.37500892039536771       0.33186495319689902       0.43155357930527816       0.35407370334514493       0.34271834934353057       0.40005250990051994       0.31002854469255425       0.33513306682877581     
  0.31635187936582210       0.28689107634784050       0.31247370648119932       0.28892440113747875       0.31158151759868119       0.62242069915721798       0.46333058745866673       0.44305627830240168       0.43500812264909361       0.30515921462810125     
  0.28118216982293609       0.29961943759406551       0.33617557046043167       0.33527472431320365       0.35706687451237445       0.32753376967829739       0.41182810986147483       0.34346313596292655       0.38245467771411801       0.36529701679260929     
  0.32967556228811390       0.29984821836516112       0.32687844125780607       0.30326814157348281       0.32744541619024381       0.63407447515218296       0.47090478634158583       0.45475218942126494       0.45210864629127367       0.32044783126526383     
  0.35170545654886998       0.35655628474924400       0.39088516688764724       0.34201666279055110       0.31964904676693329       0.33970820968719451       0.28977887027671823       0.32396287381527200       0.31512277681621148       0.33974120275400377     
  0.34287066912156855       0.31243571865363456       0.34103055999087933       0.31807203596565192       0.34325357083461422       0.64481734865979246       0.47870932969253460       0.46639798839327173       0.46893724252160413       0.33518940566689465     
  0.30782501982315741       0.33764347499297798       0.33266758761375620       0.29849721090502590       0.36835418711759260       0.38045858594251836       0.32949128438189262       0.32894546694128091       0.35372725389997894       0.32267281335541054     
  0.35773038697756537       0.32576897431189639       0.35529094739389983       0.33351953540353757       0.35951818556786935       0.65476297550738993       0.48669338965687137       0.47914944450070335       0.48566071218407619       0.35212044510133961     
  0.33017651344749188       0.35515387950200444       0.35271922822602042       0.38226092079014795       0.37000768284923996       0.35627712642011578       0.32606287014728902       0.34629832002754207       0.34487100654167602       0.35366038235915237     
  0.37256052978317117       0.33909559417644247       0.37068801661915485       0.34939196718950016       0.37555687955314487       0.66436528787107296       0.49469867043829002       0.49186376707390511       0.50198861068166234       0.36892720218664982     
  0.34999773652905825       0.31421010930875826       0.39477128415659479       0.34373982880858062       0.34426164799284009       0.30105067128132407       0.35535217269124908       0.32459613640908613       0.31776513338633394       0.30788102251326943     
  0.38934958218375082       0.35301641628767499       0.38664978205596667       0.36491074398033729       0.39131557125135497       0.67377042181202884       0.50269771655864992       0.50427813661041432       0.51740528254981522       0.38496176290584122     
  0.32735948903342998       0.33425798312812088       0.35735252149936003       0.31464211408185544       0.37346963086295537       0.34617585750970925       0.40645850858582638       0.32516904178712980       0.33518871447760057       0.43447650069067223     
  0.40641202480691518       0.36721745874597117       0.40264696811130157       0.38033863491775899       0.40701823435208712       0.68400888726737097       0.51053623975326934       0.51724104087034573       0.53306756132261801       0.40045838708846976     
  0.37256886865863753       0.32509248391382672       0.32817350657133454       0.33637737176911547       0.32258511671548473       0.38174854912336498       0.39561668848641196       0.40041138167552126       0.35513928243575088       0.29743353823491997     
  0.42267564188199991       0.38248857315756990       0.41832992438764399       0.39495197524418285       0.42123829651602679       0.69444422732372080       0.51850632503854499       0.52911098571841930       0.54835569452556032       0.41688344874711908     
  0.36250832142514328       0.31447778997792847       0.39859702275477926       0.34706226343639518       0.29392141773072844       0.34253505483111230       0.43263599723529816       0.34803330528669374       0.30580486252015110       0.32438700367116530     
  0.43845529667206851       0.39785092444907205       0.43353643288279342       0.40811091879891043       0.43488477501278833       0.70493303224415449       0.52663488155275961       0.54096733943661779       0.56343303250029919       0.43335910248795201     
  0.35433003487529557       0.35493247728942662       0.36864024251807476       0.30692671721023818       0.29829592123426973       0.32356981090339360       0.40580079269517511       0.37092149562955667       0.32797410916519149       0.33649687039315351     
  0.45476351357281969       0.41291040496390519       0.44809153291930187       0.42167268207594466       0.45106531477678236       0.71465055652975096       0.53536398809815833       0.55383145797348032       0.57840933901274139       0.44928171165973330     
  0.35215980806791070       0.31058776520622217       0.36881362961405578       0.35753037026582901       0.36982850103662507       0.29922801216579625       0.38460475902133617       0.32371322440074912       0.32637252723098681       0.34100261725729142     
  0.47102851228176995       0.42810690128568157       0.46186848154113558       0.43601301746372711       0.46725913188647039       0.72406978933737942       0.54380952430860185       0.56672833073872730       0.59283760043368849       0.46499824957350622     
  0.39384017892227691       0.31251025424218987       0.32853559298944790       0.33202086433526395       0.38608373858322659       0.37112542067640714       0.37410342172928313       0.31203698641162020       0.34181871076055831       0.36498159039059619     
  0.48711135375155418       0.44276600941248834       0.47392828019182998       0.45038489781106866       0.48354979939061754       0.73296218481956454       0.55169263889240749       0.58026841113081007       0.60675988952988125       0.48141645574524095     
  0.32624924300056413       0.37077703021995134       0.35900317767406481       0.30784048653462315       0.35319955854493418       0.29155033990531326       0.39306140470826106       0.32684029825800015       0.35780181407973077       0.39676870173014067     
  0.50339796796721881       0.45720074999217292       0.48752002602429034       0.46475639077614544       0.49984946711563311       0.74176015430718445       0.55950267865612857       0.59395220454291831       0.62049968705715741       0.49611769180904325     
  0.35711112093494241       0.32628990431334148       0.30923175614033033       0.34399832500164268       0.35634719469592485       0.30384145342937396       0.35304739932306223       0.30273325140458746       0.33149368010010832       0.30900548935892019     
  0.51736024446298146       0.47132643978567296       0.50234756537626668       0.47991859773641121       0.51600217546277494       0.75037227340877244       0.56758388370763313       0.60766325927239839       0.63394834724433891       0.51073275302614285     
  0.35801338835439744       0.35397802139548712       0.32202401500940736       0.35160600688564986       0.37003953730158151       0.32415867919407726       0.34661328994401952       0.32960796677711934       0.35083301595782557       0.34559796090522077     
  0.53143297734502271       0.48495024188836983       0.51718699058434658       0.49631585834275538       0.53217998962590241       0.75912455161198955       0.57560198049457145       0.62120172051354250       0.64761082565775618       0.52525678189551006     
  0.32485183677487833       0.34055581675986435       0.37160820064003514       0.36318938692297170       0.30232002217751225       0.36837674279788335       0.35896078154884015       0.31870728768379009       0.29943865590319785       0.36579029805882796     
  0.54705757933596566       0.49851569796212264       0.53232131759415691       0.51263985350087471       0.54905188527910220       0.76745405862973193       0.58382546409714720       0.63424185898096064       0.66134301529328920       0.54071340207579344     
  0.40703736921060996       0.35394310990257255       0.35206562618956289       0.33284937997097630       0.38271823571435459       0.34657600927439303       0.32569856712613982       0.38005898422007095       0.32694529207214312       0.38499611369599990     
  0.56269029799231984       0.51218513446540592       0.54761084665879056       0.52841564850875267       0.56596538313303069       0.77580805645563256       0.59217072084480216       0.64717562562826314       0.67530074446623134       0.55623549192259147     
  0.32524659266932199       0.31473679539746152       0.31158735046805092       0.31291596250972509       0.32632214244750396       0.33990965669464523       0.36499078616523989       0.34668515690118207       0.31778549815248097       0.31425584745089574     
  0.57944830483381482       0.52623013232704952       0.56307237228240270       0.54466828078962737       0.58123880392520688       0.78409640890406052       0.59981832832940707       0.65937053249232602       0.68931579805373000       0.57278129977538006     
  0.39461509048124688       0.34044681198957677       0.37477938999812394       0.31988663136072737       0.37209260272517236       0.34688176389342512       0.37618284430734011       0.28863241051227267       0.36551397050213236       0.34300302678219496     
  0.59573405799363355       0.54054588289940653       0.57808965594496287       0.56153995371163512       0.59665698108324083       0.79239665910748103       0.60760124096063162       0.67171661260830229       0.70286070030989833       0.58990952962832399     
  0.37606602773754194       0.30918443931894740       0.33282315698989906       0.31296318139358492       0.39307894909186980       0.37213624883304208       0.39168528595099178       0.32811843713030159       0.39941616344070802       0.38308194294851600     
  0.61148051933109182       0.55509788448406172       0.59248757950135822       0.57909816213637066       0.61052144448656753       0.80018695618835767       0.61553909671416618       0.68508776154352580       0.71633877938293500       0.60666754597001293     
  0.38381856702817813       0.38679538527762536       0.35372872210523604       0.35366873984757802       0.34068945969033565       0.29686492753622140       0.31371443411930749       0.34033918516816486       0.34237941043612197       0.36108044609802931     
  0.62718462435266331       0.56987622898378343       0.60843974827218317       0.59728985263656986       0.62441247229410413       0.80808575759594792       0.62357071358321992       0.69822295728543360       0.73000003171698780       0.62356406550158505     
  0.33616634526491607       0.34971707993585960       0.32701494730082309       0.35216082971634621       0.32050790249720224       0.32182786605266339       0.41348967470420872       0.28867783096184385       0.34626314902108513       0.34542085470686185     
  0.64269176949875950       0.58466842828755294       0.62532142473070218       0.61552787581587132       0.63892437630537946       0.81643194009115772       0.63162080614195482       0.71153730623570044       0.74342713082096790       0.63877661149260856     
  0.36033757510102982       0.37226004972269150       0.37232977141168244       0.35894550663350006       0.38820257534952385       0.31871975005775832       0.39305255715040938       0.35500556214037321       0.34519258951739185       0.31462496117595895     
  0.65821205194133425       0.59951114127386018       0.64122125754872783       0.63386249269671235       0.65461668043405186       0.82432772462982240       0.63977721343049787       0.72487726918466966       0.75673522065614474       0.65331451635266158     
  0.33376248348912452       0.35935351925921044       0.35306275857016634       0.30554334818148432       0.43979238028807749       0.36811504145806201       0.35953197670843429       0.32602779979400626       0.31551131619205841       0.32299349593010362     
  0.67435082591583329       0.61456721029758077       0.65644792898797444       0.65259950950231149       0.67021704917527447       0.83180543597008894       0.64848210714121335       0.73871856836228356       0.76998546943333845       0.67031941919743576     
  0.42809310504424802       0.34617585750970925       0.37141231922390766       0.38902494868445292       0.38529643927924939       0.34939736875374416       0.35324511904876998       0.33151902270784006       0.34460362876946882       0.33534689390075895     
  0.68996019266668185       0.62967827424942602       0.67156056190486235       0.67139968008693629       0.68552565681754052       0.83933828467288574       0.65706634698832700       0.75261691078898507       0.78398510671862853       0.68747010165914624     
  0.39819662482312840       0.35662223992173725       0.34163166305743359       0.34579761150535721       0.39323959269647918       0.34714459907605566       0.35748604073866808       0.40629229822933183       0.34475795210003396       0.34415667034495273     
  0.70400589163331584       0.64477365878856718       0.68663479009896378       0.69035826023993740       0.70263772944222969       0.84698803431894054       0.66435746388631778       0.76533350644326326       0.79830898181867205       0.70505150688280227     
  0.34745534645863252       0.39406806925645316       0.34602254215585265       0.37915606761473825       0.35528066345363285       0.34457837235004518       0.34916026123901811       0.32758975941947266       0.34868292289229563       0.33267886506082506     
  0.71846180349973954       0.65978981405265313       0.70276221727094801       0.70926430074045177       0.71976904085732141       0.85474900388372432       0.67146781180450088       0.77811970390668506       0.81266021003390720       0.72259920641818098     
  0.31930593687036679       0.32168974265887507       0.36053366852476249       0.33140004210379714       0.37100936999100814       0.33910136295950205       0.35917513316597649       0.40614289981568286       0.32134826013936446       0.37826210778908259     
  0.73360501675916456       0.67538205183113520       0.71917859328081568       0.72783960739645948       0.73636122283534489       0.86250803502612616       0.67971078068555091       0.79065813396901363       0.82688000545746676       0.73938393578114614     
  0.35865094489130211       0.39207859039917475       0.32663485814752313       0.31724487340698715       0.37419574295138353       0.35596409646948840       0.34414984368744134       0.35291318527854654       0.34055580988470296       0.36496505843129168     
  0.74874235055083993       0.69080382128136208       0.73562874887270946       0.74637981188581048       0.75278178944745378       0.87036650346288580       0.68811059535461683       0.80346098097222318       0.84041863980433573       0.75593597793317602     
  0.36094455973899614       0.32531672545650336       0.39305564660363601       0.44918988374710805       0.29710246237762739       0.37438389893664520       0.32476344276212155       0.36766877664751141       0.36709169926074803       0.33980576778708899     
  0.76335245266658702       0.70667250663306169       0.75233881856890028       0.76608834002632520       0.76933588258326313       0.87775270836745467       0.69721913226250598       0.81488857891865574       0.85377005841399500       0.77201581578526057     
  0.28945446446315320       0.42747754142835936       0.30303002441272769       0.39908646945875975       0.36691054474863727       0.36682817921624894       0.34039666714868494       0.34231244323495291       0.28718856110982044       0.33570626593501568     
  0.77746809908486236       0.72271112697035123       0.76838208365966842       0.78583305875974574       0.78577861986771791       0.88515281258868528       0.70628796240859848       0.82607473357859451       0.86676430389728121       0.78810170807691104     
  0.33741657783110834       0.31408716143852700       0.38263897797222324       0.36841947391387825       0.37248985209379476       0.36011066183912593       0.37618127704449850       0.40460226681834999       0.32552063467685333       0.41358948879401308     
  0.79230943270314991       0.73943113245963266       0.78451199196879962       0.80549058948488683       0.80131133499989848       0.89262252966356304       0.71559097860450216       0.83769728597880344       0.87965398018921315       0.80492916980872820     
  0.32782251336566437       0.30826308060121593       0.35540091981203453       0.33642983978997942       0.37956186409662585       0.31824044118815831       0.35574964001320736       0.39000565744040194       0.29999147457162245       0.35003647031761098     
  0.80701563806424581       0.75649463422771013       0.80033363913747668       0.82525150489613952       0.81686529015165077       0.90024581016349570       0.72504622411619191       0.84948497369768328       0.89194393498925417       0.82212463697049243     
  0.33727255788971600       0.28198867811496670       0.38920900934804337       0.37498471096066399       0.39566181732418299       0.32748528186535897       0.40289334612978067       0.32943456830943801       0.31890670705299895       0.37995806187256309     
  0.82252284096818329       0.77425208713640536       0.81655387011267222       0.84393420307589984       0.83188180267455458       0.90787249678067206       0.73524857770582930       0.86215163367149683       0.90387741316601478       0.83775623957100198     
  0.37507242094917170       0.33977396011034272       0.34792062788167127       0.37939572879466449       0.39210206460835073       0.33128061079725363       0.37619085192010993       0.40879727574967872       0.32952342341671759       0.36235244814142559     
  0.83774090280690650       0.79183260336547112       0.83328266809814822       0.86249624131505054       0.84763670979771766       0.91552064391701504       0.74559220733588238       0.87481926548618982       0.91553563405810667       0.85400494160999285     
  0.34918341759434951       0.35259970587821426       0.38532328440124908       0.33910589566540128       0.39188030364426907       0.38002474583797202       0.37151073910941529       0.33590197635211383       0.29846569289634373       0.30775822400847219     
  0.85358686562577868       0.80993293043461467       0.84841311341770254       0.88010643277053402       0.86263656591880422       0.92309837499078062       0.75681382035638789       0.88787098411148502       0.92705447573688649       0.87139400496998753     
  0.38198626543277969       0.42227556531830929       0.37134993579614473       0.32857744192993016       0.32750922360326701       0.36094147122297254       0.49587990588113451       0.40124497585472363       0.32492926823351365       0.39779565274152062     
  0.86991093223858629       0.82826525696516817       0.86381448662763960       0.89758829842892374       0.87691324395928694       0.93067589571379206       0.76808003765075838       0.90010653926865625       0.93847092360510398       0.88818759163509031     
  0.38408120138777996       0.38621977087372522       0.38370012458876868       0.39297772913806456       0.30474975044594538       0.35712785711017236       0.33974821408359773       0.31749723112401246       0.34279392966890954       0.42973762036786717     
  0.88629616385246790       0.84681398567721966       0.88091614322762934       0.91366825053828193       0.89035553901199593       0.93839545153604287       0.78068777861233729       0.91206849253008071       0.94977425227117707       0.90029264096540018     
  0.41430065014249967       0.33979837522796219       0.35240595300021244       0.39339013271408790       0.36071572456323620       0.38436231047548108       0.38286286803782715       0.35098627684700018       0.31549442910282227       0.35021496106001565     
  0.90305093624088828       0.86592837849041127       0.89794612463348977       0.92942644043458678       0.90381915416582004       0.94619941991993128       0.79298680788530418       0.92380286120070720       0.96028729727337658       0.91243044116671324     
  0.32713637180914856       0.34189680739835132       0.40322480531030946       0.31898374642426114       0.39177902378239249       0.36768272394540891       0.36814025362919772       0.34743435916946697       0.32305648166299727       0.28370901963860662     
  0.91987293481267240       0.88694737196510731       0.91514906387658468       0.94406893963758809       0.92007426635562095       0.95322048021436012       0.80783173626205274       0.93600886472139944       0.97038201999647844       0.92682327294248756     
  0.33765035915547809       0.31175977898415252       0.36021730287276676       0.37847294066408538       0.40185410574738067       0.35144595197282924       0.37989594933912102       0.41080197496792892       0.33331511049992479       0.32366150513374059     
  0.93687547546874039       0.90862107987482310       0.93176618224688601       0.95879281493390123       0.93704669741753099       0.96007832422204775       0.82329184605635763       0.94794873411931768       0.97874667419210726       0.94125164385982196     
  0.38812444606813551       0.42417482710074916       0.40849538591533413       0.34528990525906506       0.32096439915965580       0.31679760349750746       0.33717545966268525       0.43655479598937519       0.32082459779180711       0.34444454070594616     
  0.95279450499798812       0.93044572065163322       0.94937764799939595       0.97045088970801963       0.95247117120303404       0.96851980795921699       0.84802824051390058       0.96076669584849772       0.98594460013220730       0.95655366628408234     
  0.38238509069318000       0.42061328864053388       0.36780946934233588       0.39289028304641910       0.33360071152286008       0.39745140882430147       0.36313799380179562       0.35423093514278564       0.33415507702479214       0.39596615392822204     
  0.96817192209562142       0.95273557473652037       0.96665610302658467       0.98202551823126694       0.96763364644200456       0.97708658140300442       0.87253218967340440       0.97368446689777144       0.99133132153888726       0.97126847411333150     
  0.31852826318024557       0.37272218905779153       0.36941438087194184       0.41922876013565918       0.32391993067845065       0.36936935347206157       0.37959952073236536       0.44910793677867455       0.33867024621284719       0.35595975531094792     
  0.98424935780335698       0.97632065932646406       0.98350259916441451       0.99100529365978296       0.98383081476880763       0.98807336205963048       0.93284625885347361       0.98675618273006815       0.99578467524576708       0.98569185374345281     
  0.34854731681352957       0.44681249181301436       0.39044598130358399       0.36082068262049155       0.35596064966393465       0.43052280392499032       0.36352115360990078       0.31625010428227796       0.47068775048880507       0.51936454971352830     
   1.0000000000000000        1.0000000000000000        1.0000000000000000        1.0000000000000000        1.0000000000000000        1.0000000000000000        1.0000000000000000        1.0000000000000000        1.0000000000000000        1.0000000000000000     
  0.49742396544118778       0.34363422804945637       0.33770396101754496       0.59722955413138346       0.43000789838834030       0.34766334321282355       0.28118216982293609       0.34827204017839369        1.5151169543100234       0.58060013635877916     
  -8.1097200030528125       -14.262032561364066       -6.5275039583489667       -23.994737729815860       -5.5568799446825423       -16.203017448276984       -5.4685779235877678       -4.0443118641824407       -7.0795765295534405       -1.9220170362125273     
  -6.4093474238562687       -10.753956830659666       -5.5892611549917053       -16.955309514433065       -2.6617979925121267       -4.5408629430821579       -2.1969174516793921       -6.4017910342850310       -2.0226493234970366       -5.1991891780632136     
  -8.0412972518459291       -7.8846447290569266       -6.7069472311685043       -11.698127814737516       -5.4594009437115218       -4.9950372611992053       -5.0685113604320593       -6.8119230956420305       -5.8454612266895918       -6.9054991049304792     
  -3.7258426028646379       -3.6522710413583979       -4.6539811016375587       -8.2460380463490921       -5.8955204066503084       -5.3168756480559489       -5.8763275250726119       -5.2571575727535542       -4.8114579665548503       -6.1565768905406113     
  -6.6612572477406360       -4.6174039815925756       -2.5189666630009127       -5.7197239560452617       -5.5529411394250001       -5.0724282468793458       -4.8504626208002630       -5.7751457312595944       -5.9994353088134176       -4.1322045496250555     
  -5.7335926755289970       -3.2013287713821539       -4.4307825065289803      -0.81562742402592237       -6.8527777145384778       -6.5975934904226854       -5.3870658128974798       -5.7913915487800400       -5.4607131222286780       -5.9632006506065833     
 -0.75270297334964475       0.66924387609300540       -7.0268857730429977        4.4993123127544674       -4.1618582898830017       -3.1470183392925533       -6.8220797760632728       -3.1570027334826674       -6.1504550947329273       -4.8378876128108823     
  -3.6306573641341466       0.96631299523534664       -5.7227104349452889        21.975230654181797       -6.8584728062190905       -7.0679474721365132       -5.5981308660365787       -6.1697915378306849       -4.8879362367319512       -7.2506869714355426     
   2.8838101639557013E-006
           1           1           1           1           1           1           1           1           1           1
   3.0611375512228583E-006   2.1266608941623171E-006  -3.9405610434069482E-008  -6.5288692083083486        1.5974510697135321E-007   3.3563341232228599E-010
   2.8155742670382169E-008   3.1231076206025903E-008   1.3220571317222409E-008  0.34994019848405650        1.3202996410917402E-008   2.0115051239424866E-011
   9.8045599050005545E-003  -8.1935486229104377     
