   0.0000000000000000        0.0000000000000000        0.0000000000000000        0.0000000000000000        0.0000000000000000        0.0000000000000000        0.0000000000000000        0.0000000000000000        0.0000000000000000        0.0000000000000000     
   1.8535208390270362E-003   5.4169187189166820E-003   1.2990128663130592E-002   4.1816188977166907E-003   3.0336336277570399E-002  0.40620863164214077        9.6618480325673134E-002   9.4382254300393820E-002   1.9746401096979671E-002   1.7175738592913929E-002
  0.38686737341099670       0.43139936573474746       0.30819338861731255       0.34639549254589597       0.36248710145362106       0.28203531309901497       0.25331185014855306       0.32650237629435958       0.37348288500538046       0.41226146589085927     
   3.5423992514551413E-003   1.0579760020212253E-002   2.6156346283734637E-002   7.4768888449184010E-003   6.0277130970908220E-002  0.55124378871064572       0.15181873883206065       0.16115806622043227        3.9271632453847231E-002   3.3943975794290440E-002
  0.55175242645801681       0.49430686355211689       0.30304729462407964       0.41887904751425559       0.40932372879119022       0.51194926406667929       0.45103492544208984       0.40502546735867390       0.39045091928060832       0.30359303967897533     
   4.9295503944660046E-003   1.5091167917571936E-002   4.0587383180434700E-002   1.0417365242389972E-002   8.9620854991813909E-002  0.60333085228273642       0.18042273348167973       0.19929624130406337        5.7176831845557240E-002   5.0534919168005607E-002
  0.56383893662777995       0.45346009381050995       0.35596452439244441       0.52260543390752090       0.41287491086770634       0.47261631048537933       0.36798042849795765       0.37172585251747819       0.61557297320059023       0.42613310607097793     
   6.3386526775950341E-003   1.9155609274055171E-002   5.5048056866089441E-002   1.3355223327573537E-002  0.11624364835937388       0.64463495758139366       0.20276831602968048       0.23403190857232573        7.4955608532521534E-002   6.7741847358626428E-002
  0.63590504120851010       0.32812289767204611       0.31757674045067186       0.51056063289210507       0.39980551663222935       0.51879054116247592       0.41780467075859140       0.45777619378961298       0.53241429627180969       0.36460061337498240     
   7.7977982613483751E-003   2.3451444551632800E-002   7.1063382204415659E-002   1.6241292856961558E-002  0.13883640714069409       0.67062402309138514       0.21864876917931819       0.24855784257865463        9.1080652574538470E-002   8.1486888462574320E-002
  0.55214658109387538       0.37532552890232801       0.31669876818948278       0.44780737686737571       0.36119135754453785       0.34759093049422335       0.39259205306916817       0.40592690283900873       0.48276535410041282       0.29218387434681742     
   9.2997687000703905E-003   2.8147814898566721E-002   8.7773748813202088E-002   1.9212941494726941E-002  0.16046221037640701       0.69546558243208023       0.23292254417490374       0.26471097702417090       0.10364525557736325        9.4508493405176877E-002
  0.41414251696147053       0.50301053299059484       0.32287187991173638       0.53971017239472185       0.47361251688571965       0.41615287240976823       0.35272239065625843       0.43535314910081463       0.42822669679348263       0.31922872981194578     
   1.0886869072010178E-002   3.3450759826695264E-002  0.10521532927165339        2.2452888728387983E-002  0.17903611223021332       0.71581062481677815       0.24642513096256988       0.27511361987321264       0.11644001904705123       0.10915545226991864     
  0.53899730187076778       0.33364331981326723       0.35569902850978935       0.39387108545665539       0.37524947191591224       0.32031217947718138       0.35229274953729678       0.42607506861153199       0.38011728859323896       0.43067938427585223     
   1.2740984146322111E-002   3.9107792530259922E-002  0.12228991518266136        2.5763400209666040E-002  0.19701772224799688       0.73506625616216148       0.26005484660246447       0.28590197116751803       0.12835023160891565       0.12395429475244280     
  0.63867251258720714       0.39429677655323325       0.35336988671865815       0.41937331793338090       0.40354622386125805       0.37514683875338561       0.40237730584715564       0.35472599252522935       0.38797650524966687       0.32062070578695184     
   1.4639817217395077E-002   4.4780721415497139E-002  0.13847260802388114        2.8850079824173151E-002  0.21379923815315235       0.75173763067171584       0.27254735657071233       0.29349654407913578       0.13990725537412646       0.13939105428526466     
  0.39792337802176919       0.33525315189144966       0.36975015083012586       0.38594651214809395       0.37937609752971307       0.38048133486438923       0.39886131886052234       0.35611134043915166       0.37475987594279714       0.34155786509548969     
   1.6505732468714118E-002   5.0771259119762671E-002  0.15435803015712490        3.1995449029067979E-002  0.23004307159680110       0.76758940404331988       0.28380390952963563       0.30105088563404719       0.15101743603439652       0.15483241689107338     
  0.48772782750000848       0.32094362355213629       0.35904735590816583       0.44573270166457485       0.33903439901759175       0.30854557493945878       0.38167353148046262       0.29142033627953595       0.34125782091138213       0.31813554535141431     
   1.8342420208711095E-002   5.6852994862751083E-002  0.17112791097075708        3.5147848847596051E-002  0.24586823672782593       0.78280180925398180       0.29555403101485545       0.30877681889007647       0.16343595752943241       0.16976904005704954     
  0.45682384811770660       0.36179584200660009       0.30705013544116722       0.32295640887319138       0.37382231570602309       0.34439697470114633       0.35568190218225598       0.31763346192211839       0.35348162104274822       0.33136325752334322     
   1.9896366047511521E-002   6.3620435332150782E-002  0.18912024096554678        3.8344650708439988E-002  0.26102208631287011       0.79580530140544570       0.30580064505526539       0.31781958798507853       0.17488106200091677       0.18296001913387386     
  0.37775721786796829       0.34302791690961520       0.34804854478756686       0.40507262962251750       0.33946967219826751       0.34941634479778311       0.33231345705821930       0.27667763418391916       0.33387997024502825       0.32655728195205053     
   2.1418651361458641E-002   7.0692655220382705E-002  0.20627877271850278        4.1673856611994908E-002  0.27600564355626306       0.80796384558779610       0.31578645960418067       0.32676949025087587       0.18701433778495571       0.19634762660588898     
  0.38271233640291991       0.37201057441793561       0.33788989296208366       0.42583420645102060       0.34514501724841534       0.34546622938438060       0.33514411228580304       0.37854480580728078       0.29596097195363369       0.44828839214748917     
   2.3139377225677316E-002   7.8523373323071133E-002  0.22217123766195554        4.4990356233147830E-002  0.29116421559249661       0.81882585462973767       0.32481643527638637       0.33522698094621806       0.20014953547196476       0.20949205445627272     
  0.36600348147632306       0.35132217328435450       0.43014577321491465       0.39986482634906528       0.36544047624097697       0.33084946475104243       0.29588802648186757       0.31172873811481455       0.33651083570489693       0.31065765295636527     
   2.5063150840355077E-002   8.6846271259493554E-002  0.23899199872681476        4.8309036501006264E-002  0.30589973217741517       0.82889288995753641       0.33353858457432189       0.34359154405591308       0.21390272362395860       0.22466608975905697     
  0.37258554207086164       0.33389875633936567       0.32274502385905057       0.34579145348083123       0.37093089577845656       0.36374776530282321       0.30379443634805003       0.42944740377350704       0.32139118128429323       0.32455178956104097     
   2.7034375450372222E-002   9.4925930230009323E-002  0.25754097887137667        5.1454715490798691E-002  0.32019713265214089       0.83827755709833784       0.34267023398210794       0.35182025486442825       0.22869271679057282       0.24076141328469161     
  0.42101370973910923       0.38637634640226420       0.38889001458804456       0.31116451359338665       0.35824815960857037       0.36142906894496635       0.41555626909438065       0.33373872521586367       0.39935961727293245       0.33833417516931624     
   2.8988048848904241E-002  0.10292959489289229       0.27621252769682747        5.4611330194707833E-002  0.33332097105078301       0.84697035502053086       0.35175575034750156       0.36058747182214362       0.24335161434774069       0.26108292307645908     
  0.28732324081176241       0.26979406754991525       0.37320144210498823       0.33542918388314324       0.39987113970519833       0.33886734993574968       0.36490157620489028       0.28173397103240505       0.35558931553614942       0.37239976272938036     
   3.0886246648083208E-002  0.11213287021285598       0.29406055522877250        5.7505575859628365E-002  0.34566666454024481       0.85545286656785136       0.36064711639830693       0.37010455919448598       0.25752106853796630       0.28029913472832474     
  0.34026152057550241       0.32090795126264227       0.38099141104262507       0.34913032735117666       0.42706353492870597       0.30938144504774789       0.31035278567684571       0.44922501216133198       0.31124501466117449       0.35712751426139400     
   3.2813814233365865E-002  0.12306260146872866       0.31055057718685003        6.0566796109632080E-002  0.35968720312185171       0.86335355707935424       0.36958058040352204       0.38024271115634589       0.27232784480700728       0.29810516567227185     
  0.32827677249511705       0.37883243183477244       0.32126739433101814       0.33643083203777813       0.36013620328943274       0.34177265246692906       0.35975409278430742       0.32397066007719194       0.34361685482137944       0.38512929131363272     
   3.4531597521129484E-002  0.13358879029425128       0.32387918297604379        6.4426637960968286E-002  0.37440435837129959       0.87030384234512215       0.37885397853268382       0.39091644968374711       0.28800910623100140       0.31579070334276427     
  0.33844054760066222       0.34506462129580556       0.28877550925148243       0.33127005405562754       0.45422329076310580       0.32943767292931087       0.38151005867821547       0.40480749452021308       0.33700074466329488       0.35015557515303253     
   3.6338149609614623E-002  0.14372405430088248       0.33675857580479085        6.8460816553871401E-002  0.38730646571636101       0.87669628585286130       0.38810354364508087       0.40071035020552093       0.30467301159849608       0.33194913623784822     
  0.26685755705005676       0.27830317459429499       0.30525082956248156       0.39229520840320670       0.39318155977845193       0.28948921646093173       0.41147897994744381       0.34275919260196508       0.33307363147572605       0.28857376749637137     
   3.8359999737373765E-002  0.15431418275939446       0.34959135385709156        7.2491764610471326E-002  0.39983656982497001       0.88242602977197959       0.39640753812487128       0.41190192571627987       0.32106443134858242       0.34887311054704218     
  0.27022231352260973       0.29905509738054653       0.29608365276836757       0.33938237266196003       0.39710629143225029       0.31942900903453636       0.36293591400193709       0.35653182430536068       0.37002184009334949       0.34113526691888785     
   4.0392117853799536E-002  0.16524831571668647       0.36356920232153855        7.6473703159686240E-002  0.41149181676420454       0.88802311786692911       0.40490072476355204       0.42297818199759762       0.33754761207162842       0.36896886419467190     
  0.27794683138192244       0.26920446790720742       0.32840497457090878       0.29260719941720564       0.32829394676570212       0.28264260618252690       0.34003610017883246       0.39656722693615198       0.31774737694270050       0.43459246068351420     
   4.2490512379312347E-002  0.17617187867708300       0.37682621760116719        8.0340505409606230E-002  0.42319674630056142       0.89344230867185881       0.41275887122275984       0.43451202302543285       0.35414183852495396       0.38868638778047709     
  0.32298893056768230       0.27846544819377794       0.34168152243476374       0.30973210059038442       0.32201946362394313       0.30591540198476180       0.39585090593388528       0.30799802667462556       0.30112320105962648       0.42311391620583305     
   4.4845149357359976E-002  0.18935965894762743       0.39001156039633961        8.4154900961198556E-002  0.43374402361914055       0.89873340273287117       0.41974374611901499       0.44746585654842241       0.37084182468850252       0.40661403719500799     
  0.32740010360440847       0.34725933207475346       0.33393695168031085       0.30531893839457380       0.32998227411606551       0.31857726056584140       0.36079545978482713       0.35755336529784121       0.33601960336212017       0.41859853264127461     
   4.7474287836385305E-002  0.20190702980534631       0.40386707962638874        8.8017253084408595E-002  0.44349889640412021       0.90361290329789046       0.42560307648884899       0.45981561621500627       0.38821691631789768       0.42481563906816133     
  0.30972466568588813       0.31018976676699272       0.41728242655257686       0.36737671174027942       0.36384818687573944       0.29264056754038870       0.26914689873900305       0.30977281440779231       0.33321340591756393       0.37313459630839191     
   5.0267555877035359E-002  0.21491646293007524       0.41787013942722923        9.2036020203629429E-002  0.45420945898249315       0.90811088381944050       0.43184317828074081       0.47225543409414772       0.40658034000901655       0.44017796783496116     
  0.32284110410782579       0.31072366729500073       0.33900644562253734       0.29463796585291496       0.34677042485018944       0.30350425246267460       0.33507158839350537       0.33354697624178148       0.36352187422526455       0.35626584909205022     
   5.3161016416223998E-002  0.22778329803281644       0.43118746573692346        9.6347451047349111E-002  0.46636016964426907       0.91233360417051201       0.43780020265868785       0.48491780124401024       0.42569128410309964       0.45569150106540196     
  0.31189312304159356       0.30060039325120907       0.30149189137659788       0.33195270365674406       0.34851726273046951       0.38520830034341486       0.33271425498173246       0.38454532138452691       0.33031322307890426       0.35751592603991134     
   5.6093812765045180E-002  0.24263024121558119       0.44330392962077048       0.10107223413851284       0.47919979248048106       0.91644896093486372       0.44409897669101023       0.49851500738480048       0.44334124194087676       0.46995425027296522     
  0.32539926293299815       0.36425956305055124       0.31795983606840644       0.32364329746141884       0.38199176106334992       0.29952352334420496       0.33138249053932023       0.33760733128012688       0.38056771558777136       0.30972657113052587     
   5.9110429518394486E-002  0.25659754965463094       0.45625060235204251       0.10630907436719976       0.49192820221507511       0.92030475606008322       0.45024217622629642       0.51363800911923185       0.46071663792170431       0.48440333950072612     
  0.32955203291039792       0.28419750354165380       0.29347828221782368       0.29719733318391112       0.29720796503855762       0.29097690843079060       0.32655554699355166       0.37190550899124969       0.35331701713506380       0.37776092019680430     
   6.2217228132227478E-002  0.27242310724540897       0.46936565657336443       0.11154470148437998       0.50584538316860628       0.92378486174579366       0.45562741921953614       0.52804393471865052       0.47785245105536966       0.49880802690953935     
  0.29888558062554554       0.30978905861932982       0.34338229428699968       0.31516282933621376       0.35962566178100003       0.27234774951027335       0.32996145187640141       0.33066842366617694       0.32620191707237017       0.38857613491616744     
   6.5490418396415048E-002  0.29050149322013852       0.48387318074257402       0.11668209853617800       0.51986048530322859       0.92707738145698593       0.46098795967333928       0.53999667390495465       0.49538721526715668       0.51207790742542458     
  0.32001478445203213       0.39922098050434213       0.39442906730649141       0.32722057085313133       0.30386422292018728       0.31054517370360041       0.34445087571138050       0.34421259478088462       0.35462420065250178       0.31640864898505944     
   6.8936502156131035E-002  0.31092550438411581       0.49829459183234587       0.12250224267465556       0.53334362222752574       0.93034196371738931       0.46596971843582885       0.55093154885129059       0.51248562938565545       0.52554359322568456     
  0.29858292709899609       0.36576031006605786       0.41166394069418094       0.33264343223899223       0.33413375600213230       0.26920446790720742       0.30083360755365063       0.38029047141101657       0.30806000255193500       0.33287773502381779     
   7.2561602369885722E-002  0.33078565707354540       0.51374713901981617       0.12953579726920195       0.54579314160881465       0.93308566008798244       0.47120563521801428       0.56112632306652921       0.53032189323025303       0.53919443793046029     
  0.29410556973855606       0.40573560204211517       0.30889245392325865       0.31713439851278924       0.37485104032844313       0.28229765729124162       0.35055935460548715       0.31264828695730162       0.36649375301018589       0.29071027171914693     
   7.6251558018470444E-002  0.34958340721106312       0.52926964547737121       0.13652184334464190       0.55744285873120381       0.93613682537655007       0.47745625621071974       0.57268200160833882       0.54898034200914159       0.55209991242448830     
  0.27047121912049482       0.36095336759374080       0.42111137387161302       0.35178255329403463       0.29964440736599390       0.30705113015878704       0.34446054962030581       0.36299691501326292       0.37506017407996928       0.36568156065824931     
   8.0254165066393504E-002  0.36843601801079867       0.54556977694391251       0.14335765118731483       0.56968704752555821       0.93945215038409269       0.48463318498124064       0.58471013108702208       0.56621407367831433       0.56542153803623119     
  0.28537847827313612       0.36312487302071556       0.41885334583346323       0.39205238847326096       0.29008635808322975       0.30457807598711384       0.30686367392175862       0.28178914396537935       0.41706744761994868       0.33197247603575714     
   8.4421413188335570E-002  0.38814928333768300       0.56136862929828346       0.15018556670669447       0.58295706279405513       0.94269263419293869       0.49324185077242999       0.59793916854148188       0.58141928829777445       0.57930774730914758     
  0.31412194206825927       0.37752403676319229       0.39943073791229100       0.30317206032678690       0.33893910098952018       0.28464599834798598       0.47318819333150280       0.34067244158925930       0.32658905254495840       0.35979403460107512     
   8.8967015138830999E-002  0.40988558982132189       0.57736690093649801       0.15710831322943061       0.59610487407577817       0.94617947662099666       0.50250449031354272       0.61115112155646389       0.59653871283389870       0.59331661677227987     
  0.35186123488623805       0.37188054102646673       0.38229445090331438       0.34578392548835418       0.37331662888674738       0.37927428830103743       0.30916952354480354       0.36908505877426884       0.33462940059345964       0.31478821459390061     
   9.3712692188741634E-002  0.43381340420950298       0.59172033780672839       0.16417748972772017       0.60922395814187480       0.94953984501693001       0.51081365602473550       0.62436840520717307       0.61093141538124662       0.60731677763347391     
  0.29595404243925327       0.31549789577764892       0.33367726335792147       0.33042523069418994       0.30721609558881019       0.33409495152881097       0.38834513964766626       0.39419134142208345       0.29572652432132240       0.34512756460319272     
   9.8340173091250732E-002  0.45855247575657460       0.60764274219680725       0.17162347080375939       0.62221378547386474       0.95239079597835108       0.51893708789259230       0.63809445519618990       0.62431495642540558       0.62180471559378292     
  0.31379938264661184       0.36936836071591289       0.41201773257888874       0.28651051816472523       0.34673729656908686       0.33504471502258099       0.38695929076117025       0.34631685361780984       0.30419828355316125       0.28851755084931363     
  0.10305797591074467       0.48185659134016506       0.62661611111447013       0.17946985080400049       0.63314065993450297       0.95496357467632209       0.52743503534047387       0.65159486302860348       0.63760796507764805       0.63641845823727083     
  0.28579003590731805       0.32997667659390983       0.36858485150489251       0.27708718270616561       0.31922733150624966       0.33085528748923032       0.39564229103215492       0.32469392739005720       0.33223029819608096       0.32693100314336088     
  0.10807452641618508       0.50484019008487524       0.64338838995075187       0.18750125560403710       0.64236055697027328       0.95691099043631034       0.53611955946437118       0.66490496093599638       0.65142418524653212       0.65135830050070465     
  0.33969395718087103       0.34825391031873093       0.36525035496588865       0.32865883854349071       0.28853347148074326       0.29575065860249716       0.30565531630584963       0.30444535839801007       0.29727955457561256       0.31367168589722449     
  0.11392643366637827       0.52782640654735369       0.65736591973879832       0.19600096952912069       0.65138282545687809       0.95880674173224512       0.54492481881838728       0.67828062462268301       0.66448884572869804       0.66817281066338075     
  0.30564060438379570       0.37794607585527218       0.37211077503222040       0.38299398460502720       0.26843921972247792       0.28852620469914808       0.30871715005764355       0.30612261070447694       0.30923472944286123       0.34206183185980493     
  0.12032006139502487       0.55085955934072617       0.67210837557538361       0.20502061788270795       0.66166867775378035       0.96090043714369611       0.55370883952826955       0.69143059923985217       0.67729929770975594       0.68672127826390117     
  0.30668359077019575       0.30454660241866022       0.33814054496700185       0.29079429474525409       0.34431305994118633       0.31827540202474541       0.33486622871477062       0.34824704628066261       0.30594400705834612       0.41746580821011176     
  0.12708468710165940       0.57430816863437406       0.68870230482452166       0.21431791349959053       0.67286174384239383       0.96304625185301118       0.56314477269483165       0.70428336559046456       0.68996225424228474       0.70564950422683992     
  0.38289133975705042       0.43106614557047374       0.38117292917932638       0.32796189236183310       0.31389924007173364       0.34441722795197965       0.32326525802227635       0.34090387795150356       0.30946042942567475       0.42887484765807599     
  0.13439156954122328       0.59689132257932764       0.70613071194301358       0.22342738980979138       0.68397254325225088       0.96513799147465007       0.57341714378329900       0.71723296026466576       0.70278868737506128       0.72349877769342996     
  0.32046483951447180       0.32493456881736155       0.36992186950615130       0.31440511809103849       0.35496147611636436       0.31133196743801383       0.36695251151398750       0.33031639081304348       0.32260535947913638       0.40711289498364750     
  0.14250513761775674       0.62192370482089232       0.72432913655582631       0.23401983941421686       0.69517020641931571       0.96711829206142208       0.58364988352798830       0.73020864154784315       0.71661080236796293       0.74053770270721331     
  0.33168480878854228       0.39451029280138961       0.37144034405823456       0.37867436763505918       0.28016007048348474       0.35963328291018065       0.39557139006349834       0.33256604405066453       0.35672060322155169       0.33839790476448217     
  0.15112876554084889       0.64839699118838601       0.74261076901459866       0.24490780807715273       0.70620007824385589       0.96900973988007322       0.59382740914230070       0.74392990484865174       0.73134068738960123       0.75602130606956008     
  0.31815964864037877       0.35296227508764338       0.34130766519816441       0.31101094360525555       0.31708018683379596       0.35321463928690688       0.40095808367681202       0.31231762352404091       0.40898129742312789       0.36433777175615695     
  0.16003294264643667       0.67153509692420110       0.76006668430130442       0.25743790659231836       0.71708968786592175       0.97078855465355862       0.60353536548298192       0.75881550501761941       0.74828868161196016       0.77116444827320374     
  0.27945145717962477       0.39847490564170612       0.41679834429502138       0.36580360594541617       0.35213851460958873       0.38887242312386583       0.36516472725222393       0.36495565308272931       0.28749722894879109       0.32410787860702589     
  0.16966651847025593       0.69276486262917003       0.77685518553131705       0.27098443741384315       0.72876629190063724       0.97278355399080108       0.61258026372415342       0.77462409845703672       0.76502739263400465       0.78679596159433618     
  0.31369783831545067       0.32815957415868952       0.35218439175334898       0.39970482440261412       0.27621132797032666       0.43639434506598423       0.35912033306458641       0.31759242764572621       0.30222434274656890       0.37534251236758287     
  0.18036800029835234       0.71416508269920664       0.79347374028873185       0.28529740087462813       0.74126456445718747       0.97474165772089760       0.62159956669469696       0.79018567245188986       0.78130561321020975       0.80200373558744320     
  0.30493365099392616       0.37844040934014994       0.37967453448136407       0.29152148331868222       0.32779613268689389       0.38458850182455634       0.36251311112129092       0.37168113583479073       0.32765080222205928       0.36705587313404509     
  0.19308573888044667       0.73735820278944053       0.81015348079518679       0.30059661453512543       0.75476556760406210       0.97663140925930625       0.63030081256741821       0.80517998152119075       0.79814542215678330       0.81709878568602445     
  0.31941420141123572       0.35160421460595492       0.34033382585777999       0.26396164036174852       0.33281255184707820       0.36418418403290637       0.31035865352213893       0.32707617118865595       0.28841543141568582       0.35814222923486250     
  0.20742630081295388       0.76369287666610619       0.82704416596898267       0.31707801463761548       0.76824489146817010       0.97846298531139153       0.64043563250213176       0.81959099962163895       0.81496063567067634       0.83219271363853797     
  0.31381896280178373       0.38571664184137100       0.35684096422111572       0.32595406299191942       0.35376195099010593       0.41039860581704640       0.44431719703102507       0.34298028803238229       0.37880296873559383       0.30688447174532962     
  0.22412848546468647       0.78820862745882803       0.84372791637652189       0.33454851357347393       0.78205091651551206       0.98033102634639646       0.65122409003049631       0.83404228931561641       0.83186867336881898       0.84519789742708828     
  0.39987204732012477       0.32635111763956215       0.34001304708887164       0.36129865640698139       0.31257188994730145       0.34194145698987644       0.32077492215574210       0.32369697375267531       0.33873774309784899       0.35917526089368534     
  0.24106503827904591       0.81040085231599779       0.86076650393071308       0.35399276687459125       0.79738539206920023       0.98220515212416115       0.66224261460245581       0.84809424424617219       0.84856145775267777       0.85999020266176707     
  0.33719710252503737       0.44013009671615377       0.32125819301786351       0.33406846727288247       0.42160391109265122       0.37905006813591241       0.31753950457836427       0.28852620469914808       0.34923862901731839       0.34883704944699617     
  0.26573377426128242       0.83182144198979602       0.87733591728720406       0.37531241311240066       0.81311609358812742       0.98384654500390956       0.67327463503588680       0.86484759412622358       0.86511036069554370       0.87904798447253585     
  0.36269886760858971       0.37159668708957594       0.36741365921951324       0.34229479570383931       0.33981750314101067       0.36818498127624566       0.32665732764256650       0.30164008974608775       0.29448617689066670       0.33561122101415475     
  0.29164938724989808       0.85264185921258739       0.89379962653507750       0.39913512241189220       0.83071250849728340       0.98548591969313293       0.68409987039255948       0.88131426239239796       0.88165244963744127       0.89664663176417048     
  0.35254599439116552       0.31852602874564706       0.34831233575231535       0.42052887892274948       0.34772255481676456       0.41979644288606333       0.31699265238869567       0.36731629221525092       0.39473119572854948       0.34198832155717196     
  0.32465491767162752       0.87626341259264451       0.90931227951123461       0.42715363836730014       0.84994670402315109       0.98744737542735073       0.69635896598112923       0.89846242082885408       0.89854785726140085       0.91187655501743448     
  0.36472380515179142       0.28467394386100214       0.33656397515299724       0.35530841048772616       0.40030000481520095       0.44557279345775164       0.35993704183510417       0.44303559971916356       0.38204754267234631       0.35810920759801185     
  0.35721801089180483       0.90139096970572075       0.92529280324267027       0.45822893011858129       0.87028860551420462       0.98950869511435779       0.70788298340802314       0.91620989527213070       0.91544115342383858       0.92585371415084294     
  0.38565619194630385       0.41014344079518461       0.36012129933699716       0.34659336728816548       0.36839576776922872       0.44945625249826726       0.34695122756285279       0.36206538692918422       0.35688262502549134       0.29802364015637467     
  0.39541504581784365       0.92510640942464573       0.94129686523089751       0.49245566819753955       0.89334804962942649       0.99146407127658542       0.72284137187289099       0.93365877106447615       0.93298996988677108       0.94038301582973560     
  0.33014760723308106       0.34414703465073765       0.33584924287486329       0.32415601269117639       0.36196152658199909       0.52563330916869888       0.39102094113598002       0.37602761327684875       0.36075469462458265       0.32850179774865063     
  0.44363093014655236       0.94388981060636856       0.95678448625636459       0.53804744780221558       0.92022878330110636       0.99334827020981431       0.74313441660497592       0.95068755713051156       0.95080893205997918       0.95443634667664745     
  0.30428050898066139       0.35521742501896786       0.33860822805119839       0.38196910870582085       0.31761886409206752       0.54495377447267090       0.37884406656767489       0.33490971548176529       0.40206471040292713       0.32329354893080520     
  0.51412493083299171       0.96210474506271759       0.97131069839783690       0.61038727632839040       0.94867362406886824       0.99551628118776148       0.76898735211578106       0.96728942565339526       0.96815747961593268       0.96839357957981453     
  0.35818332309776674       0.31321929760379685       0.40355011262435109       0.35739038924975447       0.35253984001921262       0.48570771191041140       0.30906992220379703       0.49687098715072514       0.31464320436062093       0.40032178384239187     
  0.66140246595410790       0.98012415609826076       0.98564431414145204       0.74840958294962756       0.97550831750195488       0.99775811808232351       0.83771675093630438       0.98404323758266732       0.98382939395539459       0.98282834763474147     
  0.34574292494829972       0.30949544461749490       0.31160209392259136       0.38222664778536275       0.36471866702244765       0.41859355544039684       0.37953128610177583       0.39087337765155800       0.33620569474381040       0.30465123514981457     
   1.0000000000000000        1.0000000000000000        1.0000000000000000        1.0000000000000000        1.0000000000000000        1.0000000000000000        1.0000000000000000        1.0000000000000000        1.0000000000000000        1.0000000000000000     
  0.32441837044244842       0.33558271096685804       0.35499089283994056       0.27231145222996850       0.30923472944286123       0.29578627923749379       0.25117665002653622       0.29817651794468270       0.37363695217928350       0.41173774409329511     
  -17.583157090202821       -12.658719946598112       -8.0189003631353835       -12.337820114115074       -7.0669591576693787        0.0000000000000000       -3.3392123727419558       -9.9347360934703559       -11.494459620311980       -10.464271754635028     
  -7.6794499017582663       -16.663866039143912       -10.921189342969127       -13.063210061717990       -9.9690657716503512        2.4289141207752882       -11.724106429208257       -7.6714963832209486       -12.833516559192871       -11.691957476559326     
  -3.3563629212269674       -12.574276726843930       -14.204666744240608       -11.866868509921691       -7.7173577865537393       -4.5674291483774487       -11.316425775347581       -14.855338559355470       -7.4728208187698018       -13.883573773967893     
 -0.84503619433178512       -15.641858825821657       -14.930815280294587       -9.3675579814868790       -13.977833245440742       -8.1152363794350517       -10.657180433690861       -12.806075476593753       -7.5677727564075452       -10.999407228042079     
  -1.3097021995476372       -7.4235956348610230       -11.158751173706495       -8.0640689632141065       -11.944019291940117       -5.7531206637314529       -9.5197685899037428       -11.957995653804041       -8.6868854191809639       -12.530512320418332     
  0.68556055018598361       -6.7391521815372828       -10.927082196703516       -1.2599368658439980       -14.272624446131349       -5.6044705665540997       -13.901060074939128       -10.465771982788713       -13.472650265781990       -9.0432564910386475     
   5.8045664081078439       -5.8195944174472141       -8.9563384730656690       -7.8645447736379914       -8.4788474319634783       -12.126644267479469       -12.062240610073285       -13.366435414140955       -10.965440921608970       -13.927625717349263     
   12.090684540308473       -7.4710812816436434       -10.098039221598940       -22.390615994992622       -8.7475487962802685       -14.462008152300388        127.82172467378165       -9.2159792375243565       -11.657466741296759       -11.523277261749994     
   6.9729506224963444E-007
           1           1           1           1           1           1           1           1           1           1
   1.0780918436899795E-006   5.4301113371198633E-007  -2.9183055913434667E-009  -12.489003528962515        2.1011476438927829E-008   3.5584576295655987E-011
   2.4975474261063918E-008   1.4861279024026402E-008   3.8459157062394421E-009  0.57259281072971890        3.8450632630534504E-009   6.4093642012699000E-012
   5.0000000000000001E-003  -11.321200258640527     
