   0.0000000000000000        0.0000000000000000        0.0000000000000000        0.0000000000000000        0.0000000000000000        0.0000000000000000        0.0000000000000000        0.0000000000000000        0.0000000000000000        0.0000000000000000     
   2.4607747168796209E-002   1.6317119143710976E-003   2.7034868736491049E-002   1.7115485253912065E-002   1.4628735607289008E-002  0.28633037983852150        7.0592204085103333E-002   8.3375591254072304E-002   2.6689829683752071E-002   1.3373952281122405E-002
  0.53130368772186032        2.9914739637365870       0.64754894071968216       0.63436872969661406       0.59672106040695283       0.74176168053873737       0.40531609372267741       0.59582290882463240        1.3939920857666426        2.4868000100483978     
   4.9563957238536197E-002   3.3300423788660133E-003   5.3702184938825268E-002   3.4516397627408435E-002   2.9378192496338149E-002  0.33946019006428330       0.12833253355186752       0.14713635819473367        5.3710187186007494E-002   2.6861665331390977E-002
  0.72900547097587665        1.5433818271553847       0.65030978812224671       0.58505269970509910       0.73321449230586666       0.53433205930270000       0.62523355755559540       0.85146615062811493        1.4136743968619792       0.83291682126693511     
   7.0248098610786736E-002   5.0854906387672715E-003   7.5528333070871215E-002   5.2122651138028601E-002   4.6206135801949072E-002  0.38590791968549709       0.15312923811833076       0.18469965088125934        7.4717238854242585E-002   4.2650966125334040E-002
  0.70001189356065141        1.4408029973439327       0.83156178338778663       0.74778210546792201       0.77721090171016083       0.73182776129600846       0.49283557778400738       0.60957939170499520        1.3163194140103005       0.71801377445110437     
   9.1063935507273486E-002   6.8856656067371779E-003   9.7509260656719249E-002   6.9775911576351102E-002   6.2636099039382012E-002  0.42829403392489951       0.17631327016458115       0.20944987084962380        9.4969314742137240E-002   5.7869118486238311E-002
  0.82279776329797794        1.0279038109575527       0.70539933203513938       0.63863184664066364       0.54444010810456478       0.60698292042613544       0.73080503649650030       0.60333827664020889        1.0928535981477627       0.63761913239159851     
  0.11023086805674057        8.7381709439897214E-003  0.11658764383226229        8.7692865974028728E-002   7.7966678751988622E-002  0.46774562825130472       0.19029190335364154       0.22172694566939705       0.11333256290296402        7.4247873235866499E-002
  0.78676665584800498       0.87925476917194156       0.72723219945062689       0.59095876502592859       0.66050843162504447       0.66214574878500132       0.59201492663858690       0.49954731300449690       0.91984565410522912       0.53596802683604572     
  0.12840992461096665        1.0626307473153726E-002  0.13437909115838476       0.10725867130272967        9.3408986879299216E-002  0.50215581930329412       0.20495276625335687       0.23209538586097450       0.13124170124518686        9.0152049720886487E-002
  0.62554416234288412       0.73968107274544070       0.64192350821247279       0.62535366322257202       0.58948574505638540       0.68832699847781587       0.70700977590900937       0.45056850002301957       0.89614487541138788       0.60551169414516104     
  0.14554371220378315        1.2591766960175013E-002  0.15024434470810302       0.11635756533129091       0.10918662132513003       0.53463200641273090       0.21821432695776569       0.24059315797913777       0.15058439347066255       0.10600199823199170     
  0.55268479971865903       0.91138375323750631       0.58845677533988416       0.47411579202841392       0.66521041479163356       0.68393969713361213       0.55670930074998082       0.44131351329280677       0.85365161777846743       0.55039308094069650     
  0.16219384960353644        1.4657309535087044E-002  0.16579089368117780       0.12408531293683030       0.12544900813922755       0.56473649674250670       0.23178029396314653       0.24894879102236372       0.16901340999825001       0.12201226835488625     
  0.66195625537351410       0.64345077529992767       0.59454484666682172       0.49451296831794606       0.66191591343589673       0.83449115066116730       0.64973708210071102       0.55487613808729475       0.83935387784880011       0.61095403406725923     
  0.17878739464323024        1.6824984853083876E-002  0.18149150989086427       0.13170342578893565       0.14137439363467835       0.59228363515240945       0.24311466873148380       0.25753216652731858       0.18524672163391465       0.13593578764540290     
  0.52191904473402861       0.80689946545350155       0.68697981377222850       0.46634520584424771       0.68476383593782064       0.62341912176039527       0.52823626266918222       0.55794603536561060       0.66364107140055928       0.51829201025384886     
  0.19526235606335818        1.9081213195527098E-002  0.19771296986630843       0.13909183505513553       0.15748367800228691       0.61609546687802774       0.25477364100458377       0.26683423257902589       0.20091814776325906       0.15074305236203814     
  0.56661380357652635       0.64291250889869167       0.74463180167184240       0.45591701380238508       0.52264799558232089       0.60667135834600616       0.61300277123233227       0.59914472154227139       0.71778029531216725       0.61269213056597605     
  0.21197626321681626        2.1358087661765494E-002  0.21460659079953573       0.14869238663970091       0.17381516693801269       0.63774509893327569       0.26532215379653751       0.27687050588069112       0.21702775163264471       0.15664826403595847     
  0.56311526739725792       0.65959107960997765       0.59564970025593533       0.51620616106517514       0.59777699463337730       0.78801030491967194       0.62443627735428719       0.64544471625200694       0.60865189276812803       0.47717388751439049     
  0.22889560181140753        2.3578150868661472E-002  0.23139295925724332       0.16500052150075076       0.18925873331860182       0.65621786816978833       0.27552937908711889       0.28866413144161629       0.23311937479345499       0.16281630932960900     
  0.52640428565649089       0.48964328803863982       0.74937639680091661       0.68123100729870889       0.58172369367399523       0.60710404108484439       0.56988631608650075       0.71129688779798339       0.59759501639158896       0.45281397401060447     
  0.24636622913875991        2.6274812337279949E-002  0.24748083909130320       0.18120526534951018       0.20536074586456513       0.67394659192921214       0.28519629865540336       0.30037398681227495       0.25088565324949086       0.16933539752139859     
  0.53433216566209474       0.65756807674075468       0.64128483734806951       0.63465290372503280       0.60825536581175976       0.55497426932494220       0.60317015938727603       0.67775417080912559       0.59428342435979287       0.40531609372267741     
  0.26378542672173155        2.9104465737794478E-002  0.26346015642043347       0.19827581302523889       0.22175276346725148       0.69029005904890806       0.29475934931669473       0.31242119854756017       0.26875947425189761       0.17599723512915727     
  0.62168722034809598       0.55946990039477262       0.59747923521842372       0.63312354769881396       0.63062057172401820       0.55993878392044338       0.70515290274848008       0.71740825500738992       0.55041072731394791       0.54936208722522395     
  0.28068991560479478        3.2201931614056906E-002  0.27915806485586275       0.21549238583959252       0.23998069452098014       0.70573159491158188       0.30415029686786832       0.32436835634700989       0.28695786382076527       0.19249103368861198     
  0.58840389129323123       0.62379868465927668       0.59727182793158140       0.75441340996751294       0.73209288231179948       0.82050751836753510       0.57013009068598375       0.63433281732009184       0.49595185364527578       0.66679290105948696     
  0.29850927844461123        3.5370507810876244E-002  0.29055793601781366       0.23272046983845832       0.25878262264936597       0.71980524335703056       0.31341164825001638       0.33713265428489997       0.30531471697291168       0.20818063282937815     
  0.69702091210651707       0.52415410503915194       0.48191267441589591       0.69070099047010491       0.77294134066317677       0.58543348922948835       0.56929157745170134       0.67644621045977404       0.62226284923006325       0.53676843728955681     
  0.31651798099930878        3.8762719696874059E-002  0.30216061330282035       0.24972611747362947       0.27106473192698755       0.73281102855448244       0.32193672021691944       0.34989536208754751       0.32403820422483204       0.22386051705200197     
  0.60170304368815841       0.54684707577607550       0.54067914110524740       0.63728434708850090       0.48573291248066436       0.51782342444704044       0.54315779204463577       0.62205956138731999       0.61132039661274740       0.53485367384390636     
  0.33366055780002224        4.2550099759470543E-002  0.31251723522808345       0.26655777603647185       0.28379113796427952       0.74522685950083845       0.33039381958090780       0.36230691763802703       0.34327675159537535       0.23951583989062702     
  0.75705238735374036       0.57709483700773745       0.63494524993414858       0.63694043864540040       0.57464717643375540       0.55723174521606433       0.58489158293653654       0.56409387008909695       0.60987199109759627       0.59502663773161513     
  0.35171614161692644        4.6320846188100964E-002  0.32317799482262927       0.28251733377430877       0.29120722768091983       0.75678978262619157       0.33929804690007331       0.37512192119850218       0.36216715106909181       0.25556247183683495     
  0.62325982784159550       0.52789097830606513       0.56757222850235156       0.50731152824783021       0.49356244856510006       0.52075342754338461       0.58169847701203437       0.62549366286863528       0.54084986508868527       0.58063038396711897     
  0.36898717887488491        5.0350594576420389E-002  0.33534878992309625       0.29747094188391698       0.29920794732329509       0.76775274358577461       0.34694579909669804       0.38691583361021786       0.37948617548278996       0.27160293086449261     
  0.62062324622213960       0.56466790641286080       0.66065745145903909       0.60012256946860965       0.53652646304517404       0.55612763941345644       0.53555896828851202       0.75253421542444221       0.51244807374984180       0.49021457493276238     
  0.38628073784566624        5.4447134353662011E-002  0.34797921736814963       0.31340169061199435       0.30722449870609053       0.77817571673263519       0.35045449260775513       0.39843075920016419       0.39705296835955350       0.28848067832220825     
  0.64944010340157421       0.54686591266365336       0.55846477155593710       0.56347978326032877       0.43689478037763263       0.56434573093970852       0.45009857612033932       0.56200582781894970       0.59875045393113691       0.60267946955987917     
  0.40221768526635815        5.8784234240748301E-002  0.36191674369263671       0.33058960524863779       0.31582860619289288       0.78818587433625531       0.35426679780608661       0.40951942178189060       0.41495715160981217       0.30582444958062566     
  0.70290048301193209       0.55926553766200571       0.58060846611153771       0.68610930267684256       0.49673151098352653       0.59876049591509839       0.42430431616502440       0.50868049759045264       0.56252420930161529       0.57961081328040420     
  0.41801931503687939        6.3242500457321757E-002  0.37560187008909418       0.34801734768609827       0.32658287799975494       0.79808845543942297       0.35813924961610560       0.42042765979462715       0.43334668640531876       0.32266920105675206     
  0.65138085323783790       0.51599496414002621       0.56024696912151739       0.85313366346350938       0.52616067649165033       0.68059007369395563       0.47733803196375491       0.53877413485777259       0.65471377322525159       0.54686209845454559     
  0.43262490960620503        6.7816880295755735E-002  0.38923281397784482       0.36623880100434802       0.34289210587541696       0.80796585364795503       0.36191653970016385       0.43224283831091886       0.45113465340552361       0.33969600502661379     
  0.62817176687648701       0.52790358864850651       0.53360726424790739       0.62885605560224178       0.69650924637860900       0.60411432278742117       0.40531609372267741       0.54721960056382446       0.65100098581331722       0.72790298510897533     
  0.44699595454468732        7.2468780697376001E-002  0.40130451801265704       0.38485942500431186       0.35993932580323584       0.81740818305870033       0.37227097761412070       0.44505907945709883       0.46849235303943065       0.35570162573783731     
  0.47346097152217098       0.57208026684413293       0.53956446858882245       0.68640951981088472       0.74162913678636555       0.52968986516698158       0.56321910651501272       0.59072039673899968       0.54631557564147171       0.63335353383548687     
  0.46314731183325636        7.7494847694074040E-002  0.41083081711230912       0.40451584013281594       0.37900790556031511       0.82599132680916432       0.38143040719214544       0.45826254093061969       0.48530131999174730       0.37194260165769855     
  0.63604267390330083       0.48818475244663112       0.47168420375824160       0.68985129361807307       0.66543070703702756       0.45091892567002001       0.72526915713575435       0.73920298742985524       0.60053581080078744       0.57505673688504055     
  0.47884863187888316        8.2674288107087310E-002  0.41831372115155380       0.42396677816588574       0.39744563035501734       0.83423864778346357       0.39086067205297531       0.47165576097791034       0.50141689160214953       0.38928039786649232     
  0.58803823504758368       0.49475496722144269       0.61239344239748728       0.70302711921754557       0.70293580392582367       0.52606880792618393       0.60311749237931522       0.64974828210660485       0.46692300119554997       0.57456726591200502     
  0.49551634108270154        8.7934480728650219E-002  0.42512954740079700       0.44134938151266340       0.41509973536194694       0.84228457012642000       0.40018400879339283       0.48524196702389183       0.51750810973417660       0.40610685867466911     
  0.60529602016601280       0.51529458457145316       0.43440703319083868       0.54881159752651210       0.64534973241044402       0.54911499062542746       0.75056477189208304       0.58706638955383161       0.53111987754407619       0.68537881905505615     
  0.51235356276259003        9.3301338874208828E-002  0.43181579415579729       0.45772935243272067       0.43288290033839272       0.85005515959418421       0.41033431047260938       0.49905010717970094       0.53339284689684363       0.42188946663037202     
  0.75944397940869435       0.50769798531102872       0.43390892231352490       0.61925559091206417       0.68483928505312774       0.52492001875420868       0.68368962499964536       0.68043824210444703       0.51057130019009256       0.57268535345265426     
  0.52730223157993494        9.9204144166109745E-002  0.44174783395226475       0.47373829747650836       0.45116408690130089       0.85655405283357788       0.42029428480868997       0.51252217192909522       0.54904707817021425       0.43742850898538421     
  0.58957111074702195       0.47669390854378280       0.48684763268429632       0.74816278944396708       0.59642854199214201       0.43402740367416831       0.67522518462469050       0.66154100673265404       0.52680499412743742       0.47762508779384932     
  0.54260435755953196       0.10536628403944434       0.45259619948256075       0.48981564741233957       0.46973255406391140       0.86315664066202191       0.43150231734618083       0.52579590289650924       0.56457416167373453       0.45256352564399965     
  0.49875688232024579       0.47695009963139651       0.52236471347841762       0.67589333386244177       0.68183850452596229       0.47475044282402268       0.63510264819399975       0.74418934456463037       0.56803896151209332       0.55861340696126061     
  0.55631975420552804       0.11269652264765548       0.46867479171006732       0.50447770459810248       0.48855821759633428       0.86942260605841404       0.44304863779904541       0.53908177264955204       0.57984114386604191       0.46777716590316626     
  0.70443158438900899       0.54485959885107260       0.79229841209506169       0.60785033886036144       0.69266686465337568       0.52473015104511778       0.66864976227271189       0.67885532344583555       0.56708195731170929       0.51605548802273427     
  0.57028164781168567       0.12068070672794494       0.48385481017357623       0.51875733685735148       0.50715731204034697       0.87595989422847786       0.45364859849296979       0.55288503338239203       0.59521180128982110       0.48246043878907463     
  0.66456997513167193       0.51199959784941906       0.65965811312042721       0.77561871760299372       0.87892140669309515       0.50002634537915591       0.62402582574782595       0.59912117575248836       0.62848627035269733       0.54383468698674331     
  0.58298281564373322       0.12940827211544742       0.49841695111763124       0.53129916429099810       0.52582461478516918       0.88183200759408387       0.46370011437492897       0.56630072960620836       0.61061025238949818       0.49763487374696935     
  0.56367249928568441       0.55587904719167636       0.62184539387047089       0.52041580237204943       0.75866799341533075       0.51733703362677330       0.65026375235408507       0.56986102411177786       0.60741868858679160       0.54407042870007882     
  0.59609872025898480       0.13868369361302602       0.51293111173308614       0.54370428864586917       0.54430271139715791       0.88778630328092234       0.47376693082434590       0.57963844657579333       0.62502735774877738       0.51297565572897508     
  0.65834623076413701       0.50125957570976742       0.60175102020412530       0.59099487405982265       0.68333233670165661       0.49710043260389603       0.62668932948904654       0.62658538493937255       0.53387765878657645       0.59358784420956190     
  0.60951703880499075       0.14824346555994838       0.52750514569810070       0.55859557670549642       0.56141183691186181       0.89336971815535704       0.48412826684490035       0.59287341465571064       0.63891529192063512       0.52880944830946941     
  0.55535170253573085       0.58370347767985331       0.55455693739828860       0.57005329225499779       0.76434266466821754       0.54071427974797970       0.64498657183962194       0.57090618883177302       0.48042457490728152       0.65548543196672626     
  0.62362677540140676       0.15831345793440749       0.54244505275426558       0.57289442679833946       0.57758652163513680       0.89888496365337589       0.49492956064953725       0.60399752696437881       0.65135823319059272       0.54416739576793560     
  0.58978106062401570       0.58005008944479253       0.67335704821199283       0.54037530546095569       0.63429783810848894       0.49407815772250185       0.74370054921080597       0.46837267336649568       0.49859487774288319       0.61005232030432888     
  0.63578654396088563       0.16852150338426966       0.55729914156813254       0.58706453292218030       0.59346661832107184       0.90409416956859334       0.50598802134260712       0.61503385672144151       0.66324061254257427       0.55920715929488829     
  0.60368277516093671       0.50173592433867564       0.73949971692939565       0.67100758921899017       0.54665948627990912       0.49990846565806135       0.94091342319149684       0.50820395907357674       0.54935423846004416       0.63014033266500180     
  0.64493984763499368       0.17861987322506712       0.57214755432957831       0.60090974779238382       0.60892247278698519       0.90917787478386147       0.51666060052942098       0.62558145850068159       0.67457144471800634       0.57427114843039806     
  0.46787941819059803       0.48395879772329131       0.66736980220408104       0.59954942906986552       0.65298592861342575       0.46293267178225628       0.59114428966548394       0.57907466228954507       0.50829045790534144       0.58806744037114567     
  0.65054704252148920       0.18999951327193781       0.58700511368255204       0.61538615880649816       0.62570706824204392       0.91421279420328194       0.52729915276855122       0.63671106581385106       0.68625033570513849       0.58978793718732891     
  0.45205446170078634       0.49157640828728016       0.70146479865013378       0.45334311184075360       0.65024280890547592       0.49536235099021664       0.88176423715138597       0.54504447926183719       0.47019653885466323       0.57831240752055557     
  0.65624753521542056       0.20277262743047300       0.60220524288600596       0.63023150214352786       0.64219483425832302       0.91913316788981037       0.53772927773975876       0.64977144635190087       0.69796725405256554       0.60616687901185806     
  0.50380260027851087       0.50293616314264911       0.64162472426244177       0.63285431269703418       0.55222950769534584       0.46908877513692077       0.75002100303710328       0.54894194518645434       0.49738382063644804       0.59567988004707006     
  0.66182652712578816       0.21627011931267828       0.61794718840203045       0.64514464479013012       0.66055318442108801       0.92400401119141251       0.54849460796431371       0.66278932732865647       0.71045584917300919       0.62301341239022001     
  0.44050949379569965       0.47757722210048659       0.60248442118220402       0.64095386221339656       0.67897445986494920       0.64528575481217021       0.67361793817425075       0.58945316825337990       0.49548150790685053       0.62256901545308330     
  0.67139308218042903       0.23077053790569335       0.63433336295864073       0.65972585569154862       0.67924704477330000       0.92881401439729350       0.55984410753106184       0.67576079179195114       0.72328687067017472       0.64032935583567641     
  0.45887564420947408       0.54949708333662162       0.66959077135138201       0.48911454458332920       0.68108671967123602       0.58513968669232097       0.56834928645219573       0.50565476567067680       0.48909236695565905       0.68397671299880991     
  0.68867163643830975       0.24674986651365743       0.65064407528847756       0.67277306692849259       0.69689519937463396       0.93326737994543685       0.57066052451911509       0.68893887341950277       0.73734843906420822       0.65873226736828239     
  0.72689543341877683       0.54623518896731371       0.55858177257608455       0.52408209686164442       0.64576426283199861       0.56904733438887412       0.69279503471362713       0.67208716255757384       0.52864044250019881       0.59581304006332836     
  0.70562995333522982       0.26500767406595521       0.66690044584619046       0.68564764239922404       0.71401910702669003       0.93744750367895313       0.58054516250535126       0.70100238918418900       0.75148890571178362       0.67652820871970443     
  0.64231352610321912       0.54202538199723194       0.54361016955422858       0.56132049696185760       0.58609607362516036       0.51232104696378811       0.64472016745802918       0.62773916445482458       0.56479377142511378       0.57592618214481828     
  0.72245283545763550       0.27624774684893699       0.68393212226972233       0.70080033164205513       0.73081152722051712       0.94156883159508398       0.59008172269148995       0.71324623368486573       0.76744638257589415       0.69273673651491774     
  0.56422097384603442       0.45024649380259441       0.57648219085960262       0.70040880145817863       0.60102567196245460       0.56616680749747383       0.59155445058464995       0.56306482477406383       0.55822546910919091       0.57848722535149744     
  0.73975077417773583       0.28339086972383637       0.70156760219898251       0.71642351116431191       0.74735484985396727       0.94561179093069558       0.59964737345463381       0.72697784185849534       0.78351525510026798       0.70826383806318571     
  0.61407636808967636       0.46268375303885773       0.56573932007623928       0.63501317932158896       0.71501559513410839       0.60869665646339977       0.53771952772589715       0.55822777926882172       0.58999328285229968       0.50365437714547312     
  0.75831699767961713       0.29081908858748146       0.71965881116230090       0.73179121043098161       0.76420227556055209       0.94947811269602567       0.60912431865253458       0.74057979680793151       0.80071217753950252       0.72467329866917540     
  0.73894454686442046       0.51915237005015147       0.66863662310924532       0.70279558236539719       0.77461288662089622       0.54471925337222915       0.71922558277684112       0.54588301013394869       0.52032273093262438       0.61001188694654740     
  0.77582328781116172       0.29809291118120163       0.73852610336281455       0.74586692915892328       0.78152484144891254       0.95313099528312228       0.61839242628822011       0.75548624235109707       0.81767839615681592       0.74179055125898352     
  0.72352474323730342       0.46887807077757765       0.66820110282135903       0.54823390503124192       0.62954512804769525       0.54820712431620011       0.64753346643891974       0.55913041764052318       0.64710822867113049       0.52599132312425678     
  0.78991725286036685       0.31125214598992668       0.75715942808450254       0.75981173219359088       0.79917604126152331       0.95656850089661982       0.62889950312694665       0.77085888296244787       0.83391231364530727       0.76012302703418910     
  0.67950655453770936       0.47598551047590343       0.77596859705118149       0.68294452159679675       0.76937183624997019       0.55037750818774267       0.48514365812603444       0.55595282193526541       0.69586719659666174       0.63061548331682149     
  0.80391253867290047       0.33226163809049714       0.77560033331346712       0.77370844308659359       0.81668764365108226       0.95971015480403798       0.64189689055639809       0.78797873380994365       0.84971239357145789       0.77697847172704515     
  0.64306683805654263       0.48014131515366021       0.49823678769667701       0.56139863292360836       0.55290392669865551       0.53808216408268983       0.72104387627196065       0.54294808322184263       0.67022343090798808       0.63296334177567026     
  0.81900599955890296       0.35654384516490606       0.79373136599526350       0.78959424962680491       0.83399523504874506       0.96283305760138349       0.65489878233247023       0.80497581579407396       0.86423921106753465       0.79307096107637931     
  0.53138381296084969       0.57484923087826723       0.75841005908261161       0.61837262923952840       0.68972540805351512       0.52850781293194771       0.68821660652079752       0.48053536845239786       0.51840054725096540       0.54563128338456390     
  0.83485918298043171       0.38321128229198131       0.80951740065836475       0.80589673345556634       0.85162758614920508       0.96641198336800305       0.66838167492750000       0.82151807468948645       0.87879328034745108       0.80922285028070395     
  0.68190328765335628       0.58002918833036443       0.66213849812713022       0.68746373323575549       0.67979788202314340       0.60230404881062971       0.60298787132687737       0.49342852055687941       0.58262640072828886       0.63951480130838556     
  0.85135767795046191       0.41657509627345868       0.82524420678544641       0.82143593414629401       0.86915037943020268       0.96987285480996499       0.68162307705694247       0.83816710475366263       0.89290083342176862       0.82620119566915351     
  0.57236471118040688       0.64954457106831898       0.54198589948026865       0.58052058877707058       0.63091172840565202       0.61846304735822111       0.81648614803067510       0.66253489943884181       0.54128943371668425       0.58971542460774395     
  0.86854864277838251       0.45369860162815590       0.84142370486383689       0.83691567116271615       0.88434695700221833       0.97312919269701537       0.69624570016307485       0.85480398911486222       0.90721667666805506       0.84387948956262515     
  0.67940022263721722       0.54752284098754245       0.59466661366707196       0.57909369153816925       0.56007387378089590       0.68383930719359154       0.68393820222147761       0.69860299738305864       0.56513681767163726       0.67762742552416344     
  0.88565782509075153       0.49446033351663654       0.85810739744584985       0.85271863753668187       0.89948912277527426       0.97632188975932976       0.71019556363102831       0.87142519560961984       0.92128870412379038       0.86206632632321378     
  0.76357309392296380       0.65026131129396991       0.74620538358294841       0.82816391260866651       0.55168913552597343       0.70295142770376051       0.62059341150739578       0.66014471662862295       0.68267915808418678       0.55910809865228506     
  0.90214263494793789       0.53536795101127388       0.87629906413189196       0.87013031617249081       0.91262507647743085       0.97939111446080185       0.72576020840708477       0.88870935685923080       0.93550186129516855       0.88062104334477365     
  0.62575148588057850       0.56885231119619784       0.59822126860699842       0.63685669704711689       0.46667321411351514       0.83931228107121059       0.66419752914361163       0.73710449982130477       0.69205190144146422       0.53671243918484335     
  0.91836413701549580       0.58452644298367107       0.89417474042469236       0.88829268298036368       0.92477817281006880       0.98240407513534667       0.74137958984132024       0.90581726702198329       0.94926802347821515       0.89920207079079340     
  0.58593304988776562       0.73111747862677490       0.70047750856856195       0.62745302387526725       0.61308028417829197       0.92128757609968237       0.62536765482056345        1.0889438023678844       0.54928982237025281       0.57832200384633103     
  0.93329234986980869       0.63764137164670398       0.91275387293750754       0.90622786320875803       0.93673279080169802       0.98544642771703017       0.76070280021189296       0.92128076883129351       0.96412797575007037       0.91800190278353122     
  0.65020614732666948       0.62905887235685787       0.71101735113773412       0.70252491410565465       0.43071422238906876       0.90875235117162612       0.66614301559270128       0.62099232035558405       0.55409231533706393       0.72928982007838872     
  0.94801621659038227       0.70357584042220711       0.93123934558891241       0.92413777285817511       0.94870055149965482       0.98830661482516557       0.78179622958541395       0.93650823554573881       0.97285973160563766       0.93553592816870446     
  0.54320024031827341       0.90412076320241408       0.73322868759618798       0.60613882433716681       0.59429461316647847        1.0210458509272613       0.74266844155882972       0.79446252612357626       0.49715878909975175       0.76562050487422428     
  0.96195854840970907       0.77070364688178605       0.94931832118781578       0.94338463182525878       0.96103298620658584       0.99123159613032630       0.80824624624933450       0.95326424334165749       0.97953761508041570       0.95095650500755313     
  0.65991130809069642       0.69301612503589205       0.74448280422289614       0.72820406985642383       0.55234660562700288       0.96508408192083994       0.59651241837396207       0.98077951437371025       0.45091078680484165       0.54679664916510906     
  0.97537753222089973       0.84198392467281202       0.96750938008296172       0.96262371083229903       0.97399543369662867       0.99413374141367961       0.83899799871780989       0.96998727944878094       0.98620078845246162       0.96664018146965747     
  0.72040209769846553       0.76941952284030979       0.66887777305165674       0.68624442827550425       0.51602664459253145        1.2189120263305435       0.81948589545283190       0.76405674459860906       0.45933541451044585       0.69222219663907336     
  0.98789094088829033       0.91906899585694513       0.98390679793755587       0.98134721497072386       0.98693440119033238       0.99703596270526684       0.90592122894177107       0.98499641728073462       0.99304330478577618       0.98375450274455023     
  0.69607632688534915       0.96527915293261879       0.65107541568170924       0.70909234152672895       0.56572538180123788        1.4997493183684749       0.72939680398041307       0.97457244328872084       0.42019320891258516       0.94436599026928392     
   1.0000000000000000        1.0000000000000000        1.0000000000000000        1.0000000000000000        1.0000000000000000        1.0000000000000000        1.0000000000000000        1.0000000000000000        1.0000000000000000        1.0000000000000000     
   1.2504288884504526        1.3475207215702820       0.67174956274708264       0.77519162296748523       0.58692129271006799        1.4592208806478335       0.49900264442545877       0.91301102476520457        2.9010060969641422        3.2012422828124052     
  -5.7104734686456666       -16.923829489935361       -5.9399586339542232       -9.2439148505820068       -9.6329299837419882        0.0000000000000000       -11.105242775870041       -9.2092261453312734       -10.128933022591470       -9.0976421257633788     
  -11.613805407516949       -8.2039131872948747       -6.1886026829616814       -6.8757545291942632       -9.2744195518042822        0.0000000000000000       -8.2077222985773410       -7.0413638764834587       -9.5443302834773416       -12.077829320615443     
  -10.167887560714256       -5.6164603112418110       -8.8607321952252249       -9.0027087568385635       -8.1101082411957073       -1.2584999097483631       -11.371334396885798       -10.755853133976695       -8.5012061331611051       -9.7190381768341023     
  -9.4459729655887763       -2.3043489052072217       -8.2590950144321891       -7.4287374412849507       -7.8483620208624254       -2.5472441894330338       -8.9574495708064550       -9.6289773888353469       -9.9688736786421241       -11.503562652740179     
  -10.146568113952206      -0.64497582562638933       -8.8362403605189375       -11.091776087184710       -9.1640254826790954       -3.6445341053834337       -9.3816664097765905       -7.9608234581607844       -9.3833216337475420       -7.2659796171842581     
  -9.3700882411768465        3.4154743558628691       -9.0118717846842866       -8.0419941027253383       -9.5884316558410081       -8.6306049612489719       -7.8324997872002617       -10.430806973739243       -12.273071670013048       -7.7837019348827718     
  -8.1201559983311391        7.2808430069614749       -14.122717888043447       -10.328067450575743       -8.4304820962241660       -9.2420584541289923       -8.4680664487920403       -9.4905180040906938       -8.5072822651340658       -8.2885451856934331     
  -6.3459070946561953        18.014702730770285       -10.303098097528787       -10.623162657243570       -11.251528375055486       -13.488306974493652       -7.0171603184955176       -8.3412243434884452       -7.0652730227514509       -9.6450711625310372     
   1.2719491400177520E-003
           1           1           1           1           1           1           1           1           1           1
   1.2134651166333972E-004   6.5645785029290392E-005  -6.7835478738712215E-007  -9.2680067677952085        4.2559575460473004E-006   1.0567308709086282E-008
   2.4428693165035514E-007   1.9361374327179045E-007   6.7428229015657136E-008   2.7523384244907967E-002   6.7404232153446841E-008   1.1358980881103110E-010
   8.6841708541519833E-003  -10.920266688108379     
