   0.0000000000000000        0.0000000000000000        0.0000000000000000        0.0000000000000000        0.0000000000000000        0.0000000000000000        0.0000000000000000        0.0000000000000000        0.0000000000000000        0.0000000000000000     
   2.5070164903878311E-002   1.0517111687229535E-003   1.3469705117978934E-002   1.5685127289568494E-002   1.4399871399494873E-002  0.27989658047123733        9.6014576535627616E-002   9.7978531151901610E-002   1.7837528641462670E-002   1.4815806414521343E-002
  0.58751318286544607        1.2609839149336355       0.62685145372710394       0.53016865700340943       0.64486791554930578       0.73587853874229869       0.41656416268636864       0.77617322709245362       0.62727235115719315       0.48855975496177895     
   4.8147356001465656E-002   2.0911241725864219E-003   2.7449354210808529E-002   3.1592324661332404E-002   2.8557440603150977E-002  0.42226180717693862       0.14554459006092318       0.15556496006968934        3.5377287304853393E-002   2.9774536948025558E-002
  0.49453611235605949        1.0878060604153419       0.47381711098049734       0.45851003287831638       0.50346582385761285        1.2446267895105949       0.56051318659427907       0.71923743138999607       0.90211152164901076       0.51509038349078329     
   6.4503463373324424E-002   3.1560323272545464E-003   4.1260443425314618E-002   4.7734422041509322E-002   4.3355426787311684E-002  0.47022088092390474       0.17071968643470339       0.18849774368977301        5.2017323061441120E-002   4.5973490298281794E-002
  0.56758417419837925       0.98158629024984956       0.49051388870712009       0.49095363872382319       0.47414309707798935       0.73672489246677419       0.54138007154919521       0.60950233488533645       0.80761458623762983       0.49492267633618808     
   8.1621928713480674E-002   4.2495318965251189E-003   5.5204913155883856E-002   6.3486937212952316E-002   5.7911174166785810E-002  0.51380415355675235       0.19066269377588338       0.21267388281517563        6.7802989651060963E-002   6.1909319390058941E-002
  0.52745770748743803       0.75833302686589121       0.58117164583639014       0.61298585316869914       0.56334012534522460       0.57644658515215053       0.70754133293272903       0.63507010072827230       0.91954066722978800       0.44301161515637272     
   9.6570343752927987E-002   5.3846369849210145E-003   6.8923872062455829E-002   8.0781039835145826E-002   7.2495465718610666E-002  0.54899245719428524       0.20596582350796860       0.23010091418970557        8.3489038897269677E-002   7.6834232693215876E-002
  0.49127803042436274       0.69332685984018372       0.56776235293893629       0.47883139595500618       0.55358793881162138       0.56177843449054543       0.57848541514372986       0.57551089590502258       0.75220773206317926       0.53257859815299058     
  0.11218409755714961        6.6072968292410520E-003   8.2651006744719813E-002   9.7562522197432180E-002   8.7231048171898043E-002  0.57878646937382794       0.22067489617772765       0.24717828355454077        9.8798273610427978E-002   9.1973970082158435E-002
  0.61492942506110149       0.62382565435058701       0.52231208833714149       0.62440985367279289       0.50660425681612609       0.54789077697453559       0.51470428023153425       0.56040763589910447       0.73730050429492477       0.59402594334578851     
  0.12789935839353347        7.9306965472949516E-003   9.7061794641463278E-002  0.11370407615510433       0.10270019149251559       0.60394507583792623       0.23403068955124481       0.25969294132262799       0.11435867856405116       0.10683538027040328     
  0.59093517119927219       0.59567609247592634       0.49503285384881768       0.55327015556236869       0.51551772584287336       0.63306367102699390       0.54879667832292178       0.52247223860501990       0.68708011849303030       0.52458646279374987     
  0.14377167177242620        9.2950151012850830E-003  0.11151504698670672       0.13006765732180101       0.11818677848863138       0.62650827166990497       0.24648355065954333       0.27266576895925476       0.13007614450818220       0.12130709358373652     
  0.46305379665843266       0.56030783868250278       0.55967507822755547       0.56094291473988211       0.58571992153888963       0.62465587850295934       0.78743956597425613       0.60813313156390092       0.67906632842818271       0.48463498941714578     
  0.15987068194645110        1.0695822799885374E-002  0.12544364682057715       0.14529386209638237       0.13338481469647295       0.64717918080837422       0.25793159582030600       0.28413543908964550       0.14564708789809344       0.13536413179177501     
  0.58164318078783905       0.53424844180721454       0.55620229769490714       0.66116712108431175       0.48906802571168345       0.47314667592231524       0.59060989510114359       0.58426178623724656       0.60969852905958566       0.54631826769362601     
  0.17649226141680474        1.2188598026385854E-002  0.13908844744579438       0.16031823379237542       0.14862123935265656       0.66636535854859458       0.26888981032784548       0.29536639582542856       0.16083664831861327       0.15016926690502863     
  0.56011001794018656       0.58920436939576470       0.53342638635549644       0.45351384206116130       0.53727530381609978       0.57532556683400060       0.59608885994060390       0.62768720931409483       0.58424433732905023       0.50064638613486889     
  0.19237202738841724        1.3796017839729221E-002  0.15223346639507868       0.17591632689181383       0.16394243242979986       0.68397527517861290       0.27940921296293303       0.30633145166627918       0.17580787253101110       0.16552329131652471     
  0.58939381182720574       0.49797999519924269       0.52451363771151827       0.47745511435278876       0.63372305283937325       0.52159692748308106       0.53714525023762472       0.62084483465711493       0.62373552274538524       0.57101453576543149     
  0.20730230305748248        1.5482436613627913E-002  0.16543911697713909       0.19127809110078414       0.17917658361100666       0.69986246433233823       0.28963288909578594       0.31710515024888913       0.19120304691072215       0.18083752351795709     
  0.63133513955737364       0.47238247393786875       0.47484839730911571       0.51270986767921378       0.49464455576049315       0.46863876251694414       0.65984636317604362       0.52120713271613728       0.56046417668108872       0.54314951322851213     
  0.22226005760261286        1.7304353699585565E-002  0.17903375131627677       0.20738895772604088       0.19451728322648654       0.71449775738035148       0.29919340842462316       0.32770492021020309       0.20725936502250694       0.19606662518065399     
  0.47133738196638908       0.53856767538293560       0.48874627961713307       0.51173367491012511       0.47632967917712921       0.51461023352510860       0.68496218822917398       0.57422664249808308       0.61027748356654077       0.56716394877370502     
  0.23759971796080753        1.9125012139581225E-002  0.19263778515196869       0.22309785574436602       0.20994290758680031       0.72837843323618645       0.30829038494500921       0.33813702470040613       0.22347843904676895       0.21219336202298217     
  0.49366446377705531       0.49667105684370316       0.56463252195811620       0.54801591733532917       0.44402921625289965       0.52508852058798106       0.69174305469965158       0.63442954920697003       0.52018492176667452       0.49906614899463536     
  0.25272920534046972        2.1151696041350067E-002  0.20628141141516476       0.23884744212736606       0.22475925724268289       0.74064108243281668       0.31668213749398832       0.34814517183149785       0.23892890470836906       0.22918782035932703     
  0.55370416630644570       0.53959080889002387       0.51809373729407582       0.64790923925232413       0.53470048743231779       0.59521519052460747       0.51836018974597520       0.50636219889234813       0.54446925073432029       0.53435912953752829     
  0.26772856628535485        2.3409508977732522E-002  0.21975347982947382       0.25502010300925548       0.23877886400377582       0.75243396800434592       0.32461370419065905       0.35811377190127130       0.25391613187864798       0.24601107079467119     
  0.54265875453855117       0.53878432217860328       0.51541703249180559       0.49760300769805815       0.59507776998062689       0.40045990540892218       0.60244971226853383       0.46839423233525962       0.53042479683954791       0.54252267462122816     
  0.28265557725539392        2.5673671149272777E-002  0.23384945518588304       0.27189458586614590       0.25322552665467785       0.76374434456931728       0.33227579210417424       0.36812753033029660       0.26931938885670292       0.26256761896004838     
  0.59540875499043555       0.57526473418632362       0.54772611615960343       0.67931968957916544       0.53200108847362793       0.48018313638265103       0.48907763119884401       0.57561090357014399       0.47093980852629258       0.57824606452442739     
  0.29847002895872610        2.8014611079787751E-002  0.24843831002919917       0.28847415826864981       0.26825979595319865       0.77459921593091985       0.33983666911510169       0.37817918316666321       0.28627340778370786       0.27905346302479633     
  0.52521885787470157       0.50642484707697788       0.53928313630529967       0.61908248944957078       0.57303225917085687       0.44307283704776573       0.55847890963156210       0.54095918720246350       0.54058815382277858       0.50466965635037153     
  0.31436018951360817        3.0407374808088205E-002  0.26315765941739039       0.30290693886135067       0.28432277087996588       0.78506662927811766       0.34756688838726402       0.38819628118522009       0.30412969797898315       0.29556058480915981     
  0.56425271397555987       0.42530961081473129       0.51092685311170083       0.64900924076947297       0.55535859093143325       0.41331925713456052       0.45909312666010704       0.49543804352730686       0.52483540375318283       0.54703224266616013     
  0.33123691348943191        3.2987603886713374E-002  0.27772328284020081       0.31706992958866337       0.29971184702776571       0.79515497855325168       0.35544650530368721       0.39852242280304434       0.32173260720930874       0.31237890826861370     
  0.55745181467427063       0.49525097735914680       0.50644703966773508       0.45609576225184134       0.45174258564523012       0.44785763927125799       0.49059797721155984       0.45657315465395149       0.55047269603600868       0.49086368446153139     
  0.34761733325389588        3.5715117527847881E-002  0.29255626280884578       0.33068148991451857       0.31528423962583235       0.80446562616167416       0.36328389094898722       0.40919926320152938       0.33929668991337214       0.32903758872340316     
  0.56909396123013745       0.46318183032940879       0.47374964590962060       0.59333573344854740       0.55344852503011721       0.44452261779713825       0.49063037182493241       0.55909269357099967       0.47884413501190937       0.46696892407984120     
  0.36394761901788236        3.8606360321067498E-002  0.30714751794774181       0.34571018331710168       0.33096499541698599       0.81345256650513942       0.37100910142792681       0.42061243611141963       0.35642841455562385       0.34600476191241636     
  0.56826101575692245       0.49735682395586872       0.53701112381265126       0.47958041343376157       0.63785665619485676       0.49230300150436784       0.59266953951881662       0.49797005415494444       0.43093935157952379       0.58566732944146016     
  0.38029845230696663        4.1703969380041277E-002  0.32152125605978565       0.36195782013071109       0.34702007801578616       0.82199379696305797       0.37863629343671656       0.43268715108247430       0.37302954627523005       0.36282669586309318     
  0.51105638846279888       0.46435631637812824       0.54094387475324812       0.53199933813870359       0.58039753662123428       0.46248728068247580       0.47596042260393501       0.49845077701921126       0.48209350872462114       0.49740015765698847     
  0.39701578323085346        4.4915700841785977E-002  0.33703923419676113       0.37825782638230077       0.36360923988935340       0.83034805924298094       0.38633566458028645       0.44462527298073762       0.38886926602640226       0.37888211416954848     
  0.52569921631959071       0.43360123978958814       0.58271429459892587       0.64935002437752620       0.58512801094488509       0.52723614211775216       0.49447190733403146       0.61815100021821745       0.45915185008273490       0.56724722587602772     
  0.41344738913068679        4.8239034307084511E-002  0.35086484081389063       0.39344069549535710       0.38009643132910403       0.83806083144021459       0.39394717414024621       0.45626950639563879       0.40442603231252650       0.39428004256962296     
  0.47600761888238025       0.46211292380779495       0.60773645577592650       0.55929649284578009       0.51949323942642356       0.42097395946697680       0.61384505352758856       0.54790027438897559       0.49674429602189357       0.47221905031654177     
  0.42992479892766122        5.1726299994237238E-002  0.36428050285748337       0.40872432095275335       0.39609155890055203       0.84546025086814169       0.40137360904614300       0.46800965578694492       0.41999858515318866       0.40917174835639974     
  0.46841554010116632       0.43297125185127094       0.52354409636034382       0.51728348768011412       0.44374342678356754       0.41912507962171092       0.53815016953013017       0.49337842603003912       0.46338058133433180       0.47152962253584202     
  0.44567691030524970        5.5417083255988403E-002  0.37736024568984639       0.42454671488871232       0.41184951992735497       0.85256288664296864       0.40862420101930719       0.48004086549778097       0.43544581791155346       0.42447341802773392     
  0.49123006106562234       0.46549651006530612       0.53035587362986980       0.54727481397491184       0.48665794545525609       0.48792311625900536       0.49822368936347416       0.53814527596099848       0.47731961959030905       0.44498766510514448     
  0.46239079259702442        5.9290192805038416E-002  0.39104276237421370       0.43983282270261043       0.42772428681551000       0.85943042943154246       0.41578172967829591       0.49215993241957701       0.45109218063379181       0.43919243766177346     
  0.59267359959548027       0.40741186201785101       0.50380398698725282       0.54988256407386293       0.55138078911583888       0.46874212204420540       0.58198059828209436       0.50833169028056346       0.42743614356391746       0.47616884076984206     
  0.47761974438278859        6.3448056287435065E-002  0.40757032015936540       0.45420687991275416       0.44419171281157344       0.86610015766527448       0.42288463907186036       0.50390523518280994       0.46743890017864681       0.45347177314815706     
  0.53641436849329149       0.44569928976986339       0.51187276817339311       0.56305520287491184       0.59385506279274702       0.51642454532814208       0.49172798271719609       0.45124242903675521       0.46034630566367285       0.52259840870084662     
  0.49325258528571370        6.7803684815028770E-002  0.42320198740958326       0.46899725782857593       0.46113879871341279       0.87251185189612745       0.43009079696209807       0.51610714880166408       0.48317358007179573       0.46764646976636909     
  0.61436126063762042       0.45064035900472810       0.55064222301928145       0.55874479292225954       0.52828920528764334       0.42352089495285666       0.43816313140432656       0.50360795714523776       0.45891663389939591       0.56635321827669560     
  0.50992913983231725        7.2346772237609852E-002  0.43826999063153732       0.48383960455389363       0.47809394024602891       0.87878237770178247       0.43738774690907206       0.52915956004002962       0.49914075112026296       0.48208213301777769     
  0.55150741105514889       0.39408503791201049       0.54535955712899953       0.48049811110900781       0.54561258931508771       0.54030408630407045       0.61256480466851904       0.52619189699568869       0.60168241602417005       0.53622951590611967     
  0.52600520011089980        7.7098852183529493E-002  0.45320439407758562       0.49870310968077369       0.49419038145333993       0.88496654613222603       0.44464109163866328       0.54233888742444725       0.51521731109340607       0.49590072358499010     
  0.50636629937354105       0.45946220367966323       0.44947111843516674       0.54417840883448976       0.53983536087292350       0.46660645190936867       0.52028513576942403       0.51227699083571043       0.54793091841614550       0.89327925673569097     
  0.54072683838408386        8.2055047449762275E-002  0.46893446163824465       0.51370784254312873       0.51011454120647759       0.89051167615217930       0.45179664669573633       0.55535584872633459       0.53219356310550814       0.50933095789969018     
  0.50646229330864589       0.51518742153981745       0.51815371725071968       0.54305437460208550       0.50785187834174972       0.42471018223705054       0.54605863732278459       0.55789609026175757       0.53054552535986654       0.93278730844853741     
  0.55498548248575708        8.7241040907879500E-002  0.48546832610698792       0.52874530542140508       0.52586887222339862       0.89589475025406784       0.45878780428506305       0.56842515088107537       0.54901829553300041       0.52272897057090406     
  0.54466341986313749       0.49873144987653467       0.53101914599822175       0.50553206810365225       0.49545979272455076       0.42471565398307676       0.53264601398846656       0.50740192985762134       0.42819989471575637       0.70495135514519425     
  0.56863370083462328        9.2951087927486700E-002  0.50131931220625825       0.54426418812533162       0.54159804030448522       0.90088753303590818       0.46580697389620435       0.58168459643041348       0.56596152426619173       0.53641195141938780     
  0.49014065585777794       0.44416160850561620       0.50501372413442513       0.52027341847986264       0.43767416948608368       0.44773616677036127       0.41669833804808282       0.53627059458871085       0.48640019388273270       0.62710308508775581     
  0.58236010080745193        9.9059300916088541E-002  0.51687070040149896       0.55925687447795458       0.55758162243120990       0.90574434860406128       0.47306945375288423       0.59540164841974674       0.58238700781023645       0.55073514949395264     
  0.50047685576279233       0.44433636436637602       0.49221440262114885       0.53274032796900750       0.49271864845372021       0.45908607940711271       0.53229077116641887       0.43611723339414649       0.47752095930658611       0.54080898583880133     
  0.59700382948246522       0.10568305852185744       0.53330528737237870       0.57270208030247205       0.57351173807944145       0.91066104844695328       0.48006120985918216       0.60958412404714568       0.59911438581798415       0.56589403446893682     
  0.66414417074884868       0.50182709787045543       0.58813767866867828       0.56426601390259234       0.60917060506308884       0.40572003940609669       0.58273906851983504       0.47213984889522254       0.41772845387499735       0.56071388783234621     
  0.61182496544731502       0.11269009161280485       0.54985558181080829       0.58673855816886455       0.58958497798277310       0.91551542816105635       0.48690341909564600       0.62378223856870130       0.61576420638190410       0.58113858855628853     
  0.46140890536336571       0.45193648236417094       0.46630709588485841       0.53010138764745796       0.47875395980508251       0.48859826008844592       0.44329948381408701       0.51868037810625955       0.42088443720930296       0.63532540311262931     
  0.62594190743254774       0.12022494598779447       0.56586467663843798       0.60114748341933344       0.60614821785487472       0.92012620755041308       0.49385951652068555       0.63778711128751986       0.63215986910632960       0.59664396855148827     
  0.43218975571131490       0.50068295820315034       0.49487068716119831       0.45937565385605666       0.56889219157084669       0.44441931104269405       0.49916467804864229       0.52310487068983524       0.48482920203876051       0.62267472756126141     
  0.64088397664028973       0.12814833283934210       0.58150408683135779       0.61719360914323496       0.62237444936077380       0.92460799517359415       0.50141082017693805       0.65140528045343460       0.64850888008333984       0.61262981448895759     
  0.44862083068491593       0.49854034612950759       0.48606702651059192       0.61636691205219563       0.58431504214917573       0.51961300411207223       0.42354266789528883       0.45366642188091155       0.43039549448763009       0.44432614997366926     
  0.65661997582769782       0.13647272330432053       0.59788219036542467       0.63328578501622912       0.63785717239692863       0.92882603620734605       0.50948672604128376       0.66491117900550545       0.66420114867236157       0.62926588941452644     
  0.51603841755570390       0.41854494779123580       0.49359894155763562       0.47737752268293349       0.52545064557388865       0.43806097439431430       0.59366682105858426       0.46078863000942605       0.47057580813971872       0.43663943008215433     
  0.67138153532004508       0.14543466441800734       0.61482850322209937       0.64957967853061871       0.65275283840140763       0.93294059692665954       0.51752386059848943       0.67812640227054544       0.68027980207784633       0.64599971544952883     
  0.49115748218714350       0.42231694656459301       0.50617631897842630       0.47368673575337822       0.50393847239886580       0.44740564967796742       0.42253236713254200       0.55055714395710187       0.51199062473511026       0.43748714446989984     
  0.68592426196496259       0.15545193003054492       0.63054166602673778       0.66515611491054161       0.66775712295104384       0.93689625937804244       0.52525765266944291       0.69127359949937139       0.69643580019493434       0.66273539616707722     
  0.60176781339389274       0.43925169890333077       0.45851367174085716       0.56255001217519385       0.43864166721723041       0.43408436831901581       0.50634815453178461       0.48236658732410664       0.50193139645620499       0.54893466964753457     
  0.70069847637781923       0.16617538952589536       0.64546672738270727       0.68028973719982688       0.68392780164676203       0.94076891370847004       0.53288263405514691       0.70506375331757920       0.71258691160615739       0.67916655251468161     
  0.45090823893458037       0.44888517429205677       0.49625467361438969       0.42398689180036719       0.47674541386141961       0.43765823128215914       0.49036381666410750       0.54028633325759412       0.44555501154755095       0.45240376575157148     
  0.71646227779306548       0.17753002129049714       0.66078291803834244       0.69551371166355147       0.69966056538951993       0.94449016652854068       0.54084202331225961       0.71949498138965606       0.72879146399807881       0.69556855141219909     
  0.50226646606790415       0.44031640498706481       0.50174195082843531       0.43817053280420326       0.57768610808736998       0.55293289030608206       0.56116080115867950       0.46342020243379894       0.46292532474848241       0.52473854164602729     
  0.73236216049544844       0.18971917275269576       0.67700478656344487       0.71089587831055578       0.71578068768664982       0.94815566216207170       0.54931862144363153       0.73437804557120256       0.74492804446870153       0.71204933197286013     
  0.49991796304118674       0.49601429340386849       0.58558301976923322       0.53868253351756579       0.52451859938716960       0.53666293002334398       0.49001567719882078       0.49555050317323046       0.44256128433846603       0.50008459504104030     
  0.74804355858571803       0.20276363508071241       0.69402051300662082       0.72642264201810935       0.73231700425580626       0.95160749192257887       0.55843470575179133       0.74970824784049084       0.76105693861135804       0.72836011487665264     
  0.56328437010082466       0.46990243450763192       0.59375184825361782       0.47311199679715527       0.47994378488221501       0.61840480235405193       0.53381663146600378       0.49263983669321038       0.45586612517725805       0.44262715573432460     
  0.76397711675221425       0.21715908607445467       0.71116559866887497       0.74222712545209857       0.74858034799858664       0.95493937965305498       0.56758042622059734       0.76553577229900382       0.77701253871002052       0.74484714831117627     
  0.52431565770137956       0.46959346438982402       0.50985699508753324       0.45353831689203761       0.58869105896073426       0.53594435858673839       0.56015848112458200       0.48448040926766944       0.51975177583166576       0.49215869487536129     
  0.77944913541139971       0.23313572661353391       0.72787248906801172       0.75820395424676801       0.76481134688212293       0.95814849451432882       0.57697457178853795       0.78011493966684087       0.79255965478049495       0.76163568444207563     
  0.52752566916991794       0.47973921356494137       0.63975104172552899       0.49898512675303935       0.52528015790243077       0.46894093295162459       0.46961550050789941       0.47111847080162689       0.47060137456097240       0.53360737504374500     
  0.79453555228414108       0.25164667254591355       0.74445511069371750       0.77488718962412606       0.78095394657197015       0.96129771040650847       0.58666790164146621       0.79428335759915825       0.80805874824708102       0.77828136813233062     
  0.48113773832911466       0.47614860656321306       0.51997475525392534       0.62609301970523801       0.53093897963967873       0.47563661902134258       0.50271556069725731       0.44289472133734442       0.47056000584128432       0.52491086076828630     
  0.80924611270045110       0.27162882198629229       0.76031320486952836       0.79178666280800913       0.79659218214974081       0.96428702797984833       0.59663863830815067       0.80831104436151513       0.82330319538940000       0.79451807761984083     
  0.54474060606748209       0.46894792085530490       0.56316032458408360       0.53763885236418740       0.50449766657401562       0.47149973806758577       0.49398730923984341       0.46719899335170323       0.51828037907698843       0.47585646157487221     
  0.82406038807395554       0.29361300048572120       0.77569089375131506       0.80854409786248083       0.81233344598485957       0.96706129025654064       0.60680293021444498       0.82319914090431801       0.83817859114817572       0.81038786187246148     
  0.52579069655982413       0.54837974173144577       0.47059015643058122       0.52066789091774091       0.67574400667483570       0.53007267326914143       0.47330960454237669       0.61040301244088835       0.39197484631380430       0.48627998334135347     
  0.83889002916198308       0.31865736029121877       0.79062726443298559       0.82492203940614450       0.82796606902053105       0.96989901179204718       0.61750261773950799       0.83878301748339035       0.85307958844212839       0.82580945091813873     
  0.46415524968587307       0.47485510448746382       0.55248806386126736       0.53753776210071624       0.52972397482778011       0.48794860674467821       0.55758109753469431       0.51429892569260061       0.50543875311903719       0.52760514552988613     
  0.85403365046280044       0.34718296716424035       0.80611902860506435       0.84126245610639527       0.84406713360189900       0.97263395356901849       0.62863637471887268       0.85434167135765937       0.86813187451306240       0.84121287453281401     
  0.46060907531251261       0.47056428276753176       0.49534349685052859       0.55699791619965278       0.64942454671028060       0.49505267969320249       0.54658319375817010       0.54511364121089889       0.45132622033622133       0.45334183955159502     
  0.86944035699408473       0.37980760552925741       0.82256332846948477       0.85665204808616835       0.86002399641661964       0.97537749214607239       0.64005763520062964       0.86970835017353743       0.88330236954502495       0.85641962640422253     
  0.58633314216556043       0.62292199556820005       0.56514972039663669       0.48522226850070554       0.48883629717300381       0.52025069263596235       0.63359952039595113       0.48584898902963136       0.43877731178246093       0.59304377083533966     
  0.88530542221917052       0.41791665005960582       0.83853927358705815       0.87264982780903921       0.87566089134292846       0.97813413961468776       0.65232899560719260       0.88470771076210941       0.89833060078191040       0.87219860538752636     
  0.64457468366171555       0.55427835341997189       0.53972945683428530       0.49186063728623475       0.52944948794083257       0.61483117786529284       0.55619524004280851       0.56043839682777885       0.48267657162951966       0.49611357761568992     
  0.90119256935644010       0.46471303363418437       0.85536583486969997       0.88892900685196397       0.89106308216181396       0.98077314170184937       0.66520537139917357       0.89884298246591787       0.91370270946834242       0.88937853385946752     
  0.47043778946110582       0.57886424393063540       0.53516078274901824       0.51693013739628779       0.39629204235012716       0.59923367834890295       0.64129345510836155       0.49761953305985268       0.44550752390810489       0.61889317173216318     
  0.91641511440406498       0.52097329999860831       0.87384887636301944       0.90541764793322133       0.90664761329776100       0.98333742370886823       0.67999354133427226       0.91239761916281736       0.92871518801899267       0.90642686819912077     
  0.60863419849959621       0.76042783507550071       0.58145862736398901       0.64170835421040751       0.53221992535788665       0.65130926285057988       0.46225476835861629       0.44778082833038912       0.47443640091420541       0.51111168031255871     
  0.93077614510363271       0.58719192265302056       0.89306134194996900       0.92217173086044735       0.92197959313665412       0.98584308282104538       0.69701990505472700       0.92698289657569100       0.94338293516505189       0.92284962568454709     
  0.66936876774621257       0.59667922398713180       0.68901033543516232       0.47882354509871838       0.71653640047800149       0.58992693178249567       0.50872975124320896       0.49915754609187729       0.55125035867357330       0.65486529452671438     
  0.94461449111222962       0.65997704025924930       0.91217102200875488       0.93832083249481280       0.93772019010173890       0.98826478247877658       0.71661137046865164       0.94217702186326224       0.95811567148925580       0.93997235490183773     
  0.45152934290577534       0.58198246363525175       0.58142636415727633       0.59847655841711389       0.48026541722585436       0.67491921038246361       0.54773979673299522       0.62848335188738447       0.51133454521841726       0.59835110676443948     
  0.95837614184605391       0.74335817825914330       0.93128541909510876       0.95397083330319066       0.95423584420541319       0.99074915358336679       0.74210318939880693       0.95652787095461589       0.97203989158980197       0.95500384981601694     
  0.42663540080481832       0.76630392029450012       0.51677562346018702       0.50948610755837664       0.58701038973449682       0.86037468522024108       0.62024499401539457       0.67700788596772576       0.51093054919299330       0.51841529633893424     
  0.97227581236615424       0.82614765808758728       0.95001320608004647       0.96944095195360980       0.97107872796565675       0.99356891032425310       0.77532089149087402       0.97089792992834933       0.98364707525917017       0.97055479385737153     
  0.49524353849472375       0.53209110285133865       0.57895162727666971       0.50529995625938129       0.66778543201235840       0.87733609060135886       0.50674094106434386       0.54639165033549719       0.48474073361071940       0.43254230434174068     
  0.98628354433661114       0.90904338539975860       0.97408114238696730       0.98472481360731734       0.98519783369143754       0.99674216096362556       0.85051514995664923       0.98484742908779410       0.99225079644513148       0.98467046108510137     
  0.56492699085488141       0.68878231586153960       0.71000922861986171       0.57146909970989224       0.51566588269113078        1.2528076596105413       0.55462466023940959       0.60929675046600806       0.48124722085563237       0.55017868980653251     
   1.0000000000000000        1.0000000000000000        1.0000000000000000        1.0000000000000000        1.0000000000000000        1.0000000000000000        1.0000000000000000        1.0000000000000000        1.0000000000000000        1.0000000000000000     
  0.91585167321869798        1.1336717092725754       0.58468275164027250       0.58363637936178892       0.53653585774971946       0.94983026949359739       0.39120726297860736       0.57173799305240414        3.3257031372385004       0.68258388004672432     
  -12.274523180856150       -20.408497447723416       -6.1803586598799329       -13.163037074286793       -14.590566909089885        0.0000000000000000       -12.684132897948762       -12.341101810491182       -11.600902245668287       -11.807229190552103     
  -11.652270497243459       -9.0796766780813165       -10.561819576135765       -11.019264071471792       -11.690521859962690        1.7603133631308636       -10.165121736967444       -11.607367778907001       -9.4879140761178160       -12.335742424153496     
  -11.508504414975848       -5.5536405385562695       -9.2101910502176771       -10.765729771554447       -11.200545877785535       -1.2036069734172383       -10.188760134048525       -8.2860735802926548       -13.936347590422043       -13.150354669944596     
  -10.706261752643236       -2.8387448175095038       -13.654346717069782       -12.559708289184524       -10.304245389621421       -5.2063575445281369       -12.303877303532156       -11.522377793399896       -13.564591825371984       -12.524278951669325     
  -11.631964585896306        1.4861967745363762       -11.920990328019862       -8.8078472388836602       -10.962956858908139       -5.9620480725651852       -12.428506813980270       -11.985128548991515       -11.970385061159359       -13.551654319343706     
  -13.053021416296204        2.7236805233824222       -13.132179630047220       -10.100584409194731       -9.0143506619680664       -11.734012431291299       -13.058375174897701       -10.478577736025963       -11.233221542661111       -9.4686618321191816     
  -12.019050239777878        5.9418134266241758       -14.844015378396124       -9.7155143509597686       -13.109619343990063       -14.124436226769468       -9.5893586289283501       -12.604425792693874       -10.351486602726460       -8.5334380981534981     
  -8.3195822434165869        21.569191636265469       -15.047216429131932       -12.528046264140686       -11.640730835530114       -12.822305418110545       -9.8493775892226800       -11.743581699849759       -9.5246141101616040       -10.162403194586611     
   1.0154963661530920E-004
           1           1           1           1           1           1           1           1           1           1
   6.5051332008533294E-005   3.5012676255627915E-005  -9.2283310941720040E-008  -12.015875718023919        2.3176995350037858E-006   3.2144059549607695E-009
   2.0520410875805249E-007   1.8402503928691581E-007   8.2873502236505653E-008  0.11260233164632170        8.2832243956698877E-008   8.5616252095330865E-011
   5.0000000000000001E-003  -12.675025465608377     
