   0.0000000000000000        0.0000000000000000        0.0000000000000000        0.0000000000000000        0.0000000000000000        0.0000000000000000        0.0000000000000000        0.0000000000000000        0.0000000000000000        0.0000000000000000     
   3.2110728427432671E-002   2.5945101228825066E-004   8.4845518215988219E-003   1.5969723424439582E-002   1.4256795298110232E-002  0.16378689646550035       0.16728573840592681       0.12161424245020193        3.1948215298091144E-002   1.0851621403778224E-003
  0.95678206079632100        1.6846142247162204       0.72915020969495414       0.83384240991782466       0.63031879132537794       0.44897284904058732       0.57711521769684682       0.79010313705237656       0.96300531675186207        3.3550962285176484     
   5.7132824130382655E-002   4.9672383575851981E-004   1.3815810775777700E-002   3.3487352200075128E-002   2.8870359533420240E-002  0.22690723654030043       0.23214046895731996       0.19732569250028736        5.2968569126761927E-002   2.2567388745049800E-003
  0.86701814259912424        1.7770644075420572       0.74773750665923178       0.97585051248855370        1.0367837348970981        1.2213251643217748       0.84013222563358481        1.0291183195835152        1.3012345467170749        1.2874932234457972     
   7.6354963377687907E-002   7.2909350394692693E-004   1.8795197563221424E-002   5.0093354770302891E-002   4.3781365484533007E-002  0.25431593229691912       0.25813966371779329       0.24539854774117173        6.9200959500131484E-002   4.2732877637840722E-003
   1.0205570448612054        1.8132562515905934       0.57067483619700765        1.1236242817681694       0.88390112847054014        1.6724292610345826       0.90936882274854980       0.62472094880227080        1.0612340031459493        1.1318292264601044     
   9.5704536300514162E-002   9.4783390090904867E-004   2.2781667485584037E-002   6.5846570775131938E-002   5.6656929376718720E-002  0.27447094535840633       0.27940470569009662       0.27897990380348181        8.5184858463848434E-002   7.8069372487026487E-003
   1.0293431130889799        1.3277796133105924       0.53763738167398212        1.0850850058870558       0.66510452439470202        1.0274815625533942       0.80386313259365350       0.89336688087951188        1.1996172040989705       0.89371854917468863     
  0.11206661067874434        1.1907962942758182E-003   2.7589985183907387E-002   8.1250669616136056E-002   6.7996875140537982E-002  0.29066968575319407       0.29740637409506226       0.30479375223638983        9.9572962235926418E-002   1.4189978206553879E-002
  0.71105586515360408        1.8765163173752135       0.81794861065561320       0.76343461719682149       0.74220531899184561       0.90853370060981464       0.80008709729752836       0.78810005906256408       0.90330037085711834       0.82606690564176832     
  0.12818342379563485        1.4543807335753566E-003   3.4011634915559669E-002   9.6965629120696020E-002   7.9330044304163044E-002  0.30377779846028913       0.31486586202057737       0.32537449734743201       0.11407538578920323        2.3215333149315835E-002
  0.74506974181047436        1.5304852837040090       0.85367553789519102       0.72929893478549135       0.66381322109477559       0.98993176933648042       0.83047536353472662       0.64425179433183521        1.1027920901594330        1.1553098009662124     
  0.14480033593001665        1.7701828941889860E-003   4.0988317983104400E-002  0.11219741893779273        9.0425220134695256E-002  0.31642664534732057       0.33026611922394911       0.34327212845930755       0.12766790709240944        3.5415350248429525E-002
  0.75831087765371730        1.6199185520447972       0.84753472198151281       0.72174105454892667       0.59710869996046934       0.80721696220288031       0.87338460250494587       0.58935057786966927        1.1029335060103451       0.82286086829328142     
  0.16314317831146913        1.9856473767040348E-003   4.8672593029390449E-002  0.12838125191851096       0.10486233628548632       0.32561560870993567       0.34338031603799879       0.35982808073765071       0.13922711373004346        4.7070401748393630E-002
  0.65211583674349438       0.96783848676320161       0.95255905305061828       0.66920126883239150       0.85492148159793335       0.87761605274845345       0.94746144829666090       0.90754889554553320       0.89611218895527045       0.76612286324007428     
  0.18163896454034104        2.2217123768010208E-003   5.6994113234030981E-002  0.14390324344051272       0.12084526655914868       0.33451258796601335       0.35594233472128556       0.37673736105357064       0.15033284796587021        5.7355895521461898E-002
   1.0902492075129122        1.2671728973650411       0.85266562296284776       0.58977014770201108       0.77305659420925321       0.82226281047819838       0.77913544550817959       0.71127925184600271       0.97490465279458349       0.50204467505300077     
  0.19845816840465569        2.5460049269152266E-003   6.2822126715225704E-002  0.16028175424004340       0.13521310563683864       0.34380869543180143       0.36608869240375824       0.39285928251866681       0.16141821053745628        6.8054353357749911E-002
  0.97521458958051221        1.2364520913610637       0.69661686892799068        1.0956902751135242       0.82872267657834076       0.77592394198271564       0.58477332268015070       0.69072179752927232       0.82779299641305693       0.56091135869873932     
  0.21412366907551986        2.9106741213359832E-003   6.8031935884376157E-002  0.17679955899676242       0.15025293314958912       0.35373845072171323       0.37446471757330091       0.40781039111613970       0.17397694522844209        7.9069320071963919E-002
  0.71567639688954698        1.0589362379130656       0.67958684918136747       0.87611473672238105       0.76771179966898018       0.68855844451730042       0.62258000279147407       0.77313585887535374       0.81064953968375952       0.71592695018609620     
  0.22898039791668987        3.4178405772061996E-003   7.3034621096777247E-002  0.19297324452202769       0.16676521623143042       0.36549713491851427       0.38187200793466858       0.41867693858542943       0.18795882056177218        9.1396436748589202E-002
  0.76194988253062390       0.94360361613308819       0.57456919200457435       0.77824314918047544       0.91535245606483195        1.0108598145307133       0.79780796949725441       0.68981255913754913        1.0266092616718219       0.56312921085171874     
  0.24515083956627076        4.1507994801287355E-003   7.8177022518749750E-002  0.20906915343110358       0.18577441317536297       0.37702392396717954       0.38908857688042087       0.42969380888444192       0.20395673424941979       0.10879713187067225     
  0.69741000657590924        1.3140126823069473       0.65332130213486006       0.94178494070503049       0.94267408191929181       0.95150181160722602       0.63660764614677146       0.71796469946090624        1.0150618094096797       0.82298288749876514     
  0.26226405013340459        5.0083479432238513E-003   8.3680695670725488E-002  0.22528922681389912       0.20332865636983835       0.38722399113899270       0.39644335982334550       0.44062453552464531       0.22086542576384266       0.12605052241307932     
   1.0980782116335484        1.5363619871622438       0.75714749993851327       0.61722434685756877        1.1781040133829548       0.74870470018480162       0.69424343750036466       0.58896211623885608        1.2249758797830492       0.60085285103917363     
  0.27898701892485667        5.8940611140170145E-003   8.9845192061472623E-002  0.24165908168137454       0.21388750876724597       0.39752886958403982       0.40614931223593764       0.45135606631588587       0.23711402644695467       0.14486761478072899     
  0.67951459999167596       0.91059330482653356       0.71679817710569882        1.1011797194042352       0.68933448791896257       0.80981527407768661       0.87878152860552328       0.69926511602048880       0.98801613081386963       0.58158602588014519     
  0.29504329758148040        6.7706264111554700E-003   9.5918891808434659E-002  0.25788591815863798       0.22494851958573706       0.40820393337991101       0.41664318314304827       0.46177121121702824       0.25272412299383407       0.16463328351782525     
  0.89033223769727288       0.91800312519149174       0.81593231829336710       0.76208726128520732       0.73349114638014634       0.95426561416917122       0.56188428614231734       0.70897697609282040        1.0548449210067570       0.82593750683333356     
  0.31035912053314740        7.7406958072898623E-003  0.10252249448576387       0.27429962340742303       0.23612186038076940       0.42061810834352431       0.42708301803000964       0.47206933855817179       0.26839774897349722       0.18526392253947904     
  0.62122471094927456       0.98843389989035213       0.59698515327670354       0.71706286537844177       0.73872219001541051        1.1483496882169950        1.0155277685153612       0.79945669749339077        1.1259037575717481       0.82638124622997189     
  0.32589232097084880        8.7719009563259828E-003  0.10967509164540526       0.29129307021732004       0.24802540621465755       0.43271474122497672       0.43764917411255366       0.48236033446352261       0.28474568869923428       0.20642458181075435     
  0.77158348851435177       0.93150631911353354       0.68842911180195898        1.2300530335804811       0.85708344708818773       0.85057339539688803       0.85480053271506540       0.62773477286687585       0.67107421493321129       0.90740953781827505     
  0.34202643926292436        9.8984796797076807E-003  0.11736345339850913       0.30844869246375084       0.26434948688957738       0.44390096773645499       0.44805193087642237       0.49238343092867853       0.30202335198858021       0.22765477377511839     
  0.87930952329687606       0.69467396264832038       0.79531961555810260       0.99653651678980815       0.78338871045503111       0.74216218083317087       0.70063813721199097       0.87647629898181223        1.2138932352394189       0.88282328620577821     
  0.35943893377925207        1.1145511896209426E-002  0.12513880918046466       0.32503526303697750       0.28208826813415894       0.45456162972510444       0.45772476600018264       0.50341739558615428       0.31900749908518872       0.24896089485738040     
   1.1094227776527978       0.80169276117032073       0.76138731561901263       0.82004891994407847       0.59340636085151566       0.93943076986619511       0.96401969691000644       0.86945228060291768        1.0284534202566824        1.0494028639661916     
  0.37723065287712970        1.2615657785609118E-002  0.13366508697894705       0.34007394907122063       0.30018425867622228       0.46518349881493154       0.46700106671540398       0.51827731402212684       0.33368623640294787       0.26944341961796009     
  0.79488968750564981       0.85461297360769051       0.87583100908736244       0.74570281228885904       0.96905041366180478       0.78741057822401939        1.1092731034307257        1.2890238767969027       0.83900957478547766       0.63255942721890224     
  0.39488574671852417        1.4543120706927202E-002  0.14228818810896310       0.35512376476761454       0.31817395230705697       0.47660827670019401       0.47591708318246967       0.53256140164032595       0.34731872924930618       0.28900314297665375     
  0.95612643835796707        1.0574785993476876       0.74281701647552656       0.83508137865592447       0.81031268437472070       0.99093579689060252       0.77715218693955113       0.65198235362597123       0.98235752786541641       0.71966770454033280     
  0.41263683973415849        1.6310906351287582E-002  0.15057273925816883       0.37093153989781785       0.33592055791765257       0.48787975983381648       0.48456717359861756       0.54598445480040148       0.36205268186630957       0.30803209235139734     
   1.0208545529079074       0.95537992834696672       0.67114217118749209        1.0815777773578719       0.76480880610883895       0.83051560261989266        1.0589064183962025       0.81187394897152343       0.71016532609590499       0.69364172119690493     
  0.43035915184473905        1.7953555212407834E-002  0.15891142627765051       0.38833803862868743       0.35379208945888790       0.49898499192770457       0.49304649375885568       0.55884815950460753       0.38034503267944642       0.32754970890796981     
  0.86755704823737834       0.86810424296786493       0.82899322979218149       0.91651992374314017       0.74227664934281701        1.0867785266562353       0.87293948650889541        1.1803591467944603       0.96244517568281895       0.61387241475186927     
  0.44819143627368480        1.9717398037283642E-002  0.16776818710080249       0.40656622747632992       0.37189519841918889       0.51009883558877467       0.50122438519212242       0.57092535188099636       0.40021988024120342       0.34894606085608093     
  0.80425849131949478       0.62186600622992361       0.99298201097890959       0.93253650146104938       0.91679753005548992       0.83793207776774759       0.97547912540904214       0.89580647833325167        1.0175962963268852       0.73365977747212885     
  0.46599923180719921        2.1774894134270386E-002  0.17748536493941869       0.42350994496101141       0.39015624972278612       0.52138289572026808       0.50940316781533523       0.58320404464049369       0.42031619849951490       0.36990284624100706     
  0.75496156364947020       0.71270468555319877       0.80631199210356808       0.95802884481096928       0.75358371764775056       0.74841782805604928       0.79180980223149044       0.75530566446866776       0.95074777442417091       0.71052618323089178     
  0.48379671370580629        2.4160208796242269E-002  0.18693081689928495       0.43950515878242524       0.40705205269975459       0.53239103277479571       0.51749840018237792       0.59479119357218091       0.43975649178548959       0.39106256427760011     
   1.0015646258775570       0.88986281821855273       0.82439087971466385       0.93244181274516691       0.81478835996739662       0.85327835434936383       0.79509588682049104       0.81575804368185523        1.0262920266736959       0.85731850272330967     
  0.50179518862183992        2.7854079960599222E-002  0.19628562046436770       0.45522121700051871       0.42289643449367081       0.54314638025449169       0.52522975854796161       0.60572203342807296       0.45704476827207419       0.41238066917088911     
  0.88463119054751482       0.97065662852496404       0.97431916738455804       0.83608138599629978       0.67874479369549046       0.94205432929818955       0.97494701452691623       0.77884369386248453       0.99845409782490824       0.73085647576264856     
  0.52028878537219558        3.1841315877942394E-002  0.20575049927619243       0.47160801005815894       0.43785590829074494       0.55415185222191865       0.53296234893279615       0.61615754326028216       0.47330968222718933       0.43203652366172035     
  0.81873684324920004       0.79401986574340522       0.61262042715527598       0.83489273670428932       0.91140316656863385       0.71743894782560313       0.81744461491417331       0.81619895273900755        1.0392176929341046       0.79463939096169811     
  0.53734682221381036        3.6312192622805294E-002  0.21555830428961162       0.48865313977204239       0.45204848304537665       0.56490543105600277       0.54019490770398648       0.62638321039393963       0.49008461316367147       0.45010783284499128     
  0.73909570480133768       0.75042992071183734        1.0641883813114135       0.81085793563062025       0.74778612127873778       0.89000353868886251       0.88279131442484182       0.86222655556297134       0.94036664832524386       0.53664544939382730     
  0.55210213912077455        4.1684309170821651E-002  0.22559103380296566       0.50563220723047042       0.46601035600328211       0.57377338909869735       0.54761974388011614       0.63721495869900291       0.50813942000681356       0.46851628003821183     
  0.89449252803530555       0.73939324565123610       0.75083257209435450       0.82856222086797371       0.63164519687399823       0.56096234539360990       0.80517782802605342       0.70247489545203368       0.90254829213016641       0.71041711235161942     
  0.56562112491068073        4.7834245285839003E-002  0.23601586333225635       0.52279514966965834       0.48031092456257340       0.58176482557817144       0.55579910050032533       0.65002832620007267       0.52662860136925127       0.48706546262769906     
  0.74545472024987569       0.89031787890608582       0.77080857876677900       0.80221943247823957       0.91143354846358637       0.72156390722716002       0.83557468850782968       0.93626861149154816       0.71106515074867627       0.65465537873010671     
  0.57931193828266703        5.5000186189412339E-002  0.24675472774973370       0.54049754733690047       0.49463287662519650       0.58992129305734531       0.56379961934788936       0.66312385609078250       0.54428971532280346       0.50538275700541813     
  0.95051954659637639       0.91654036110012282       0.99031712739825517       0.70063760308395495       0.82706251845064238       0.72121497548109414       0.72488992838042965       0.89740452851783492       0.97929073023523017       0.65957388478782930     
  0.59485272226346519        6.3738026562924641E-002  0.25661618483001186       0.55869506071449526       0.50991485829432270       0.59736151150517314       0.57186121873079410       0.67612417044592787       0.56073909698208280       0.52316361809646839     
  0.82823394163419273       0.97165232699495185       0.79959245129829004       0.78331560543311685       0.92437539360259546       0.71120892423508075       0.96830732563785804       0.82216269249227103       0.74279045187436910       0.74329979556610415     
  0.61122424572225775        7.3070606167651347E-002  0.26655727891096176       0.57709336508376263       0.52563200297949031       0.60713669982164009       0.58000495016656450       0.68853826579980848       0.57734289065804689       0.54167621527167198     
  0.85282867041899835       0.65571190031236060       0.96327767142683884       0.92726534627321089        1.0315210739108891       0.75653458633873982       0.78050280298643504       0.86899096870520198       0.62487753777314514       0.68606208634045551     
  0.62827735368380333        8.2779441404536622E-002  0.27678374913259263       0.59523918440305867       0.54191671885287929       0.61811347500221836       0.58828331043905546       0.70068941078930413       0.59433818252774884       0.56185609372234280     
  0.61197701645062175       0.62539517706147085       0.69720982807199339       0.98541622319576805       0.75965623962949902       0.84037867794749244       0.70364001815800603       0.92276761135868868       0.76923610902501161       0.77861301671675787     
  0.64472094802442814        9.4416423399786800E-002  0.28816308194610685       0.61301165794275414       0.55958460317541348       0.62927433544478928       0.59640739869611348       0.71250767245995972       0.61201379245906085       0.58185803045622109     
   1.0321559124706130       0.81491783635018322       0.76859884560841052       0.79762981709419489       0.96065957055273787       0.80180797404708803       0.87256679178989549       0.96029171533010316       0.87871158631406343       0.78470380389917627     
  0.65936441618962149       0.10808544234301438       0.30021063788843649       0.63063683679226967       0.57770796408339964       0.64121349826802443       0.60287973960933516       0.72435185844429917       0.62862726774727951       0.60221006105960395     
  0.79636008903794364       0.57708164880876134       0.86312318310393621       0.78120689533582399       0.98868560402489847       0.82409150559724542       0.69579179612248121       0.88069580783763801       0.93299873242242259        1.0479043141009483     
  0.67413145926192009       0.12356377966247513       0.31247345171119906       0.64861382548253321       0.59570038363567357       0.65325865774216973       0.60847861553905458       0.73612675353707968       0.64240104444424917       0.62187341677562846     
  0.67810047822174768       0.59197301368521837       0.82387170631114748       0.79865599129948239       0.62680113151516836       0.75475905850014435       0.72278870660126415        1.0592724777413565       0.76612062329559660       0.76343250285247499     
  0.68892931368693289       0.14088553597806663       0.32448516290458723       0.66643824890999259       0.61257980498391551       0.66576636917113885       0.61437357506540935       0.74744652770162490       0.65601790414930827       0.64152867447021389     
  0.69132385117406225       0.63614964927018158       0.74496508309449605        1.0964322113432494        1.0124231322313857       0.73342131031010760       0.73476017992490217        1.1609698475764028       0.60040498497436334       0.67868249649410362     
  0.70284724968387369       0.15986922789985686       0.33619255953190008       0.68170737061188913       0.62931165942773271       0.67821443446929131       0.62027153657279588       0.75789241229885873       0.66990518817923750       0.66106566991414839     
  0.68688548253961812       0.80801766255920904        1.0623682098801259       0.68355258208873182       0.94819917902097328       0.85740988763140114       0.92622328427362643       0.78972127407033799       0.63933678973573049       0.71774247894924814     
  0.71378230831056244       0.18104791286547578       0.34779088567234523       0.69612978015489479       0.64673631726809200       0.69030113456671438       0.62741693795398223       0.76880428507034748       0.68467444980497560       0.68121263377244967     
  0.69419624517898870       0.77198969744606649        1.1221555929973057       0.79009576846929153       0.84169523101430277       0.72420048265840298       0.69425864979580609       0.92075713220250321       0.85814351112987464       0.70927765741910265     
  0.72390276004721965       0.20578683781393134       0.35937267490260150       0.71127480030445922       0.66476796611558575       0.70260666942811822       0.63612663160730221       0.77950802766922922       0.70037741717951429       0.70217712000801258     
  0.64859411925712629       0.61903695956392668       0.76314236392650503       0.71127046517917203       0.83641542820452830       0.61562374263123221       0.76954176543192121       0.91412362037775918       0.62868657565254416       0.82194608515307865     
  0.73290645208478711       0.23189514356627849       0.37176256440843375       0.72848460110773539       0.68310634452910923       0.71521183356248885       0.64486807702275029       0.79080633010848023       0.71604225040201219       0.72382438806145211     
  0.52330340533822228       0.57053934958316210       0.79668650956030074        1.0679266356647195       0.75382982306419544       0.86619679227796809       0.95453848677355024       0.93116870467997970       0.67686799371738626       0.89682768220049192     
  0.74114911029809016       0.26000320965408191       0.38492183200281771       0.74602012960278408       0.70002693592971255       0.72809823737116686       0.65381385484939514       0.80185612784678073       0.73196783539972510       0.74396713826265359     
  0.58526737469362944       0.64170764451681195       0.81469997355534995       0.81337296691686178       0.96703121929337099       0.90780692836776600       0.91635311680188414       0.90201868617587688       0.65020629427291499       0.84109823223451308     
  0.75016179096284552       0.28774287878707239       0.39895238405427191       0.76287588495759318       0.71824320234546957       0.74045174900729371       0.66290649118024914       0.81333506183062076       0.74494194819464910       0.76306145244856494     
  0.64897399542947731       0.57326521299430988       0.85993165292723484       0.96244538588782524        1.0106651516950236       0.72599805400197392       0.66133447148637359       0.71018419607001393       0.60505761276496839       0.53361492046652748     
  0.75873823065500623       0.31333166645970134       0.41420746521098617       0.77828750518637801       0.73529019076169044       0.75181801518899616       0.67192537867346958       0.82507702525040627       0.75635588088885675       0.78185321181061840     
  0.62714355229685348       0.54660462538903265       0.86730503298634243       0.85578700169377808       0.61724754968538975       0.66959892612718908        1.0367121599809697       0.85127548662747277       0.70805291862136233       0.62504706546730493     
  0.76879851770698615       0.33840091532846744       0.43023072599860179       0.79232569655197005       0.75085293970795186       0.76302083360295958       0.67995816119421670       0.83672497609935848       0.76750203719286159       0.80081377571816370     
  0.70779713716717330       0.54224652492858316       0.86191418384845075       0.77326072237410803       0.87149472267361894       0.63806358846606093       0.66875321330182136       0.68645415239841867       0.65142605522475994       0.66352205838987111     
  0.78323947679251316       0.36495910042522639       0.44691941483463449       0.80509989333373000       0.76695320241723586       0.77424293300961899       0.68795663286846620       0.84756174019874431       0.77934654193269182       0.81918810164735423     
  0.78710590682899539       0.53355444327854984       0.93309780940213938       0.70148312404268554       0.71138089657493031       0.93417312094018112       0.87256560300296004       0.89639973446138499       0.64078584122141691       0.70988035482768619     
  0.79843685063523395       0.39842971986148684       0.46556513451371934       0.81564604483580450       0.78261663608075516       0.78594095109684381       0.69575657282730174       0.85687608141106153       0.79147632078101338       0.83817096147150838     
  0.90822971670498664       0.59576440602892522       0.90906188895350926       0.62895732132065585       0.86107352836788209       0.66679032229405966       0.63231938797057208       0.71995754941233459       0.71838297381189598       0.80489477062021630     
  0.81433824048791725       0.43686920994037859       0.48369672720198609       0.82693906804460893       0.79765284284819815       0.79830807496523515       0.70494637088600709       0.86554113947534450       0.80391273258048490       0.85642009808848840     
  0.76836218498540820       0.72116984561338571       0.86953221481614473       0.69639104569181998       0.82992910553406141       0.88809807360194148       0.82274074578749645       0.93868908744991597       0.69498535211294521       0.79031053514499205     
  0.83028963619034524       0.47651405181133105       0.50249621186878479       0.83855663483243281       0.81117938280033242       0.81163489058827132       0.71481160648222775       0.87428813128218330       0.81580147504453926       0.87268210352871078     
  0.81610394149414922       0.63598538232122803       0.88528580566797954       0.74739207739416891       0.73338859918361021       0.73192236444251568        1.3763031922921269       0.62804283665943750       0.50967740338996215       0.66242619829730065     
  0.84627581419890230       0.51570150903679668       0.52419779400314936       0.85075535030938376       0.82550173024790396       0.82488160607011574       0.72544115258770470       0.88404604566861456       0.82713301936834815       0.88742605302816069     
  0.76201229575504126       0.75648196605631823       0.84799089769687630       0.90242523560669852       0.73052096975564385       0.83354117482285717       0.64637169310234621       0.73595364344650593       0.49532528897664757       0.64889139377660832     
  0.86165491470217348       0.55460950019351818       0.54596090694761645       0.86670276509480926       0.84112448271642870       0.83625983525234826       0.73654464779497453       0.89459820796779221       0.83995764094025860       0.90245749159211530     
  0.88823776787044817       0.55968814620499663       0.94903478714081446       0.86311150464923680       0.95841969280611772       0.75886789096465446       0.87445119013664374       0.84911097697751503       0.59800324340921063       0.64004096053235038     
  0.87642695875588084       0.59431893405974523       0.56860116463573840       0.87733341531026099       0.85779170879184363       0.84652463480129569       0.74746915994031393       0.90499509374457165       0.85674051753447011       0.91858922301780743     
  0.98184750180837010       0.62776128417122490       0.64100630196436437       0.53162324555620000       0.92367470470077939       0.61995913893357413       0.78559244949166773        1.0083203065761246       0.78501193559375371       0.67804767062298232     
  0.89071661197514507       0.63502938603936310       0.58975778423280578       0.88830641380682318       0.87384189112280852       0.85823556638673726       0.75819252893511369       0.91478025090629123       0.87359285635095973       0.93517741545396627     
  0.63646595007891771       0.60893796187930571       0.82763543160879471       0.68304956983081511        1.1537303485111090       0.73896536925721656       0.97825919661400107       0.76634688517842842       0.82642387520670180        1.0167537505333228     
  0.90480517686340889       0.67619883816186588       0.61266485514971536       0.89758115642185277       0.88795272208271936       0.87208120078445917       0.76927569228875314       0.92416529418990701       0.88972183294699747       0.95032897926802740     
  0.80060316345556060       0.55488064261897141       0.81832311709210925       0.61052520266596122       0.86365136620923000       0.66876085572692512       0.88207386576063418       0.74134969301401299       0.64683894650601981       0.70472041841215405     
  0.91990544827266041       0.71786321082560534       0.63817091270032866       0.90705288686948482       0.90153464017796381       0.88672107117998922       0.78140330617258025       0.93386501335695415       0.90555927585818285       0.96372704403631693     
   1.0630852387404084       0.57420278178667905       0.91561406557762026       0.67446858233375706       0.60425201087071512       0.69762207686852407       0.80823976410536624       0.81740506832839954       0.64215257095779332       0.89716060071856729     
  0.93542962098836990       0.76058656799564317       0.66884327278362543       0.91745573990630291       0.91576964177790843       0.90187392368952091       0.79534835146656746       0.94328127016241314       0.92104808549984551       0.97540443792741272     
  0.78627841747013705       0.50316148805899019        1.0251597873092737       0.77339178066113257       0.75913555604317862       0.79787307328799639       0.69250188904344367       0.76801124417342503       0.58516981786154787        1.0338253698573610     
  0.95050860438461937       0.80352940854331356       0.70267887431362452       0.93352384406026723       0.93269864463834751       0.91818903874041957       0.81095560626572760       0.95395494809146220       0.93671002990050223       0.98481928864548551     
   1.1168333414079550       0.52746618663929867       0.82936914931046024       0.75896301486247597       0.67860970614113192       0.78231766674752157       0.97323265827168670       0.82666789999947676       0.59348355806068886       0.69973924848909019     
  0.96528245594212903       0.84785439829877030       0.74484687174966036       0.94894945289868804       0.95059025166660283       0.93468957429967592       0.82760112816979681       0.96452118574809176       0.95254055508062696       0.99140920134948463     
   1.1320383246009003       0.73794887365392792        1.0822816135315871       0.60862803093946172        1.0409516318910899       0.83399140800692129       0.85123189821313172       0.78206251589525344       0.68923124654517876        1.0170039725565387     
  0.97864898316110638       0.89163638764163566       0.79649959234254397       0.96580534934459472       0.96813061837422409       0.95211923907757967       0.84663722179141754       0.97576509994557825       0.96918795629478693       0.99519192081080443     
  0.91524412036211189       0.59732270768004991        1.0623669446200463       0.82853624302178064       0.99815439302908637       0.99328322602180097       0.69354228266366236       0.71182711239432384       0.64079603233137938        1.4066024215797146     
  0.98982846655852330       0.94314673743773847       0.87661943561522815       0.98326040031499695       0.98437481057800813       0.97333031184269658       0.88443932633258715       0.98797549402489593       0.98489957202954936       0.99781131369468701     
  0.82611823835590237       0.59630731359708411        1.2671579112055660       0.60393551770361154       0.66142009988168049       0.87305420985399007       0.94714256028091282       0.92447976824118006       0.49028749348736989        1.3242024547043287     
   1.0000000000000000        1.0000000000000000        1.0000000000000000        1.0000000000000000        1.0000000000000000        1.0000000000000000        1.0000000000000000        1.0000000000000000        1.0000000000000000        1.0000000000000000     
  0.88621020511798132       0.48255871895038482       0.66145927736360133       0.87524695836600142       0.82483117164336550       0.77192206369103855       0.82764055622374400       0.90432544788131297       0.78794762362728032        5.4401088191420168     
 -0.32881996523799795        32.013711809098716        5.8725115568744979       0.86047654081021585        4.1597986161802618       -11.622040177037247       -2.8268713141753792        3.5427255188453701        7.4316567005521748        6.4689263673586135     
   1.2141778258967986      -0.33973032519754603        3.2920042340757507        4.2573072140939159        6.7216896547293699       -10.534177440421768        6.4547475246845760       -1.3351139188493772       0.97234578840428521        1.5575104919070037     
   3.9738046544243515       -5.8298805605044759        4.2175871333443951        5.3494385981774952        4.3562617838498436       -11.259426128543094        4.9450363558222561       0.94562886112838218        1.5279893305690662        9.4031615271045403     
 -0.11033933728252851       -8.3340119659800767        4.7595929171140474        7.2845451814147522      -0.31849812705803882       -3.1173262854565782        6.8465589427955678        5.7454558096665425        2.0532084295709550      -0.62797476717212453     
   6.0131017766325909       -12.253427869607634       0.94214988114883413      -0.68000027135504204        2.1556950894586628        1.3907568639353776        4.1125909975376782       0.16836201450270594        6.8455436383483299        3.5370552126339212     
   9.7884449569520005       -16.204936665373921       -2.1401935250212918      -0.11778417271029064        3.6315518701160867        6.5208170701218409        4.2597144630447481        5.7824523329249908        6.6612623004263485        4.8668493415593330     
   3.3117605286975134       -22.315126112892752       0.46296634105509032        3.1433603800797321        4.4479974662104134        11.504965499619455       -1.3338696147108515        5.7099279526280879      -0.86611387554893171       -1.5017632935050431     
   4.1109804981452802       -34.192565023275463       -8.7025797545967709        2.7246774960287019        2.1492414790039813        18.391943041024614        2.7298871996412701E-002   4.6411506388961694        4.0088617865241352        2.5949862817136604     
   5.0858365998156935E-004
           1           1           1           1           1           1           1           1           1           1
   9.8516291500840966E-005   8.1614653456193231E-005  -1.8690171443944417E-007   3.9381585056395663        3.3283697266800432E-006   3.0888321766873962E-009
   1.7217460271632437E-006   1.7337442178693773E-006   5.2214589714864295E-008   6.4337453352125276E-002   5.2197558800618917E-008   3.2036600013840717E-011
   5.0000000000000001E-003   3.9654161273704247     
