   0.0000000000000000        0.0000000000000000        0.0000000000000000        0.0000000000000000        0.0000000000000000        0.0000000000000000        0.0000000000000000        0.0000000000000000        0.0000000000000000        0.0000000000000000     
   9.2477227906015685E-004   3.8351553319184409E-003   1.9086563508452930E-002   2.7702427676570148E-003   1.5620148744497308E-002  0.35623643839113023        8.8245463874021199E-002   8.5932789333734313E-002   1.6513180780812108E-002   1.7828661790389735E-002
  0.45309687592381803       0.52964041722306399       0.34342446000584098       0.40168900202946256       0.37329561138557893       0.31835990918964219       0.29704029845659818       0.28007981464606585       0.49852123367366291       0.45150588070260600     
   1.9330876003108013E-003   7.7496909643796595E-003   3.7975463197160483E-002   4.5018290677408240E-003   3.2301324653194227E-002  0.57701726664905384       0.14341895069138089       0.15116515209045350        3.2791126731539694E-002   3.5691447431904090E-002
  0.61285250760564114       0.68761853967227204       0.53093304633651961       0.49021250001248534       0.37067146961619840       0.60767578867863137       0.46793798370361789       0.42858607396559623       0.53700745091984381       0.38878483244535905     
   2.8778755469352079E-003   1.1584939641486389E-002   5.5192755550819865E-002   5.9269561258794082E-003   5.2157167525654372E-002  0.61753885979568468       0.16907597912959096       0.19268767839792997        4.4804274117236802E-002   5.1463701838878231E-002
  0.52554916672462326       0.52538975685387923       0.41094097739934232       0.40552019738550577       0.48203944534877924       0.41779679796045449       0.42029646830298667       0.42056157164325408       0.46221245100346731       0.41169884033630405     
   3.6703195838958457E-003   1.5473352671190304E-002   7.2082588166542574E-002   7.2195312195207553E-003   7.3287295811590020E-002  0.65650074141254522       0.19456416962934234       0.22024046764009189        5.4635489745101795E-002   6.7250576394631320E-002
  0.53020234838905755       0.43246184572010543       0.34853924005408732       0.33514216132053559       0.39562615264185308       0.38228489172807323       0.39734468471717393       0.45307149129572699       0.39908438654908807       0.41597401454029098     
   4.3957576527469035E-003   1.9711546284866838E-002   8.9414771489660566E-002   8.6266343773791429E-003   9.2254594268263060E-002  0.68755326627897151       0.20935164528102024       0.23908826139666467        6.4735158521531777E-002   8.2791471601378369E-002
  0.38201125493417681       0.39674332393753098       0.44093570014107464       0.43094746733653999       0.39463611426987943       0.36537984652889982       0.40722319435366244       0.49734364728589309       0.39709814411005029       0.36769908012065178     
   5.1359024865258738E-003   2.4139641703544743E-002  0.10438877364069189        1.0214732303528325E-002  0.10968093517594305       0.71147992086168921       0.22178375639264972       0.25440887226987219        7.5498027294228970E-002   9.7128252745137561E-002
  0.41875730067889055       0.41999727582344054       0.40358218796299267       0.41970806363201851       0.36651450763565846       0.40888399490109384       0.40379066657373780       0.42245240401904927       0.32938442030070714       0.43623024269913507     
   5.8473624042567037E-003   2.9130050001962667E-002  0.11720733376706384        1.2045795583786023E-002  0.12565529898495278       0.73217581475303239       0.23714884412290710       0.26907541286646564        8.7591867487423536E-002  0.11300050664139440     
  0.38477190979426329       0.47686820317670930       0.34303295041019199       0.40592436744513255       0.46521552059346455       0.40448872435904454       0.44701260223936362       0.57693129844637725       0.42218288802289367       0.38378859368945151     
   6.6972075597470796E-003   3.4406321626604723E-002  0.13359722280700173        1.3795730009947958E-002  0.14093208027178991       0.74933815463804621       0.25380614574022475       0.28337624435818376       0.10062417046044832       0.13058820541412278     
  0.40083892165977114       0.47742565653380586       0.37485839137297461       0.39989305821187776       0.42592723951693728       0.34247176348881625       0.45831661876750707       0.48739183680424819       0.44635946147705680       0.41778073479049027     
   7.7085891874479366E-003   3.9933035489764013E-002  0.14875450321789405        1.5481676146983918E-002  0.15591724209504429       0.76568199666159054       0.26656878201114387       0.29625948075446407       0.11393361149762700       0.14730276056399041     
  0.42267608968699405       0.34132095551333969       0.36598309489809688       0.41444625569350230       0.31934031645223476       0.35562701917648215       0.40688082046960605       0.47882862721174763       0.38772370421156277       0.40663293917289917     
   8.9389297857792906E-003   4.6046974716230454E-002  0.16512259123466472        1.7445832562417163E-002  0.17076425031784945       0.78068529281650612       0.27717904070892868       0.30655807469860530       0.12682803095396028       0.16439405189354128     
  0.55438172916348594       0.39341511747052971       0.41157103411003332       0.39137035774614343       0.46896885015129902       0.41441407853855922       0.49735446452153875       0.41347297572153835       0.43069479975344566       0.42004885971597217     
   1.0122693446164444E-002   5.2381324128711118E-002  0.18007389280374278        1.9465843944206668E-002  0.18353394049053035       0.79429634732028631       0.28734874419947204       0.31651266138105227       0.14038137757054711       0.18083805167738490     
  0.42260973964908655       0.38937165067230911       0.34465243693606779       0.42632827729382167       0.45657297096673977       0.39651826454362282       0.31350735202251911       0.41605612816046672       0.44678033619624291       0.35698390621571041     
   1.1478599233771326E-002   5.8994462347814670E-002  0.19488160028437429        2.1606132829478712E-002  0.19676075938602661       0.80605216159149295       0.29722849120761147       0.32501289727754434       0.15531993790606863       0.19764400428540199     
  0.41374792188637188       0.32554434097564838       0.41371666774678723       0.50092864947622728       0.38646011690231868       0.33818514128405514       0.45476897085501139       0.37390034506603992       0.35145723142596191       0.40552566138957635     
   1.2862952663389856E-002   6.6299848850426363E-002  0.20875042524314097        2.4178415229744201E-002  0.20884826601761611       0.81648781844565554       0.30687166822653611       0.33287809508733462       0.17150360747545712       0.21383538090764570     
  0.46204637851394453       0.43279436833325768       0.39637885158804220       0.39558767037826142       0.43181290393317734       0.41821340872855906       0.39707395179429322       0.41196218008107671       0.48101274833233126       0.36900762541224602     
   1.4265467455972547E-002   7.5935786130416044E-002  0.22368464424215900        2.6631297861406746E-002  0.21977499462589847       0.82637513082598102       0.31617553964343070       0.34116469419101592       0.18827871018375894       0.23009737795830251     
  0.38288345086283793       0.46489176681333821       0.42122940518718516       0.43460958687559276       0.38877563519700759       0.35653680487372180       0.42643396902272163       0.35132986182492443       0.43217149273038141       0.36792394560910929     
   1.5720216704426148E-002   8.4664442204252982E-002  0.23867369843703440        2.9572953940580543E-002  0.22993012359886644       0.83562172394250034       0.32477232979708609       0.35037007126320624       0.20285752489329814       0.24639519042242949     
  0.42802801976894833       0.35050776930061539       0.39599339443417697       0.43875185219747598       0.29931466879438590       0.36468766378741113       0.42521719600459418       0.33893705822819437       0.37741076673905483       0.38437493927472138     
   1.7247262202081916E-002   9.3298717460427172E-002  0.25290481228586209        3.2634987266933008E-002  0.23979133721778167       0.84426581519320487       0.33378791571425809       0.36082086605565272       0.21606314195688389       0.26225618539501583     
  0.40589116992859070       0.32895648573871444       0.41033052890936345       0.41293899779475463       0.33717685226536731       0.33574063713357760       0.35219051241637500       0.44691152561963066       0.38300508273654715       0.41772365710218262     
   1.8818584302194078E-002  0.10132776965600422       0.26545179242688471        3.6168921106453006E-002  0.25060382495289912       0.85251686627211865       0.34327467588448535       0.37192490055220617       0.23071225217968813       0.27845668163012399     
  0.39896922290408837       0.39063813486831378       0.39358236073598624       0.40578985936458922       0.37007282217335669       0.30761402229634144       0.34927077743835516       0.41217693337650135       0.47537151240804026       0.35967978382240562     
   2.0318663319176328E-002  0.10905537947632660       0.27878156981104257        3.9894027447072017E-002  0.26390943542430978       0.86051492996161894       0.35218793791418884       0.38142743863594086       0.24694096857104542       0.29525375616843480     
  0.37223171102555047       0.33660734740159648       0.35335136259447608       0.51324154152150070       0.44084155402706399       0.37284824304779801       0.36547802355620623       0.33193694318074918       0.36563922171564761       0.42664723876027905     
   2.1942316778762083E-002  0.11670243349701687       0.29208352221257072        4.3649225379130081E-002  0.27752520423810711       0.86795572719099989       0.36150647520896145       0.39031427424213011       0.26471079502012129       0.31283150244493424     
  0.35489646090097049       0.34398755244585083       0.31280503449705305       0.45020564312419953       0.31970685192674592       0.40071116559584807       0.40068033996286934       0.35542002397876921       0.38636593810766984       0.40080494461243815     
   2.3669550130605226E-002  0.12515905640683522       0.30619445283029356        4.7531995397889507E-002  0.29186352774630914       0.87478445875308586       0.36850370487115897       0.39943214210139749       0.28306952065194180       0.32878752259119781     
  0.31968611067044300       0.31576187418694107       0.39453864366906738       0.48734417522043605       0.33160417277045717       0.29675790238137495       0.35733599364916585       0.37556285341460205       0.44723053725904460       0.41235177015571112     
   2.5482319302325661E-002  0.13394789683134101       0.32083608987673973        5.1613022478405962E-002  0.30689465875858835       0.88132817884052039       0.37519413224979531       0.40871247051380910       0.30074566412995557       0.34243011949765262     
  0.35284933027184057       0.37824574177063908       0.36083342081863151       0.41255139207940789       0.35164926107615530       0.36257632900315684       0.33570837789127478       0.35084588929411242       0.44410898524926123       0.35264797917643925     
   2.7472088002154598E-002  0.14373139122042844       0.33134544923351050        5.5894404109721310E-002  0.32222878998856253       0.88737728522992287       0.38168885772261008       0.42161376684896085       0.31783754233362416       0.35807814190858861     
  0.40586612524268184       0.33189130782885989       0.34564065603020971       0.39880872921410465       0.38293554827132892       0.33340492529633542       0.38836822838807239       0.44984024588212151       0.41002745636758930       0.33869764713206535     
   2.9575317681690555E-002  0.15405318130819834       0.34236198400014384        6.0232717943148391E-002  0.33738176930920527       0.89305969496030457       0.38707129874870211       0.43462376399237235       0.33307557082521272       0.37386137717003820     
  0.40464654522196081       0.34301924485546803       0.31520265161282174       0.42422043274870008       0.32468698096976933       0.36856715404071971       0.34896242128807553       0.38401200387825568       0.34282096046876570       0.41394519051346851     
   3.1890972204397905E-002  0.16621221797036129       0.35422270787861609        6.4409627668837205E-002  0.35310929565109062       0.89868932585544292       0.39198962846421342       0.44583261945204244       0.34789659167723874       0.39028915357594640     
  0.37986702933894795       0.33939667875467977       0.35729040938927992       0.33983016325029319       0.38490517638615629       0.34272358903018296       0.38260017659304518       0.34643005787576370       0.33413701853714606       0.38869475344882881     
   3.4533425853432553E-002  0.17880527328693835       0.36680955361138479        6.8419731666820416E-002  0.36968001583350241       0.90409590510870119       0.39961939222103710       0.45690722959203550       0.36276352987831056       0.40683378737908793     
  0.46345518135377950       0.34529297219011473       0.36432948103351653       0.36894976695792087       0.39004263713983511       0.33668395313322214       0.41757125132909145       0.38277839761210553       0.35959956717239516       0.34579242966779794     
   3.7297773482801333E-002  0.19245427520297309       0.38061885492322634        7.2269813974300934E-002  0.38702933248969973       0.90938951396679024       0.40657746943368178       0.46782244327958317       0.37852635599564655       0.42095690941529962     
  0.41325405424428469       0.37981763581031053       0.35399734876345196       0.35742139604838352       0.50307724146312260       0.36870887268756880       0.40597657215175431       0.37952022238384581       0.28110492261731829       0.40142797478764430     
   4.0168121104047785E-002  0.20569533442518526       0.39617093354105104        7.5913979384500327E-002  0.40343885046845784       0.91469574596524161       0.41306131195062784       0.47932873764097056       0.39496361679895425       0.43434198866075546     
  0.44974664778237500       0.38704375748598319       0.31076482048554588       0.34208714056602918       0.36698617996321492       0.36915105868587256       0.35209759748711389       0.41272039729809179       0.37941271721632741       0.37322682862743256     
   4.3083934076736462E-002  0.21853938535840461       0.41324162207359622        8.0120542585289126E-002  0.41915709786013799       0.92012546034395337       0.42097073530514917       0.49142168286246690       0.41132132570827901       0.44780932977515142     
  0.45978259452037512       0.34572252010809529       0.50404362046329743       0.41113377114456190       0.35568813665413712       0.37694435360856854       0.38272809306540650       0.38522590201010914       0.38791718086148774       0.34146365392400013     
   4.6225471736421019E-002  0.23236746752000248       0.42980948203488617        8.5002288233665110E-002  0.43578416236041440       0.92422649594233364       0.42914959704201816       0.50237518116008639       0.42701381800848487       0.46182513153841409     
  0.40665898703348730       0.36767565785732870       0.41381627952614575       0.46710065185723199       0.32983823508058147       0.33948120353999217       0.36737488995996498       0.31835990918964219       0.36138343863125733       0.44907532400470379     
   4.9409620395134538E-002  0.24753798739749039       0.44633825214541173        8.9923943239627283E-002  0.45272360614091905       0.92808434739084023       0.43771748891406087       0.51343815597340525       0.44344745489295179       0.47526570450342576     
  0.37540068752082129       0.37578296204751577       0.36425273291141874       0.34805054807118174       0.35027267996215294       0.34572503227202223       0.33487229452422679       0.39227826181271441       0.37658771128762203       0.43023910654710923     
   5.3008134159361286E-002  0.26571072686861097       0.46287339393706622        9.4851096741040614E-002  0.46800075116278794       0.93164585848531045       0.44603307431499772       0.52309976033005301       0.46029415894386477       0.48808517151275665     
  0.40335025953578335       0.45915224864282655       0.32433012780565185       0.34497162391406566       0.37079093727652318       0.41264816173884378       0.36171611042046958       0.28107737393126586       0.40313357407897249       0.34599742377382831     
   5.6771810689841086E-002  0.28402450745059260       0.47860104465602071        9.9878378223350661E-002  0.48345768931824568       0.93515933496041137       0.45354227921089624       0.53299289861708588       0.47820234770745995       0.50003211342550702     
  0.33572592174258409       0.41210638382663339       0.44093008229722436       0.41431740718519061       0.34679116035157392       0.37106725623701242       0.36654520547212532       0.34375331011399479       0.35111540816305026       0.35192638322406050     
   6.0470619229901060E-002  0.30212901237880424       0.49394981100207896       0.10524489301322311       0.49897171850866895       0.93855437090221538       0.46131757977169580       0.54331818490333017       0.49651254801349243       0.51081172399196173     
  0.39867982114005834       0.39239047637795688       0.36881915443327468       0.28342397306568873       0.30917581669414684       0.31454955681451141       0.31707077720249977       0.33457069829211022       0.41809794381372489       0.35377591791988056     
   6.4136109775431605E-002  0.32009418456174998       0.50950794698911350       0.11135634802616542       0.51501021634044530       0.94182506643487185       0.46861723426488927       0.55475425026041481       0.51444272424629189       0.52095349958962833     
  0.36520692875620125       0.36525295690595716       0.36529125423357051       0.37459092346688838       0.36958761480686508       0.33800103615803861       0.42206552912881823       0.37955919213497730       0.38496682559110840       0.29114813813581086     
   6.8321130105298833E-002  0.33983227420243495       0.52595285052007534       0.11823124276126247       0.53080704801893885       0.94496266990286415       0.47557715777826448       0.56609626076505248       0.53179898429973160       0.53102350690676259     
  0.35436598364110078       0.45605955858756875       0.36934453691253671       0.35909501720668086       0.36335785320538033       0.36877438473890223       0.35160195776685721       0.37838026075515691       0.42763877022994340       0.38499154291045107     
   7.2693622595894819E-002  0.36049620073346916       0.54371488462775708       0.12504759742524366       0.54615327940913327       0.94802492776601333       0.48259855527192336       0.57863945703365927       0.54970391025239329       0.54705995273842034     
  0.43037482341270772       0.38017460944694348       0.41150667994137929       0.39700461173465235       0.35090559207461530       0.34945026397188439       0.43990577370985801       0.34247131046964147       0.44295039597380242       0.37022995606628634     
   7.7713628087913433E-002  0.38184559138447050       0.56313468602744354       0.13200441421408440       0.56147730757749192       0.95102711947813034       0.48964761696055170       0.59133833451169937       0.56705163318651175       0.56278543695048810     
  0.34726251530569452       0.45198572741230175       0.40518463118210279       0.38010306920997655       0.36025528695266262       0.37041766467887927       0.38650134897960964       0.34367871865581839       0.30730084972154065       0.42052457333827081     
   8.3050764422357967E-002  0.40314123969025523       0.58281829850138955       0.13930817538732976       0.57720680349898856       0.95396999038338881       0.49700187128738454       0.60372914724543791       0.58393250524124407       0.57881962456189384     
  0.30900143092056226       0.41288564547104251       0.51339519638151632       0.36969348334196622       0.33848308127873344       0.32865589775522613       0.34728319077170355       0.44496232406797326       0.38794848901560036       0.38195085832231712     
   8.8169752654146352E-002  0.42490532497688444       0.60193448172729425       0.14717917889551643       0.59341356068328110       0.95668993165796856       0.50473056694555962       0.61624683666597302       0.60064887331449424       0.59492533706597661     
  0.38904641564150461       0.46090382445623651       0.42942335036886148       0.39769940337994369       0.32502827202727602       0.40644626607152951       0.40113575900337772       0.35255661952767897       0.33724941571222500       0.40389168484209881     
   9.3285209332751390E-002  0.44569398560417489       0.62153044514231959       0.15554586182440555       0.60970019251975360       0.95934490800413608       0.51326534664483359       0.62949228194371376       0.61664187411250770       0.61010537742873838     
  0.36696905496131027       0.37324121450524361       0.47290115237301228       0.38427166541318042       0.38893080495262300       0.34807718956985084       0.44871950682660861       0.39162174032782721       0.35536310723271014       0.45035061286990230     
   9.8808523720112437E-002  0.46716093380597734       0.64149940800984040       0.16407046202926018       0.62615581399119169       0.96189411595071261       0.52117622297186406       0.64291228070992479       0.63195418495731048       0.62460093327303823     
  0.36649974131216706       0.40779050098571989       0.44407631614766208       0.36055456127105445       0.40758869696233890       0.34797023016383472       0.30903125433790468       0.37454188156378598       0.31688464224278728       0.33761547139023940     
  0.10449782063527763       0.48646031383641120       0.66233419575800134       0.17197979548290929       0.64358426578129713       0.96428020808668802       0.52925970169864867       0.65614967036184668       0.64830913686753189       0.63869048057299260     
  0.33206050911176677       0.42058343130625070       0.39273177204671289       0.33281030825269370       0.41006410953046241       0.35904015195094724       0.35826618799000282       0.37451528021054714       0.36829216148785821       0.34532401125431200     
  0.11040384095602133       0.50778615025947860       0.68127121593606121       0.17973944479962931       0.66219612689542029       0.96668183352470249       0.53753070781293644       0.66960932442466425       0.66387920518412913       0.65328047789918497     
  0.30779868195015359       0.42645104160665076       0.36835169229618331       0.34055698116393235       0.40437315826657427       0.37521035727130658       0.45362992713616768       0.36177271833150992       0.35802537904646586       0.40119991886340245     
  0.11673503035986778       0.52944651677081978       0.69971689207961840       0.18792247344802956       0.67996727744651253       0.96905910468449641       0.54554685320296992       0.68387377189921861       0.67930368243349060       0.67000789278546824     
  0.31605974383520602       0.36745594182174113       0.39034406254739812       0.35063315014234425       0.35535505003718948       0.42008860126740699       0.38338469040479678       0.42419373302072472       0.35028706472837295       0.36812267138325400     
  0.12380827289383119       0.55219543092599987       0.71445737587452940       0.19725353854156880       0.69638347095962394       0.97149233259650936       0.55295049839632715       0.69893349757858614       0.69526184611310804       0.68633237017937687     
  0.34935934918138034       0.32309329077310084       0.42306334426362496       0.39642676535665605       0.46903256478017180       0.34882283947062442       0.33633486762108744       0.39515514791380502       0.44610626019056160       0.35671473995400849     
  0.13163130926782202       0.57446449883793627       0.72853698887896934       0.20713154791732533       0.71225757466491413       0.97395619694339308       0.55996630139060699       0.71439669101951175       0.71273555683798862       0.70319927369528756     
  0.32292896849211256       0.40029643177179747       0.39426147703034409       0.37444299493615457       0.36894083003740286       0.55874779446330458       0.35889031778870095       0.44461874719434746       0.35760780294700861       0.41023647014101339     
  0.14015452416291796       0.59749456606588891       0.74268250832696003       0.21803602785565623       0.72978144039972526       0.97618180868165016       0.56684140456851584       0.72962696342935129       0.73173744227873661       0.72060966041953700     
  0.37956936590153689       0.33222636590070626       0.41126040363987243       0.40601898952273546       0.36011718415665667       0.43818700818425393       0.36728506459108579       0.38718286309673022       0.35211350158944016       0.35474697508688452     
  0.14886363374994091       0.62084955576035583       0.75712203632782982       0.22921815593494457       0.74661912299688193       0.97818431983781684       0.57379826346814555       0.74486990748451076       0.75006562116918829       0.73814189009069697     
  0.37327627610614955       0.35233922209028057       0.38987628593820411       0.29819215886026101       0.36274570492932307       0.40439605599532730       0.34959152186708631       0.34102671617590219       0.36569950398314738       0.38110948814855161     
  0.15824962326445921       0.64419161804807767       0.77193354412792692       0.24201494013176117       0.76460651096272148       0.98006042937714066       0.58191406266385737       0.76026981863195220       0.76537995425838024       0.75501192057749378     
  0.36635038216086718       0.34938913788211617       0.34365439023950572       0.32793068016404098       0.37314656504591009       0.41999754653725530       0.36254947609758909       0.36731757389824710       0.32617579822358261       0.38209077501175759     
  0.16835496027932356       0.66798463365816729       0.78702997215986736       0.25583139622186091       0.78283344599194138       0.98153763450757681       0.58979221632931189       0.77597179811471295       0.78012693910998010       0.77117559746190389     
  0.32754206718260026       0.32674595099120057       0.34214101956895082       0.35001604804551983       0.46834275033258765       0.34220069308447099       0.31238930718612584       0.37331615403124613       0.33578871819505135       0.34137048149226817     
  0.17926057648875418       0.68941172338196910       0.80300774525433127       0.27105212830695902       0.80099150880071579       0.98299431204078680       0.59676831939294783       0.79343055942989982       0.79583451795931159       0.78747033784935483     
  0.34004348014952301       0.34466722614756018       0.35953088187656290       0.34057111963263004       0.58136301072220831       0.46382740613784557       0.36481012318431455       0.31256996149079991       0.33386123337975643       0.39539989204061632     
  0.19099964206399239       0.71218442387159908       0.81841262295431427       0.28664428977294343       0.81784253823726138       0.98432580046152596       0.60650143886968388       0.81219108832043052       0.81103774739580115       0.80490003107121155     
  0.38618605637468140       0.41642046196619542       0.39695868937955436       0.30303410404684433       0.46254141983505015       0.39332268982339119       0.40580411130038024       0.38762091429279288       0.38102072969184370       0.47241858504046574     
  0.20462594022699512       0.73582297388942108       0.83534343902798969       0.30478176834027110       0.83323040763746214       0.98554785724727301       0.61589834171993785       0.82989036637546920       0.83005884811677266       0.82302687973464983     
  0.41627190660594604       0.36971752815945785       0.39002704460883980       0.38533202028703456       0.44620476488366562       0.46258887276460559       0.37111757167489523       0.38654085096785001       0.33853590641995979       0.43450359427812763     
  0.21971403994999369       0.75754364499533688       0.84737956179191165       0.32384350416480118       0.84717472898656354       0.98677137689532479       0.62609389715371611       0.84685887596260434       0.84633396017480522       0.84024806062482771     
  0.33005130110957087       0.32698087254322777       0.33876307252559668       0.34638888503041265       0.40529711556804615       0.34142259204214648       0.38486082417559608       0.38324476157113785       0.37575243767824490       0.37938316182883941     
  0.23844038427165706       0.77833737833677707       0.86141319718831100       0.34694428439177960       0.85944541761164095       0.98793527669177195       0.63823672297462342       0.86239713566968379       0.86212142546184845       0.85695893799124712     
  0.31666422382827680       0.40408982983782737       0.41258097237511332       0.40613956037491827       0.36630390903690996       0.41477041103511775       0.32728460488025402       0.36841181528991862       0.40145698886508591       0.48331772127356554     
  0.25944320392536796       0.79832566001280258       0.87670309917460509       0.37129880982732494       0.87089831626410208       0.98920062773183892       0.65050639914275432       0.87618454581145844       0.87801926257215324       0.87319626066565970     
  0.33300359864955009       0.32385793263127310       0.33024125870971843       0.33188625645450520       0.33382047228885697       0.49033375985781508       0.34757826105036421       0.32301306740903130       0.41026673738379194       0.37599520342829190     
  0.28445487508809697       0.82132805403112985       0.89241302815102475       0.40146487998884439       0.88244233625081669       0.99049251361578461       0.66424198908823440       0.88961450469803216       0.89270527360730323       0.88887751750623822     
  0.36228071145818380       0.31083462934651995       0.39959888747053157       0.45742944159012511       0.37627628469477759       0.39560814158284674       0.41060550763281922       0.35829298786969621       0.41538845232918647       0.33842519723428721     
  0.31647585658783528       0.84545024564646509       0.90920869861969289       0.43416635076861210       0.89402228727875865       0.99172018853397093       0.67879417916832507       0.90402128660267234       0.90817460160972607       0.90439533457678956     
  0.37420386731225297       0.35046193865418712       0.39011784775393432       0.36270530289857472       0.31375838898664654       0.36506006826907594       0.43091565458810405       0.34738784545384965       0.48259198368761347       0.40228397881236155     
  0.35254195155493756       0.87075785027573327       0.92406286126475412       0.46933363518033827       0.90836284922070154       0.99278895552811663       0.69645123772955575       0.91982182669636403       0.92356500918361095       0.91954609727811720     
  0.40224247957118126       0.32003136685985661       0.36927551431021050       0.36963024697623303       0.41251407758006625       0.40976898680228763       0.41660877832557641       0.38788835917303827       0.35305999807879734       0.34469031362669034     
  0.39491366388296872       0.89595053217973397       0.93857565224640860       0.51424728740448988       0.92464572132837819       0.99385826516142683       0.71229681386547750       0.93640751144411749       0.93888332283431508       0.93469122928123705     
  0.38068619159216771       0.41265423002950663       0.36567718178685044       0.36608008132273140       0.42553333066166676       0.46914374660341562       0.39599403492284291       0.45882665800352651       0.30965785165278958       0.31280319756035269     
  0.45170905508944720       0.92157479167160550       0.95289057975479052       0.56241494549556681       0.94355390759476621       0.99491820661736707       0.74249843053729991       0.95215636951881644       0.95436344489614955       0.95065700812581511     
  0.33636306887699413       0.36949246787346290       0.37351789079098235       0.40490615612781711       0.37968965256854448       0.45722921474619899       0.48061046120423212       0.47911763560390924       0.34961343743177042       0.31217275973274794     
  0.54531334131714082       0.94907482384871200       0.96710408934721215       0.62915284556264151       0.96408420482488399       0.99625318019435738       0.77696411771412477       0.96893135172116729       0.96952327229721158       0.96793472698138827     
  0.31556022467797151       0.39535529487810173       0.36067151080990967       0.38782473798780265       0.42760539431073563       0.45086045168132238       0.48232395332716910       0.36080583577534558       0.38523909154860225       0.43898937300850699     
  0.70414993669217019       0.97499129222546321       0.98328495000364813       0.75958512738703998       0.98209316093827981       0.99782466597766450       0.85530792441682535       0.98470803080977831       0.98457364612946408       0.98413369423912145     
  0.32243088793946739       0.32630228078286050       0.36855207554149788       0.29386363359302070       0.42504295547296622       0.52980214352826194       0.48417806855038009       0.33450280270865035       0.33343886776864673       0.34439544355706542     
   1.0000000000000000        1.0000000000000000        1.0000000000000000        1.0000000000000000        1.0000000000000000        1.0000000000000000        1.0000000000000000        1.0000000000000000        1.0000000000000000        1.0000000000000000     
  0.32846140920003475       0.36553225705586351       0.37392310298457060       0.34211026669444922       0.36842902951361056       0.40953899157382256       0.27714839827594595       0.39446950772066425       0.38640604376251764       0.40085383365193827     
  -17.702767309404976       -12.395943601082644       -7.3249052992376225       -12.507185531855942       -11.509223133625740       -3.6978294678878645       -10.637266829638694       -7.8471495388988597       -6.5161344960583740       -8.4639313601699140     
  -7.7465378449546600       -13.715214827021688       -13.000221595509299       -15.208973312140406       -10.977689098874679       -1.6566152606612554       -9.3220320960809033       -8.3374593539857518       -13.640946392122263       -8.9312574730517955     
  -2.4981321766661688       -10.326096531811187       -13.726356782618824       -9.8866318964679465       -13.582395108104345       -7.8094776633368701       -13.773491099289153       -11.280322813857492       -10.161044530754387       -11.676146379581692     
  -1.0772143860445069       -16.101270215759154       -8.7449928567849700       -6.4800580851223781       -11.477494159554952       -7.9362363490795182       -11.713285235431318       -14.529268604772463       -12.178247359969935       -11.444896371043189     
   3.4695780930510494       -11.615711301375994       -8.9797525112839462       -7.2073372394045947       -15.324269821028155       -5.7533307697691569       -11.154565441357374       -14.716210553078040       -14.251894876301911       -14.943814268697638     
   3.8665019232979576       -8.5862126205344040       -14.937026856120950       -6.3350265735662266       -10.761235255198020       -8.4182112279498789       -12.255737697172314       -10.717607327389617       -8.5985891975981854       -10.522621147164422     
   4.8714823182589875       -9.0527474050415382       -9.2775922443419478       -12.021265504721024       -7.8458871045183152       -11.193091803271662       -15.057640800903840       -13.180878711410193       -14.092114092353862       -13.352759038537251     
   15.370826236628151       -9.9519169069086715       -9.1473583423475109       -19.756759080757963       -11.008454173882781       -13.000084610936419       -14.207144581674255       -9.2721327530493607       -11.120425613882677       -7.6041804221862197     
   1.1299462822346833E-006
           1           1           1           1           1           1           1           1           1           1
   2.6614962302862848E-006   1.3478073088926667E-006  -1.2438248488189476E-008  -13.189659465068440        7.0933663515694689E-008   1.3740948470842256E-010
   4.6943302389239925E-008   3.7473024860297373E-008   9.1114334335590852E-009  0.53043807910764151        9.1061119464043806E-009   2.1024837498035827E-011
   5.0000000000000001E-003  -12.248726510530060     
