   0.0000000000000000        0.0000000000000000        0.0000000000000000        0.0000000000000000        0.0000000000000000        0.0000000000000000        0.0000000000000000        0.0000000000000000        0.0000000000000000        0.0000000000000000     
   3.0690266335048913E-004   1.3132632607705599E-003   1.5045879198861313E-002   2.8959703363771915E-002   2.5162192544399779E-002  0.45324816491164421        7.4932557916758527E-002   9.5448348853829815E-002   1.7037214590415253E-002   1.6125390782620680E-002
  0.84952778022239150       0.57073314269522368       0.40745162900580945       0.43590592186700516       0.40377060288763444       0.37518638347014743       0.36782236553737946       0.36261493001066653       0.47693659500991087       0.54221343604316219     
   6.0362970739000308E-004   2.6102567050546527E-003   3.2145611810684399E-002   5.9593055787054212E-002   5.2999396333997820E-002  0.61294022906860990       0.11270762781205400       0.15709187965241145        3.3966448814103864E-002   3.1436038825076791E-002
   1.0185738713130792       0.75320570624210881       0.50639362005609956       0.61003155517856111       0.55132645901966282       0.70131694878323458       0.57102575488551044       0.48479950823658485       0.58074144160167362       0.48424926391212242     
   9.0305316025803082E-004   3.9588728390157505E-003   4.7711163998062578E-002   7.8313120703710493E-002   7.3594216392213835E-002  0.66667169293313411       0.13058960378773896       0.19407766644302699        4.5177103783817438E-002   4.5800050652039036E-002
  0.55369547065687186       0.70118425627165204       0.39065106308832637       0.43796730345923041       0.40546299985712414       0.53070980426752001       0.52822954498276486       0.49751719526620092       0.47250272491485801       0.32521585448632034     
   1.2094613712215904E-003   5.4461027244145149E-003   6.3145170791573044E-002   9.3589430795169265E-002   9.6287256221272724E-002  0.70294755348945670       0.14402778592040871       0.21512092841159075        5.5764765961219466E-002   6.0062867401903842E-002
  0.60085835466858761       0.53581603416085932       0.35386010038156412       0.39867247301516162       0.38578748463468915       0.55983374379813744       0.42233055561197524       0.49598182855607381       0.54760449530969935       0.45753968385197019     
   1.5215743330274870E-003   7.0605812919103134E-003   7.8561041235979290E-002  0.10780716949327362       0.12036214971867711       0.73056191068764587       0.15492244101870645       0.23245437354906745        6.7297581250374772E-002   7.6247350560688709E-002
  0.57106771830497094       0.51543606531664077       0.38317489948149996       0.38380360866020202       0.47526193496730113       0.45203790864046550       0.43781785304127335       0.45044288205141947       0.50881711881806346       0.46865456400685901     
   1.8697535106755538E-003   8.8812381942839323E-003   9.3072597318087050E-002  0.12052761636412884       0.14320936391448164       0.75323125677355862       0.16580821161951551       0.24432075626302219        7.8759555977189699E-002   9.3372572650980437E-002
  0.56203681743842615       0.50167228446492240       0.48745205616682830       0.40334501626891572       0.46986281917371686       0.42366795756719999       0.39103643387813813       0.37183799916287075       0.53359350367292935       0.43710531408862913     
   2.3144255819676283E-003   1.0824474075772880E-002  0.11045734460275906       0.13370844726747574       0.16489964664746717       0.77430020693805590       0.17666724434243863       0.25477393654807245        9.0572902474530551E-002  0.10957900461632422     
  0.49661327677285344       0.58148769615468843       0.44813301041363346       0.42657458760730965       0.42727486249361074       0.58827597037910351       0.50337862941713318       0.39515023113264314       0.45692068131525065       0.47648733036925978     
   2.7844449535704345E-003   1.2875337354748736E-002  0.12656644323774840       0.14587137269608566       0.18452019534262512       0.79390754205481295       0.18789139925730983       0.26439767805217723       0.10243629251679177       0.12543938926724385     
  0.52460226079974226       0.46002304903023228       0.41573094333128874       0.42142305003165720       0.36751002884279360       0.55134008239288768       0.46850305374886342       0.47530387093459064       0.48039506970943696       0.44032535522121308     
   3.2727902311169826E-003   1.5577184857414180E-002  0.14226099718318017       0.15818413549927343       0.20250017231934117       0.81087235454621043       0.19815448268249014       0.27449707696244352       0.11439027283780533       0.14074386935809741     
  0.53524167401199918       0.58087851587117889       0.40784947187090320       0.40078694856386243       0.43215943016871849       0.45883168633745236       0.39775017101116455       0.40823314122435284       0.38851960054327567       0.41740803477002020     
   3.8208649899031423E-003   1.8679397392351894E-002  0.15823487808911021       0.17106916432231231       0.21928622880035689       0.82510314143685426       0.20754329731770682       0.28327817956478318       0.12632730878350459       0.15619739023024848     
  0.49278790973508457       0.54384314084644780       0.37645344745211534       0.47401269698099796       0.48553007268048470       0.39046645045485101       0.43672885749424489       0.38865457139791248       0.48433194892299591       0.40006247652447985     
   4.4578711622577224E-003   2.1617158994072752E-002  0.17474229497859511       0.18299277566312927       0.23529105595605110       0.83761131542936429       0.21685121781096509       0.29314068973345059       0.13749194728153746       0.17311006724942599     
  0.41572189259329945       0.44164547687187733       0.44916481604056896       0.37692921833520737       0.35451832822598250       0.39252434998801389       0.47932474559235322       0.43297340349719804       0.42727599019106005       0.37584356482772679     
   5.1782007891901169E-003   2.4961099336585253E-002  0.19074570546969494       0.19446025818664744       0.25104711071239627       0.84917980022041084       0.22523920196059605       0.30411128909615021       0.14931344467838134       0.19196682090320452     
  0.44680036287299835       0.51030240953878514       0.49397954890846174       0.38068845811141627       0.42734158158021585       0.39508399484698098       0.48018159250578757       0.43027364729453577       0.42557385804972403       0.52991408831234499     
   5.9698260545188765E-003   2.8271201937950196E-002  0.20675290362478788       0.20582434859642598       0.26624473905932139       0.85909931850984589       0.23375257664012619       0.31490723255955366       0.16419751597375959       0.21056635431229434     
  0.40341455376869390       0.39991853189029924       0.46348179298354902       0.38780736571943580       0.42251005087369736       0.35766158488163124       0.42829741004435851       0.45868427949346730       0.48597069258323911       0.34829246194791907     
   6.8821386891986230E-003   3.1768049591493472E-002  0.22350566585178624       0.21747846676579424       0.28052193172746953       0.86779348103469334       0.24192572589546232       0.32531722392757179       0.18058561602282389       0.22686615324538492     
  0.46810008249052154       0.49635329692096303       0.45289270025231271       0.38536450615524048       0.53039450745450945       0.39980991006228067       0.55689447728681141       0.43216547252801712       0.50055669011434678       0.40863803215275818     
   7.8708828255551287E-003   3.5353110184573655E-002  0.24206087843853591       0.22970499684802570       0.29324949930685440       0.87581328005639070       0.25018560662953987       0.33551014230809451       0.19701884938185588       0.24206748520252921     
  0.51814029837454989       0.49366563609768338       0.46000773441495763       0.36990522402612708       0.44784178177108686       0.40974763499783118       0.41104662496960093       0.52241004871563002       0.44897188424067014       0.49131911212263585     
   8.9541452136986284E-003   3.8926585347351904E-002  0.26199419780696021       0.24202380149497218       0.30584033400761079       0.88360324125044454       0.25965794575541296       0.34540166167979630       0.21288624571147866       0.25687412905759943     
  0.37194271951389141       0.48366732904231308       0.59661733692958951       0.38365131348581372       0.40880908445466069       0.36940988176373368       0.41348950696061465       0.48475215087666945       0.38685512935960792       0.48146897565272423     
   1.0136840821626268E-002   4.2767712442274772E-002  0.28153050348109465       0.25615850517353772       0.31774686011374781       0.89087227651696332       0.26852277245423395       0.35563868287926831       0.22840741221337987       0.27310782331917516     
  0.49083017478505997       0.45442970216454481       0.54979910218074834       0.37347182747761998       0.38596627972668318       0.39949092852211104       0.39977949843038540       0.42097685451072592       0.48477352317159500       0.39777691970274642     
   1.1383721825106753E-002   4.6782482070978418E-002  0.29822467007927794       0.27057247698758652       0.33175089923794887       0.89726780548705332       0.27727235701623348       0.36679878489390572       0.24457812397447332       0.29052319662330806     
  0.48671660635335712       0.44351439480222588       0.54834848055259933       0.44035045856478106       0.52104421096998155       0.38806121145872219       0.45577121252674702       0.52421311875305676       0.46343396349822397       0.46712865171510010     
   1.2692888303833761E-002   5.0330841483835764E-002  0.31167132265903152       0.28377513711929941       0.34519743478488318       0.90316849321323700       0.28595264036319845       0.37871371413353838       0.26127852614458824       0.30843684287226436     
  0.39793768865894197       0.34545430382160325       0.39288639286350852       0.36223360315606068       0.38574224102455551       0.38558455765596894       0.48332878474207092       0.48763471969106836       0.48000275159805450       0.54426922831219382     
   1.4053962965932133E-002   5.4023095711730702E-002  0.32405206079419507       0.29720009296425781       0.35715781138730751       0.90872585514607429       0.29417621358639640       0.38971226856292007       0.27856854202306602       0.32521220550639363     
  0.39054731712795127       0.37959284763230666       0.39233452672669317       0.43536426279155432       0.37344441601984862       0.39573971586931178       0.43006261401512341       0.42734156705767867       0.52589409861959391       0.45089357587858536     
   1.5460372494071865E-002   5.8148443813529488E-002  0.33631143561846594       0.31150942363734985       0.36873247654259200       0.91398717398781693       0.30195684430682257       0.40083278901950170       0.29616302877263784       0.34177074367207400     
  0.36617677624047340       0.38588663752389907       0.43047894084096894       0.38670754498369114       0.39169594040946876       0.33062617138570632       0.40929119634582795       0.36226104966153755       0.42552934864498443       0.41371484983459195     
   1.6947029317269328E-002   6.2617048105540182E-002  0.34995889436027755       0.32657602663258684       0.37846841320955438       0.91890239668629525       0.30939556626752385       0.41239398845649272       0.31415146697656798       0.35825498025317848     
  0.42773899466285253       0.41661475085193223       0.44228117123192140       0.51604449007142450       0.40200720267838819       0.36458330368962633       0.38452255282636283       0.47628850726066252       0.51356179074765995       0.47003197963825094     
   1.8639623695632098E-002   6.8061624239102503E-002  0.36619357723640744       0.34075695323522837       0.39216459749260374       0.92334814258157238       0.31732899081392701       0.42412251482782370       0.33266277509280806       0.37421986080369718     
  0.39767008365359346       0.44645007047013557       0.51797016340826674       0.43728646217125478       0.40414704202928553       0.34722436769953069       0.41780549617827645       0.45260700799442244       0.42162441837760495       0.40413143538780233     
   2.0668690800591794E-002   7.3843666534474120E-002  0.38248500506915489       0.35429369471310201       0.40482107283266910       0.92750092243212279       0.32599315437447024       0.43643789367487246       0.35185440233983950       0.38970510642256406     
  0.38560975689496824       0.43891640352442313       0.51134024333064165       0.44567741279967321       0.43687310337291801       0.32806289257743348       0.36936344176547470       0.42988855625135614       0.43514620470723520       0.50339862131526170     
   2.2931354145157547E-002   8.0152312072338291E-002  0.39848418844060751       0.36812152626199712       0.41668768235833820       0.93147361777496906       0.33624964651790895       0.44869382149134079       0.37146699005501621       0.40518170740333670     
  0.42440000435394060       0.46744186732755771       0.43656365567236755       0.41765381001536939       0.44227297131815513       0.34976171065019651       0.40622418218401291       0.47043484056900214       0.43813591543232522       0.47276779065077512     
   2.5294928728489711E-002   8.6948795053675143E-002  0.41435984876114135       0.38186477123959878       0.42844281956335012       0.93550256225990058       0.34576559307403720       0.46090061570222896       0.39053782283061350       0.42027507524823327     
  0.32741971690439675       0.42499735472105471       0.38527095017886842       0.44429960652574435       0.45213904820569217       0.35598526857580104       0.38719676892461685       0.52014540890780403       0.49391522082918804       0.39536990799703120     
   2.7583661439098458E-002   9.3839639352096077E-002  0.43177399873514904       0.39604055002697114       0.43944116048247228       0.93934580082746733       0.35509546954818477       0.47269564142237147       0.40959743764468926       0.43477852413064527     
  0.34880690831954553       0.47176393904638730       0.39586958777679154       0.37600524500874694       0.45964561846619589       0.37076962472453984       0.54185629543219527       0.39679107058552537       0.34471023834207909       0.40480442672437827     
   2.9717933680595280E-002  0.10111177629169263       0.44823699638122827       0.41027021217454257       0.45034588555421023       0.94294790459393762       0.36386797097081702       0.48403791805146423       0.42891248750056049       0.44962846368836629     
  0.42784143452166445       0.44073883079438220       0.55174536307925715       0.47318005639755256       0.43299378247165426       0.41430519731247284       0.45592800767811020       0.43003807293020724       0.36386897531306056       0.42414670321193110     
   3.1998616326046281E-002  0.10868861181204087       0.46472695692459742       0.42503366104819940       0.46116871558088929       0.94621545469174773       0.37295820950025477       0.49601708666077443       0.44847629853994103       0.46482190017204605     
  0.43698324390274756       0.37955127046983289       0.55880464054173307       0.40241531548218634       0.38105524999055679       0.40949473760807720       0.37205429867309248       0.47620070394309882       0.44474092433588280       0.37163587201383197     
   3.4290850798797061E-002  0.11640108968493497       0.48019131076820204       0.44034388525310908       0.47237061954874221       0.94924242850461715       0.38154858171775757       0.50842382310680700       0.46754476904633430       0.48023838496355709     
  0.35048656218668517       0.39378852722913121       0.52635232439542745       0.41313334985626055       0.47489491609946655       0.39003443170962349       0.50845954348144928       0.45207791203758563       0.47411150981569583       0.44111818473944331     
   3.7024842389385360E-002  0.12451853679761027       0.49611577641530918       0.45556125967733824       0.48333938576032298       0.95203682465567996       0.39004867760359208       0.52105583064770755       0.48562446187577774       0.49565933616633229     
  0.35470236114295112       0.37635921656213361       0.44945910576374704       0.45390760956830517       0.44706274163502441       0.40550156436588403       0.42453181913825061       0.47435023777647878       0.46648965906329104       0.39098679497988398     
   4.0039096247982513E-002  0.13322243024838512       0.51321432850131454       0.47060991266522290       0.49353217911296604       0.95468174841740727       0.39939148849094658       0.53418946637429732       0.50151977501312139       0.51071003197847020     
  0.36133791232078649       0.39845602655812373       0.44676865020335771       0.38536821702183893       0.37945704724140455       0.36922805838670830       0.44407257973478764       0.50073871885484833       0.32993426997922348       0.44317507921482235     
   4.3555752952132862E-002  0.14257103357155773       0.52975510096792722       0.48544862413859452       0.50421077242148504       0.95723207441918079       0.40858630295100640       0.54792533839698232       0.51542534970505105       0.52700959372540090     
  0.38994769526450890       0.37357660798256531       0.42991616017606654       0.42695904357582937       0.42154014345540963       0.38229951580285776       0.39250026208573663       0.49032003905131993       0.34051171770123806       0.44851346665546660     
   4.7643705885512928E-002  0.15254194534172019       0.54446086615049505       0.50041244312623856       0.51503857347085780       0.95976574380324720       0.41733598171504455       0.56194958338110557       0.52903017732873669       0.54473028984898642     
  0.43863195713451392       0.38357458511219111       0.39321123360389237       0.43142919947012615       0.48319558546489461       0.42024308348954847       0.36704039471420419       0.43931793077936215       0.43931793077936215       0.39783946901532441     
   5.2107180200187314E-002  0.16323286202179341       0.56037272848639252       0.51504521402845205       0.52555290476528183       0.96232692652827834       0.42574755822290555       0.57618371244004685       0.54106866986199442       0.56289731828222156     
  0.35683704203779976       0.37439169697706920       0.41176216822762962       0.47538492197717536       0.46651957268359279       0.51348265758026501       0.48022374223787589       0.45539616861821686       0.35646809696701182       0.42497628569660789     
   5.6819917484613749E-002  0.17468400897791275       0.57557744465574778       0.52851134912068565       0.53474283476665052       0.96474592657849767       0.43491128931390283       0.59063097655150620       0.55651475397304029       0.58153981674153343     
  0.38456070391415109       0.43344595124709046       0.37320029233886498       0.41218481976706922       0.40382989007490566       0.35533627319648786       0.47149401128045954       0.45954065145634337       0.42616192156081628       0.51885860573304921     
   6.1825210741739994E-002  0.18627421662211571       0.59176816327393567       0.54206327728020043       0.54359860557672113       0.96682674621854092       0.44506589087824239       0.60399979006341764       0.57016360218013595       0.59926687508580379     
  0.44615592361449291       0.37311066490592265       0.47476764928966958       0.38125868695997467       0.41644245199635954       0.41318805879349907       0.42285953176017299       0.41924154677401826       0.38488865150853369       0.43998775026015663     
   6.7227465597782837E-002  0.19774325327403500       0.60766348510672807       0.55570736650305219       0.55300329519139535       0.96884263681578497       0.45548648858982715       0.61755969031528879       0.58428950860924000       0.61411077661241253     
  0.36495050692999431       0.48701365163430016       0.37982470207597696       0.43622820925746558       0.39506740028984810       0.38915425313631363       0.40422016986583109       0.48386261995900753       0.34573666764832678       0.44246896672543123     
   7.2969217725828400E-002  0.20946823821075072       0.62336256148917135       0.56991359398664176       0.56245183873068316       0.97076273015862602       0.46589917921122859       0.62987129848289625       0.59747712149081811       0.62708793017206532     
  0.39539822628643012       0.35011411446637208       0.47702930822877626       0.39100580525697992       0.34762785051544975       0.44048575419897368       0.49058122980281821       0.44373264092338599       0.36202663381314948       0.42872538801946253     
   7.9373881677442026E-002  0.22302366933738782       0.63947692604479822       0.58512899450625944       0.57379434867324719       0.97276239769810990       0.47607297088406181       0.64083551002268946       0.61180319981522224       0.63915188962055336     
  0.42460027995036709       0.49598733470242312       0.41565607762322304       0.41228555808346667       0.43411508811770128       0.41855205424337621       0.39582380848418014       0.40132773474664601       0.35351687559990075       0.36710722577767863     
   8.6326904664666970E-002  0.23677276764893815       0.65600524252110959       0.60055027194729671       0.58615918612055318       0.97460103364310413       0.48583890505237259       0.65197671168740767       0.62760928065350641       0.65140084242463414     
  0.46133466003864326       0.42908901408975930       0.41970298439723858       0.43351931802743204       0.43326867234878713       0.40297091680725433       0.43682892813058077       0.39625462819519353       0.49450039933750944       0.42616430997074606     
   9.3461739473722522E-002  0.25045911466485526       0.67266841335122751       0.61582628041910337       0.59844894915278279       0.97631386164403455       0.49692686114265128       0.66376252434433403       0.64412594164832992       0.66399169594493290     
  0.40358359062535443       0.41570823068545093       0.46083637747916112       0.43720092733752453       0.48471261137901245       0.41951317592602128       0.53857065360207623       0.45549277745558064       0.47057523807937635       0.44747156248299402     
  0.10089434800728611       0.26411388909117034       0.68954447409668229       0.63032418955734815       0.61042329924670513       0.97791941616856837       0.50993314785916499       0.67662908093500163       0.66026602088281050       0.67702809120823093     
  0.34513278076449366       0.36240538584414861       0.41411793581661105       0.44343149213892996       0.42855341957634496       0.40522453537158809       0.37776311411683922       0.35753275652800531       0.41238774360867964       0.39987673088090514     
  0.10949587650124441       0.28112744722243549       0.70539526206028647       0.64416124546998099       0.62066243574939928       0.97945620698853719       0.52200814714503008       0.68985892181525343       0.67491290751851907       0.69329675981268835     
  0.38080148182954116       0.47422355240628949       0.43152812527729162       0.48621392932872215       0.39830036573811761       0.44151453795660295       0.43782133549319552       0.36725977064234200       0.43147333397919174       0.48499965933527389     
  0.11868025989992470       0.30077316264782000       0.72095938115345859       0.65801471271674594       0.63030036615972251       0.98098452523714275       0.53370448390380898       0.70328333701379941       0.68874685515325662       0.70997251608982337     
  0.37063299635854230       0.50476753543751940       0.47822017621938601       0.35383121975614434       0.44906534886809235       0.40124019610939277       0.45512247474862338       0.43879050628252342       0.41302866118960990       0.50368784776326103     
  0.12882377859471136       0.32259436326586954       0.73641248309021334       0.67191002119896748       0.64135170005828546       0.98241678751274963       0.54455348340206533       0.71890691618153257       0.70342573584912260       0.72676183254362514     
  0.32556989441650946       0.38956535862919289       0.41195167161786894       0.47110745859782288       0.43863331969139940       0.43406368134123663       0.42307176590940060       0.36270413533315365       0.42355655331799763       0.47758274249858623     
  0.13991211669420536       0.34436750083143464       0.75228862527534435       0.68557574320663950       0.65397900306862800       0.98375253093101522       0.55643602652743451       0.73511694264849903       0.71975560565349916       0.74450058893615112     
  0.37609053972199791       0.42640248560246580       0.48550346527626825       0.39066718210416385       0.39688024478363676       0.44534372001836547       0.38941105523094771       0.38469605460474510       0.36771336129902976       0.53390670084856284     
  0.15128831877663518       0.36750027267388707       0.76763317640329853       0.69950717266052154       0.66839835530196956       0.98503262740601683       0.57009271680995144       0.74876749345979854       0.73710499134131435       0.76366069786173363     
  0.41167970814987120       0.41915080143786604       0.39900782947797930       0.48962337014258128       0.42540280100634131       0.34844806416095386       0.42746504717960493       0.32253274999847059       0.50013698347440827       0.52999228560789158     
  0.16310598962698108       0.39104390840716619       0.78159370805802397       0.71339354517603348       0.68173917360740177       0.98625196826472017       0.58303639086937598       0.76161415712420999       0.75464263608722859       0.78241946052193501     
  0.42639661377912125       0.46157626379955469       0.41184146427318064       0.47995147191466980       0.43320006291343771       0.52618880241528798       0.56527385991565660       0.43875689671007573       0.37654124464843708       0.40995363320473777     
  0.17599074086982622       0.41626915200130327       0.79412612824764861       0.72632750548124658       0.69577512412065745       0.98746671262959151       0.59468432150536510       0.77465104441251864       0.77116740968417696       0.79927798495354219     
  0.42927918148022332       0.38366625392770648       0.42166319184862627       0.44606590195328638       0.46490740365944216       0.42151040325061417       0.41239257294115000       0.44892298827121802       0.43492588184418829       0.45054206860538620     
  0.19067112289137872       0.44386056296836141       0.80576328973782951       0.73880498973314579       0.71068387658597254       0.98865666347481240       0.60524632919833554       0.78823271967056374       0.78754698741188778       0.81424379800557511     
  0.45930814172692658       0.43285686333552031       0.38054828396063639       0.48922633393667225       0.46322519917268135       0.51371383604889898       0.37498930501788769       0.40130563457517732       0.44528408075294273       0.44583052464715056     
  0.20793666179386575       0.47414499111870184       0.81704206897808318       0.75163815573931858       0.72596027358964133       0.98981476331845053       0.61489213876842852       0.80460908007585030       0.80369001943959206       0.82915053156316743     
  0.37489433620727092       0.34634612419779992       0.33344529658247229       0.43317368722706806       0.45757359459644198       0.55819733486145384       0.33560849671966103       0.38059768731536414       0.39768164814796081       0.50586348021125938     
  0.22787812835178498       0.50589707227899694       0.82855568384094680       0.76451260069606086       0.74306104546818019       0.99094228219224423       0.62790599335177255       0.82214149949021365       0.81939070265949399       0.84491704723797634     
  0.40770544842601147       0.38864596596856410       0.34216421727730062       0.51336397343826279       0.40396349194325654       0.47061182956855774       0.47713355860546802       0.42262570950441397       0.42100505358525125       0.38925770337668303     
  0.25187188759001311       0.53900901495254383       0.84228680139794587       0.77612600826207623       0.76200558935930474       0.99200579111875775       0.64402273925719689       0.83827408215768617       0.83443595268462822       0.86014388895145644     
  0.46086307091288042       0.40984387602976596       0.35402860194178132       0.42616956035411424       0.44518429518552260       0.51228190014494113       0.40302012999845999       0.49578442368466336       0.37686781275466186       0.39236434975528106     
  0.27751022481936349       0.57318423718944833       0.85710443301953154       0.78750758843151647       0.78142600145020324       0.99301335797536205       0.66095197412808693       0.85373202358688027       0.85043717972280908       0.87443362437482142     
  0.47503747822454079       0.46455763341120060       0.45363865244531121       0.40915016239916885       0.44064853639549539       0.50045769714478971       0.39034901404884348       0.38708577608334155       0.40851332119873263       0.38978335386209312     
  0.30596754858390168       0.60762830823904956       0.87182809559939511       0.80065159423611654       0.80204948982463697       0.99393128790419027       0.67861599974526443       0.86885049546138282       0.86727610806280853       0.88723833579651368     
  0.44742969485652295       0.37548034544340253       0.46615172503511987       0.41522850553701185       0.58291148060581899       0.67007183711588769       0.46230858640977829       0.49054031853055341       0.43525369788041401       0.37808959264671227     
  0.34059761340920108       0.64214404968478522       0.88813485006090631       0.81610757710560033       0.82193765195280433       0.99479489656153819       0.69745497018752323       0.88469674681831945       0.88458495930340431       0.90081437870382297     
  0.39291938380741509       0.37589373218877603       0.40688552008955159       0.47138421575385619       0.50267682134850078       0.56775434977660322       0.56305358589840004       0.43580899655929728       0.51204148155923956       0.39053863116418053     
  0.37925468112742072       0.68555186437046678       0.90230017990528355       0.83330821959393064       0.84326261361156785       0.99563097144860213       0.71788844558778009       0.90204051038069377       0.90176938544180318       0.91428515694978396     
  0.45320344270631630       0.34920086339592832       0.39126624167629481       0.48743214426657261       0.49007030549085040       0.47883029403771871       0.45631751285652528       0.40798688323333265       0.51222207764446670       0.38362002719481997     
  0.42379389661230704       0.73488792938632996       0.91692717587509542       0.85066476300890859       0.86595929610714872       0.99639407237119770       0.73892766151428246       0.91972642204842237       0.91840082571700088       0.92729783128803922     
  0.49194377771616821       0.43549939880216038       0.53890442583466036       0.69521926245065635       0.52699468751579281       0.62368702276940324       0.49181903433757079       0.48282592512246153       0.47126491873785326       0.39495834892377452     
  0.47358257180102487       0.78678939260600034       0.93187565080125412       0.86693989563760276       0.89019089193949741       0.99709260288939616       0.75961186876032316       0.93698962909763495       0.93451518165896186       0.93970363373606680     
  0.43189715531994566       0.43408782620118702       0.44425230208068905       0.55061112129197121       0.49203977507519597       0.57698347862229371       0.49103708963039411       0.47558592634144387       0.40384020161133438       0.38390848810903261     
  0.53505998519439513       0.84230992606659527       0.94843726210790691       0.88173501497850737       0.91567904877638362       0.99774410000633262       0.78091112374019866       0.95404496500919056       0.95039691473902810       0.95499610461749140     
  0.45025658679115504       0.37450350921236480       0.43406706588028154       0.45734274033609829       0.39668370610761261       0.61725092445417262       0.41976944105960601       0.51964666237473289       0.44895379539150110       0.51260215421544075     
  0.61967922786915008       0.89247603589204560       0.96504032136644557       0.90305552946554868       0.94336557813549471       0.99840202897667918       0.80797789988834201       0.97105800528136088       0.96649989343570208       0.97118293340032258     
  0.51703135952368495       0.45719552303244793       0.46953267081447320       0.59126926777640942       0.46644954600281863       0.42134002853507524       0.42293831355458911       0.47908957850247219       0.38516944619489740       0.41827546659438725     
  0.75747716727693681       0.94489043725452249       0.98239176350260327       0.94020053443937723       0.97014419513738048       0.99914578131681864       0.86153124203524079       0.98536390403715524       0.98360318038933359       0.98562522824851417     
  0.47226708136745899       0.41227539816390923       0.49263226309590091       0.63839864974803995       0.48514135487830967       0.57742012444041457       0.40518469720062589       0.44579990077278414       0.53765032347440989       0.60460451146318162     
   1.0000000000000000        1.0000000000000000        1.0000000000000000        1.0000000000000000        1.0000000000000000        1.0000000000000000        1.0000000000000000        1.0000000000000000        1.0000000000000000        1.0000000000000000     
  0.47012554698281306       0.37897047271354045       0.42915904788109738       0.48160437850991189       0.55894071028174430       0.48320944882966144       0.46902151406107545       0.40775551432033069       0.46467246286882175       0.43412946063999885     
  -11.180877318642406       -25.903388526455021       -9.6052809301193172       -12.905275454344523       -13.802928862706228       -18.236224402572446       -8.7513218275823199       -10.823813484620482       -9.9793118777263601       -11.062857799824542     
  -9.2150428381533462       -13.983560739375944       -9.6703264548772534       -9.0457813684228316       -12.645551878492647       -11.059318376245495       -10.245221826436650       -8.2226005590933315       -11.660055986853632       -15.945589668692760     
  -12.437270798676957       -9.9035827413663711       -11.116765655243933       -6.9379445302020919       -10.087728148554142       -4.5063440847475356       -14.165536981354450       -12.435058970946569       -19.015485573787856       -11.972152131789342     
  -14.589880660190660       -8.4596820986125127       -9.8712974454077962       -6.0283916453638318       -9.1016528937589243       -3.9210342910930480       -11.858042904982542       -10.813924121520786       -10.123927164974269       -11.773202799591958     
  -13.727589849223039       -5.5923938540964730       -15.355597036151071       -9.9225537367964396       -11.470231729829781       -7.7970776565881685       -10.203179348264525       -10.662733601727195       -13.400584209420622       -7.7600071801434476     
  -12.879125158481239       -2.0929048600103100       -11.520235323790933       -15.121095839756457       -10.969226424204983       -10.585844460248810       -10.936298653204412       -13.631294356653502       -8.8677134958442192       -8.7970302822315336     
  -6.5892879489627152        1.6024045814806649       -11.331550416155528       -12.430110758292308       -8.7087224366708256       -11.730556976064376       -11.044172819206267       -11.885214521160998       -13.016734853800155       -10.230954844995361     
  -4.3067036080576271        4.4770217233830722       -14.458492158778860       -8.7442550216974855       -19.293950396543508       -12.148253183452683       -8.5362851564629647       -10.243593058813708       -7.6460507266245408       -10.928148042562242     
   7.9133280487732049E-006
           1           1           1           1           1           1           1           1           1           1
   8.2835232036361403E-006   4.2622596016780932E-006   2.1461344812321504E-008  -13.304427740639333        1.9484320604017271E-007   3.8880360550057432E-010
   9.8037832740665720E-008   6.5105361899157660E-008   2.5041744818171601E-008  0.32186425001142177        2.5031236909498117E-008   4.3421499452385642E-011
   5.8628309550770932E-003  -12.252269292128229     
