   0.0000000000000000        0.0000000000000000        0.0000000000000000        0.0000000000000000        0.0000000000000000        0.0000000000000000        0.0000000000000000        0.0000000000000000        0.0000000000000000        0.0000000000000000     
   3.5051772466936250E-004   1.1890696209073965E-003   1.5989096165250960E-002   5.6755597716757325E-002   1.7823162255247108E-002  0.44543481338178237       0.16749843636315140       0.10447125464180838        9.1069727617004957E-003   1.4581718611039161E-002
  0.74328046308506157       0.47899151115470900       0.40814465227873736       0.56126697519603197       0.36420944646843378       0.32337413286776556       0.34609004995195414       0.33369756894235841       0.37622878240682101       0.44455813937377564     
   7.1039306281770820E-004   2.1352695173007343E-003   3.2309200063165844E-002   9.9739447754278995E-002   3.6656254815776425E-002  0.60281300769125201       0.23254932569876205       0.16001772548310905        1.8824635609114307E-002   2.8804486403540427E-002
  0.84308911344784576       0.42511576105331411       0.41825727287161119       0.41511198867363425       0.45193324388645861       0.52538945838340789       0.52129438607493139       0.39293897925451104       0.33640961943564329       0.42251808912268279     
   1.0915139118001789E-003   3.1046787436006060E-003   4.9903920110148374E-002  0.12903736668880220        5.5522067570903347E-002  0.65499000834349308       0.25889873724135326       0.19106638510424886        2.9563325207895817E-002   4.4069688228095372E-002
  0.62554883353352453       0.51293568539702861       0.44974567141264205       0.40527495432265614       0.48109753262332133       0.40718006716474175       0.41784088619696924       0.37843925797741990       0.39517235357976571       0.37747828208397272     
   1.5241678064828073E-003   4.1303579886466657E-003   6.7760407537657830E-002  0.15730011827355567        7.4138800458691478E-002  0.69344169240627918       0.27648986431980749       0.21480883788497690        4.1979187638755973E-002   5.9584738883761534E-002
  0.58958267658337549       0.40085870306209831       0.43427246611196285       0.43198638945869294       0.38401981318118383       0.37827050691303976       0.37301985263029563       0.51295875298394722       0.50074719252415578       0.38596701970908504     
   2.0073027106289154E-003   5.3123597887427022E-003   8.3217125580676204E-002  0.18327750892529932        9.5465012173980943E-002  0.72192900650140290       0.29146585521187540       0.23270985115038489        5.5359131380966195E-002   7.5485456779655721E-002
  0.57182880312123485       0.41927325168264890       0.35681845270078555       0.43065067147898178       0.43481105636292161       0.38593884711551502       0.34714025749706745       0.48821436905212129       0.44433768674087259       0.40753363134265097     
   2.5545159854626388E-003   6.7891297300251537E-003   9.7798188477374745E-002  0.20850503739552270       0.11452234252329287       0.74588457611357406       0.30353608075576843       0.24448216568505915        6.7556814610545315E-002   9.0317072564740156E-002
  0.52493194286655054       0.40025977556933967       0.35749081448644421       0.47318800238761777       0.34060317956285818       0.38923394261619915       0.33892110717879481       0.47600228232859398       0.41190245756139510       0.43493535606326433     
   3.1518173654599491E-003   8.3785188521124238E-003  0.11186006625186093       0.23207303426081174       0.13257026848954495       0.76618101740720401       0.31568126781981165       0.25587873855820625        7.9385066076545691E-002  0.10498719186557351     
  0.44494105579434284       0.50651552741482164       0.33773701162892600       0.34422229775292651       0.42429430685304453       0.35576389297245081       0.33461118241668270       0.34851702768889931       0.44481041027903462       0.40489589110505170     
   3.8124483744483659E-003   9.9801425728289813E-003  0.12690084888611050       0.25443003275621134       0.15134959618483443       0.78421395557185103       0.32795462029202205       0.26585607187196858        9.1325503349534334E-002  0.11955391976103469     
  0.45718854666132624       0.41115224447138371       0.34289172666978424       0.41227090061017291       0.43253692918684994       0.38600814834033992       0.37436975046324894       0.34165436419929412       0.41779102115296751       0.33706337433748074     
   4.4486273650175380E-003   1.1689652302757304E-002  0.14289835893911973       0.27511726091302102       0.16918496347501388       0.79949896230285211       0.34066224985887966       0.27671978368766348       0.10331953140151766       0.13477490287199967     
  0.36444497279096666       0.43902207363873336       0.37810452382863646       0.40234869498387932       0.41194536580205815       0.39104928162697467       0.39866024658822213       0.42944886535810672       0.53661908738411068       0.41423737412334999     
   5.0354547508667160E-003   1.3624674616308004E-002  0.15885756906520104       0.29507502301320615       0.18506936332025581       0.81273357920406297       0.35437627633458341       0.28747073034115200       0.11779571216759896       0.15159447409839014     
  0.35911510746382230       0.47227227991003512       0.34139444195108604       0.39564296585943731       0.36484251467480727       0.39950129734959955       0.44095277214856149       0.38686143716860311       0.44742473550868678       0.39767271191816861     
   5.8752936882465476E-003   1.5534659138519548E-002  0.17530317518332628       0.31216079968319871       0.20016054151866061       0.82470494505766989       0.36722781735131615       0.29810200527717257       0.13328652066162933       0.16898902219663492     
  0.42405635060889424       0.35153461573736233       0.43755087826628097       0.37523110286559880       0.37222666578830510       0.32844357249346262       0.47529276682307614       0.39091839367912867       0.50356231660516926       0.38280894149483591     
   6.7726761212639226E-003   1.7410059587184019E-002  0.19166678099363646       0.32846933275139928       0.21510257590579063       0.83584402803990066       0.37957081466005022       0.30901337546513130       0.14690803027104210       0.18681739151053448     
  0.43916927399118499       0.49956469204497900       0.40217256916846800       0.41086337250409088       0.51674841685152462       0.34578532378494053       0.46191882752928787       0.43190863420369408       0.40608566893389075       0.37036444896524312     
   7.7205421462992526E-003   1.9421283921761925E-002  0.20967406021084223       0.34409674619636449       0.23166263380676019       0.84563934254480033       0.39081013112244478       0.32009509075554238       0.16199904436091900       0.20422732227061699     
  0.34729545260647871       0.38427631674923829       0.42469008335632391       0.34069997091338755       0.39408849131441198       0.37937682669556422       0.39597311768734161       0.37095867451506898       0.35426285018896542       0.36233107649762114     
   9.0185025952071503E-003   2.1375794713701435E-002  0.22737118316926475       0.36051279867050107       0.24921117577205609       0.85477718818134685       0.40118466104365513       0.33121220659599415       0.17833295847486830       0.22123963997256960     
  0.38886064002503029       0.44442063620107564       0.45350188131621599       0.34114808346792508       0.36553334453641129       0.38058273720247560       0.32844640298416422       0.42739268615133374       0.43919499734846162       0.44397447009538471     
   1.0547118327191553E-002   2.3353241367404819E-002  0.24536039530092776       0.37883182983682817       0.26675759387154296       0.86330687364017911       0.41137488948387946       0.34283687482598640       0.19522463226088402       0.23763099681249758     
  0.42542741908846377       0.40358291189226497       0.36102602093293157       0.33234620807277687       0.43454455757008686       0.35760375529585103       0.39138935646198925       0.48002750916870707       0.42178771934823500       0.35865310543773843     
   1.2127210751885428E-002   2.5577847788221392E-002  0.26080492040676778       0.39563131328077406       0.28372260813848044       0.87133032253231735       0.42168874710699977       0.35497096429490321       0.21213710291751256       0.24995260911852554     
  0.46983024983776706       0.36859606506741521       0.40337808342137915       0.36303759080324771       0.39347152551194170       0.31737116389042597       0.42727897146343885       0.36690776488115323       0.44030120051028876       0.38009703182642190     
   1.3844525596646893E-002   2.8120449633740625E-002  0.27492873891711828       0.41286399654682121       0.29993231524634306       0.87871138082428979       0.43084639670318409       0.36675924856877867       0.22870874917369402       0.26253430595747307     
  0.40081260575352651       0.43548972296284266       0.44853208004938577       0.34593068752788486       0.33308671883877522       0.35744689898192455       0.37722329938248994       0.35310186141866179       0.39223836748955559       0.30019067131397170     
   1.5715648735171700E-002   3.0837379474127291E-002  0.28820740636923070       0.43117352799248709       0.31615945300049692       0.88576326273690287       0.43960918997418019       0.37819431552947447       0.24528468311860943       0.27590604329588109     
  0.48680660187210534       0.37970986919404948       0.42261308191505176       0.33577432108972066       0.38705882936363928       0.34097976542311187       0.33620128369394353       0.42084351647712720       0.44349212086682388       0.43041672170179174     
   1.7726496668057957E-002   3.3423574839413030E-002  0.30093117150504944       0.44958091018752355       0.33110928159474784       0.89248955859335022       0.44831814881951093       0.38976796372670441       0.26225857344058773       0.29071171982333943     
  0.35597560203444628       0.38791476388575730       0.31488238520276540       0.46549655431278231       0.32809904815356511       0.36125608907097884       0.37169221361403676       0.38541663929771885       0.46872376563167106       0.36210617624469071     
   1.9970085513416815E-002   3.5813809567350995E-002  0.31495572391032817       0.46767212122556157       0.34681447621465783       0.89834280626326712       0.45740047308075665       0.40168845912702661       0.27942303852477945       0.30665367236060015     
  0.35902978483785303       0.38370857206076947       0.44977507342684120       0.37596756348438276       0.42228443458177106       0.37401115454649886       0.48223353659452212       0.39506744383532993       0.35473912999111551       0.36347406967458906     
   2.2438932906418650E-002   3.8302237290575337E-002  0.32964968258592731       0.48492194793369331       0.36148616017167778       0.90376326904805615       0.46693862200980824       0.41350721813877878       0.29671451100105450       0.32314173256360973     
  0.33705640629876482       0.42942361458809991       0.36557498051150000       0.38508716068738236       0.46880419219252556       0.35286975011950839       0.39947195857489964       0.35969813315813615       0.46855565180920050       0.36801979423776576     
   2.5078601338987129E-002   4.0862021460449843E-002  0.34442696817930768       0.50110976789041239       0.37575982856418483       0.90862282410634898       0.47587286925896011       0.42437499252928929       0.31397914208386452       0.33948586189140129     
  0.33597928075426836       0.37446427933882448       0.39878133824664164       0.32566636517681308       0.41917509613508502       0.31651059265731768       0.36387653378483564       0.41564438993316383       0.40670070647349854       0.41949307216902859     
   2.7951508482926476E-002   4.3702750165535043E-002  0.36026170811538388       0.51717121496387530       0.38978037855524544       0.91322208000401817       0.48418659480886622       0.43327576914091764       0.33146199748874833       0.35537987151202738     
  0.35226864225390919       0.39341459884245394       0.34754983198867256       0.34724492751802882       0.40027655310044741       0.34036788978286109       0.43485403421299212       0.38500660855914992       0.43579022899752357       0.35383069914080978     
   3.0865297218269076E-002   4.6938898900348684E-002  0.37546437368625613       0.53429501001164514       0.40325646438256552       0.91761849019295061       0.49183245748397419       0.44284050943620434       0.34728746421741757       0.37092167810532067     
  0.31997514012651740       0.36266890798420071       0.35770350141262747       0.41318800984550980       0.34060709381301585       0.36949255718836299       0.37767985062091924       0.37364814878746372       0.36008487139861728       0.38334076597089090     
   3.3730082789352411E-002   5.0356711332910295E-002  0.39025796342415897       0.55062364052244550       0.41672942199274721       0.92168209447204508       0.49885001200034212       0.45352359891240446       0.36297359933271550       0.38591414837727839     
  0.29611863326751048       0.35906750361625600       0.42280301816323457       0.36656684061497447       0.54547989352547310       0.39197499509287204       0.37157707631479187       0.44171941765539779       0.42153734515998265       0.36899428992230465     
   3.7282507910287081E-002   5.3984187603561253E-002  0.40438972170245807       0.56583946893411952       0.42957474474699320       0.92558134166023764       0.50622857247188335       0.46474992850584679       0.37870668799910195       0.40160773660541527     
  0.38194482443156447       0.51481333202348423       0.36607571619203305       0.38895461436557871       0.36003359194795648       0.35314201205071288       0.37978431593668438       0.40463216565361099       0.40784205346812835       0.42075103959771132     
   4.1476131452336210E-002   5.7767097890719682E-002  0.41916179555647343       0.58048430681431695       0.44260477339708665       0.92941950317392963       0.51380784957412495       0.47642361976537551       0.39435069758440228       0.41795718086236905     
  0.41233639752416273       0.34511634067360081       0.38644672281366499       0.40890124596619232       0.35813801031887338       0.36750251518209504       0.39383873332054670       0.40124207523224492       0.36431440893385647       0.42792550626556802     
   4.6307333346777987E-002   6.1661245955205092E-002  0.43407583439417230       0.59334985839112653       0.45593516821394459       0.93325145975794388       0.52153937552414631       0.48945061955898134       0.41006290248295524       0.43422627630555011     
  0.41358484167035853       0.38916878645171876       0.40901155604137829       0.42578146913093839       0.34902872282927222       0.43601022628973651       0.46762358314533709       0.45669249742028240       0.35670623599192464       0.40883969422434163     
   5.1415608828026142E-002   6.5753859846908069E-002  0.44927109464389109       0.60557086044363384       0.46874129089604588       0.93696533910683399       0.52953816713715696       0.50447777477981282       0.42530405383897452       0.45004567867041856     
  0.34940994694021771       0.35050516243337410       0.44595335255475371       0.37897624185207379       0.44933955461589498       0.38299251130489148       0.48616335753825901       0.46594895076569692       0.33852706708379593       0.36287005857569832     
   5.6928018988499085E-002   7.0049125943198107E-002  0.46388440064595404       0.61762461221844722       0.48063962147853756       0.94041366420589101       0.53751571748353666       0.51887706463129180       0.44050619887072362       0.46555398565645201     
  0.41092657578671338       0.39334712821405438       0.34924195889772797       0.39029772900491150       0.33718314653631376       0.35643132744612038       0.41343511912947267       0.44649887016296180       0.40008604815638726       0.46422446137104906     
   6.2842816236796398E-002   7.4506196284651771E-002  0.47894163667837997       0.63017593747414724       0.49247439345084892       0.94367048893558581       0.54522130558696646       0.53254910730259564       0.45545951932988049       0.48099267180092276     
  0.37902874319323787       0.35548925051165664       0.38224364079489054       0.45001376268143856       0.33730872082394836       0.35967358665607702       0.39636259560721471       0.37704165673299400       0.35919161794085513       0.40939181947228032     
   6.9359065138347040E-002   7.9136319302258742E-002  0.49699738324404547       0.64308675401118354       0.50452996614410572       0.94672591885906165       0.55282282395553883       0.54592311719709896       0.47370884554764514       0.49670803060112939     
  0.39218868009713703       0.34903060602042080       0.39780560130987630       0.36380918942266738       0.34848997049983499       0.40602708119476316       0.36734938974261805       0.34800910803376023       0.37303936888144507       0.43102059782183555     
   7.6405947046523925E-002   8.4017163785917476E-002  0.51402873560662687       0.65555845556050807       0.51703664143149120       0.94962296912129107       0.56023604175687469       0.55900507520860476       0.49139474338937633       0.51357134967297879     
  0.34005589779573919       0.36353113559434430       0.37912275782180549       0.40229004615589820       0.42637800636046358       0.36794384925341828       0.36907712471116244       0.47335664284559648       0.44736064704858119       0.36174376710209050     
   8.4310328712638410E-002   8.9125107831469208E-002  0.53031384521944724       0.66717401800864862       0.52912980858146030       0.95218366075777261       0.56802312962571200       0.57226663662308730       0.50933958381748812       0.53081329545703415     
  0.35267808435038228       0.39659280713463591       0.47053747741427876       0.34770925515777318       0.43519737054482743       0.33663915333508815       0.38732365388075252       0.37148166156872037       0.40205313365888878       0.40316224591598454     
   9.2820516155059402E-002   9.4525569648417435E-002  0.54659433538239299       0.67867978337840662       0.54110346829666012       0.95446288793301903       0.57576397326787454       0.58639828824654505       0.52734061213863515       0.54713699352985978     
  0.39606980720063645       0.31950618794722380       0.45064413902925710       0.37516708665924103       0.35780126203260454       0.33282207161609861       0.36771685220356415       0.41928382991472302       0.36713298931310528       0.48352809412712400     
  0.10217725795964842       0.10015468226929540       0.56175964395066413       0.68977138578195396       0.55297262737067254       0.95663130387415796       0.58305730605998007       0.60058146165568105       0.54425497055639804       0.56372765031035654     
  0.35108502830165178       0.39350087975325654       0.39973070074200945       0.43826311689576830       0.38522099939879367       0.39269263246543745       0.32999344356590926       0.36882715099263103       0.43121554467836615       0.41030616409423659     
  0.11145734460657393       0.10589627539172787       0.57681285830779017       0.70036458502743848       0.56515638527318668       0.95875571964598039       0.59069422896392643       0.61484971699506175       0.56145613430519370       0.58060563118026087     
  0.34788505997062003       0.44019651452534658       0.45394323890865401       0.37721337936914251       0.33748795172368418       0.35673558148703022       0.48795847143387588       0.36492216216391399       0.40789231793927244       0.38650775161443141     
  0.12173015214320386       0.11188199477658932       0.59175478599753717       0.71111454378025951       0.57785489623361264       0.96079493269830396       0.59830252337443646       0.62902979830935968       0.57822157201106827       0.59709177022560833     
  0.35122035941101576       0.34776772601055822       0.31367057705066137       0.34603373628289735       0.54382088427866759       0.37918246794645299       0.37751570677478286       0.38724954121652777       0.34416076016998920       0.42184197407886981     
  0.13234345288475985       0.11830351695422536       0.60666598364997470       0.72181450627535826       0.59120395712966523       0.96285901753299352       0.60497391460471495       0.64202452116229269       0.59487304099636684       0.61339183688065746     
  0.34080988487265412       0.39858854615689970       0.40125179164635699       0.34620635411787604       0.42371326514744634       0.35204725057688552       0.38008179080160631       0.38955468780449826       0.40664119795440756       0.41662944712540301     
  0.14456945127818074       0.12515527475631535       0.62229157226834009       0.73312290562825855       0.60568418704595528       0.96486766409947899       0.61128313385343291       0.65503033860552717       0.61152920578315995       0.63018115804884745     
  0.40054214490382067       0.36749927689040718       0.42379003537656929       0.37677180425140583       0.40927977016142442       0.34064576088177195       0.41829280377575789       0.37347172133094858       0.42916367226613672       0.33216585205788540     
  0.15740445105981893       0.13260044210231239       0.63814598481032525       0.74365163133229106       0.61935189331263529       0.96694529485838510       0.61811835508448798       0.66715240195488346       0.62876231885025813       0.64736885419399659     
  0.39236821115080794       0.35590519555053413       0.35785919331000987       0.39360321294747969       0.34651750012207316       0.38505661734642976       0.37267563611393162       0.39220536945037421       0.33589242082335286       0.42771774832945336     
  0.17110242011043697       0.14055838474677357       0.65420276366549368       0.75384559036409182       0.63322913263298297       0.96904999093511601       0.62523556214166887       0.67900565998099049       0.64645343185479087       0.66443345071518223     
  0.32928191670704260       0.32835570253643820       0.37265626721404244       0.44920647289392113       0.38516800259170236       0.40256743362099673       0.32684873132060144       0.37535874327363705       0.39911121362119062       0.38805624929663918     
  0.18598682621284648       0.14863243631644690       0.67097281147038568       0.76357205118435667       0.64612964733956313       0.97109549124271444       0.63236354940302253       0.69074226016480866       0.66273330298135058       0.68094689030831212     
  0.39236765025703257       0.38747547777059249       0.41402281328388368       0.37548405931922696       0.35268359929169674       0.41194983838946597       0.44601926122482466       0.38593650500231058       0.41079196406364632       0.34945479718523154     
  0.20209904643437041       0.15730375026189211       0.68765774303434879       0.77273450784803921       0.65918982092855649       0.97299439047003644       0.63988512517990159       0.70346021155378435       0.67725943795538235       0.69655587475267000     
  0.34660496910383654       0.39003379206491229       0.38203134839049657       0.43624735505209844       0.42105737255236092       0.37263199179571682       0.32710860067520220       0.31347975341653994       0.31984827850829178       0.40042676788278803     
  0.21963032862755108       0.16638025015282759       0.70333701938439463       0.78180979180720001       0.67251653312647197       0.97485855514711961       0.64742286715443198       0.71712338259588204       0.69289303065268015       0.71153945032326515     
  0.36418840631312044       0.33891696051714476       0.43077852987037951       0.40134025633387693       0.38219439766319435       0.39669010728253368       0.37708974444898974       0.42680181617003909       0.36882941268724756       0.41416081591876230     
  0.23949358478541938       0.17613632807560314       0.71858827083278043       0.79000604381693862       0.68490718472378465       0.97673362285940513       0.65470174665613146       0.73100514123760640       0.70943555111463374       0.72685049696447457     
  0.34116547488881427       0.37056398788164363       0.38535464852496659       0.37955822244274456       0.37005940547697330       0.45751094169250095       0.33233046409545863       0.36050505911148750       0.37558694939649667       0.42169833654027283     
  0.26119148987943236       0.18655600694242766       0.73366225500661653       0.79741555911215600       0.69829487610122476       0.97859305548747300       0.66265616834141472       0.74508205506276226       0.72596812928742238       0.74424189412504016     
  0.33606492090371581       0.39213335537571031       0.41257076111223284       0.35135469424776394       0.38533834166440867       0.45655594135014138       0.42865099111198818       0.34222546375152141       0.39404076857716314       0.40459697998434668     
  0.28398870463356324       0.19749986987729765       0.74882916909008013       0.80470649489456902       0.71264322402314795       0.98025598112261658       0.67122916182398651       0.75765053192490006       0.74282649663305789       0.76175081999013827     
  0.37783162388004243       0.36373606908687434       0.36328576944620716       0.32277056625684158       0.33872781782029898       0.43038542432744681       0.35576613507700933       0.38403796967309239       0.31600651321334999       0.37412343617735583     
  0.30732551230897742       0.20916280578494700       0.76459824365453388       0.81252875733508068       0.72757073037696107       0.98173349306609259       0.67985996804485049       0.77161908788755662       0.75971931213646426       0.77774435264431985     
  0.39380885040885866       0.39796672093388757       0.36419191956768060       0.41264646193237586       0.39224480948828577       0.40745825616232523       0.45773171264155016       0.37831803054122515       0.38973944738852473       0.38454056184613322     
  0.33271487026205804       0.22274035983965237       0.78025407048232986       0.82135945935956023       0.74260004386248923       0.98309088411265899       0.68883413331878907       0.79031768865542529       0.77677399384881884       0.79330757504259741     
  0.36742539912876460       0.37659892910584919       0.33473288622904535       0.34833885651722962       0.40065122420820642       0.39216225597402382       0.37848150790657509       0.38969331845562311       0.35569316315098432       0.40007499379994438     
  0.36160194399997475       0.23759983385516664       0.79618936224263803       0.83043468715626934       0.75826007809796270       0.98431537358460641       0.69815147339512906       0.80662856659942994       0.79378426752135822       0.80978685551321195     
  0.45105183649916686       0.41818941795109016       0.38654332713619144       0.41587917320226708       0.39739196227376317       0.37544656412933464       0.41649940626419674       0.40283494143133869       0.38324349269189356       0.41074271880186553     
  0.39125791339634430       0.25349619791162525       0.81121731129430286       0.83925564158842159       0.77565935391307472       0.98549221182322955       0.70772765502403079       0.82181494141101374       0.81049759878138883       0.82550336353766196     
  0.39133678549622325       0.37132485887860517       0.38147666185656148       0.42115402740296121       0.39588848738353077       0.43133552460876867       0.44328812104996845       0.39407990448605051       0.36256193020361660       0.39322217798110898     
  0.42283631800103871       0.27012519848953653       0.82593254779194702       0.84754430633463151       0.79304267152457908       0.98664964165176861       0.71772982388374251       0.83608594978982642       0.82670881787387240       0.83893777914041756     
  0.42245787494084591       0.38889801293386189       0.48062199199965561       0.38393132478198838       0.42799837089621368       0.44130066166656889       0.46012984925774308       0.35358811927156752       0.38507503692289818       0.36181136760483301     
  0.45680464958718919       0.28677856501512022       0.84084579476777777       0.85461896283220440       0.81122263294458818       0.98767281558233544       0.72787742113003162       0.84883210513710972       0.84217458673955081       0.85258525750089431     
  0.39275938251179981       0.45388076269660199       0.43671174429208998       0.35877866883764642       0.38558619159261509       0.40663116484303330       0.35798686527848544       0.39611175003523158       0.39749739884363072       0.37062641932669121     
  0.49259426869695422       0.30524215799876520       0.85476614435545528       0.86149417595998368       0.83004332166674155       0.98863899609342598       0.73927039193663269       0.86354650452223813       0.85769987829827243       0.86728977196912227     
  0.34891321833483818       0.40511234475150892       0.45508796473140894       0.41403152531769011       0.39484840900847873       0.42312016477453163       0.45801632296875439       0.35376208701407386       0.34135495226712925       0.41999864869244036     
  0.52996392952932503       0.32680938406759535       0.87164262093332356       0.86836628093117341       0.84709974099966623       0.98972093262428884       0.75111594470685106       0.87981521385480532       0.87302155903637424       0.88304252314382603     
  0.35311658875961305       0.34912413265337466       0.36632319863336538       0.38445751645540877       0.33698062873489387       0.43161176256050138       0.39550455792401412       0.39277101722045576       0.38160566025027498       0.44764527335905602     
  0.57107390564882898       0.35448721767631813       0.88593475304139080       0.87627852172555121       0.86399052053360259       0.99090417568344946       0.76351072508780460       0.89476915073374264       0.88968337741879655       0.89880231459756654     
  0.33643916679420849       0.42275110795330412       0.48021053573998435       0.32485753063234513       0.45682733778730483       0.47429176733587153       0.43445894734267698       0.41515193210887225       0.32982491284321869       0.38537941915073320     
  0.61465251684449995       0.38670436041445921       0.90033475340999758       0.88619648907497661       0.87967721356113715       0.99211639785735506       0.77563079856426886       0.90950945809521477       0.90487385272966980       0.91430229298837806     
  0.38623664638740779       0.43924585049512543       0.37690345674203873       0.43406839206806802       0.33323718509735417       0.55396281188550200       0.34157133790211863       0.33272298272028378       0.42114696187956296       0.37739342800274817     
  0.66059863080123538       0.42508735754745491       0.91713425112702340       0.89655512847278229       0.89687073043824905       0.99355899321410845       0.79045362140506414       0.92419677321401106       0.92209746565836892       0.92925733657817333     
  0.38225956334068273       0.39960687276106582       0.37886480217618806       0.51079850825183803       0.46099088313636005       0.52692583859906428       0.46851797837847525       0.37586184759007807       0.34936205207177290       0.41644033201440650     
  0.71055309792023114       0.47177859985795351       0.93309463880983556       0.90687088143232142       0.91380083679456114       0.99491919043815991       0.80692039413313543       0.93933087277393768       0.93866583558416306       0.94332143966878357     
  0.33510019381450079       0.39533190522425748       0.33890004950153979       0.42613244956858393       0.36281355352844330       0.58043436098286061       0.39845079709726355       0.38906231946545905       0.41429114119115479       0.36683183425666460     
  0.76855082891922066       0.53097961147713901       0.94938837081592486       0.92025663444708838       0.93480626406777489       0.99633023858806136       0.82791041777445218       0.95485013599172930       0.95561457966841956       0.95601627747311368     
  0.37854331598922231       0.40431814107896291       0.37921271038969984       0.38059823596151637       0.38660387759325193       0.67820206981481079       0.39062772280389774       0.41897912234297457       0.45337793329610088       0.35274934354276444     
  0.83097390333050403       0.60198084048402734       0.96628246026383824       0.93416586974641325       0.95803728006395661       0.99766161515716967       0.85150558329325121       0.96978851893212159       0.97248417725681602       0.96891646116630870     
  0.38787205733612146       0.39355983908275138       0.39163210724821967       0.38918805748793311       0.44539149964388508       0.61849765778367183       0.48082972557333353       0.37336110144040913       0.45493071531196827       0.42852330901066787     
  0.90811036705151460       0.73095278936130548       0.98266888556959497       0.95797708427770401       0.97941689077686112       0.99887332554945674       0.90707792625652450       0.98457558282517676       0.98612213209619692       0.98293736166906198     
  0.40815396258818698       0.36674966729930525       0.38500442152790437       0.65833848601285261       0.42417344284209935       0.44354282286544017       0.39338548090073383       0.48295164644753102       0.33995964100715131       0.41569578304490373     
   1.0000000000000000        1.0000000000000000        1.0000000000000000        1.0000000000000000        1.0000000000000000        1.0000000000000000        1.0000000000000000        1.0000000000000000        1.0000000000000000        1.0000000000000000     
  0.32904158028920166       0.38718414363121384       0.53255274805178876       0.55639055280585059       0.43420679875452006       0.35448222706944182       0.33216202392177602       0.47854445637659193       0.33057983463665569       0.47041520761766414     
  -16.068968576507530       -23.361047169651670       -9.1794503813256227       -13.019871938205124       -5.9040487426438544       -6.7601557758434669       -7.7382814368037742       -10.724605790949989       -7.4232378235152661       -14.197212931675516     
  -20.860278157777202       -4.4568016167798463       -6.5918326408961931       -20.635250594685054       -8.4442689730188150       -7.4384953328691701       -10.971108663996057       -13.044918023696917       -7.1610350047783795       -6.2653491181275678     
  -9.4752587982056031       -2.3302888782138127       -7.4749325033699590       -16.507158595953985       -11.718265884925739       -4.9221234961841525       -7.2101075861074984       -8.8760267676837525       -10.605374975382970       -8.9737419550027386     
  -7.0891212743692487      -0.39477090965482986       -8.1413324738434163       -9.9601362177775972       -20.765357516151862       -7.6970220492800792       -6.8826176149619913       -6.9213935407719802       -11.231456427256479       -10.306436399131307     
  -2.8750977268811084       0.46701076160312410       -20.252615927878502       -8.7920917312650548       -12.427656957151637       -8.4073023329257381       -20.396808676809005       -9.4364737048044400       -9.0738902279948768       -8.1658815812781587     
  -3.7582873089254072        5.4110707602135228       -9.3569633273486446       -6.7230718499823645       -11.897334709986735       -11.090809613199999       -12.370676238276536       -20.064662267625724       -7.7752119807031503       -20.479499857571831     
  0.70678221921532158        4.7348945710541326       -18.895023660874351       -18.212445444651880       -8.7297459134796913       -9.5829360103287158       -9.1626858570790528       -10.722626063478190       -20.193737442936722       -8.2445089296867557     
   7.1813061789785317       -1.5828886893101239       -8.7173431518685529       -5.2420765086364094       -8.8790521632720250       -18.957861568130522       -8.6942541709479091       -10.380962369957530       -13.640771960826836       -13.369895456487855     
   2.1220959251114974E-006
           1           1           1           1           1           1           1           1           1           1
   4.5226715922414537E-006   2.3055426333088402E-006  -1.6855365724407671E-008  -13.808566838253380        1.3361504307585783E-007   1.3879922006533136E-010
   7.0551565752526761E-008   5.2732966306124803E-008   2.2424188390130071E-008   1.0115413986018340        2.2417903600418856E-008   1.7066487279915005E-011
   5.0000000000000001E-003  -11.395949652132078     
