   0.0000000000000000        0.0000000000000000        0.0000000000000000        0.0000000000000000        0.0000000000000000        0.0000000000000000        0.0000000000000000        0.0000000000000000        0.0000000000000000        0.0000000000000000     
   3.4389767706511885E-002   2.2848711635933775E-003   9.1107769543704559E-002   1.6425636909577362E-002   1.3621218719710827E-002  0.11517557471809878       0.17425457653283785       0.11355846122237082        4.5600572753867703E-002   8.9437428358622954E-003
  0.50333027179720857       0.76213968321414061       0.43946732132224642       0.56211286875928490       0.54892890161341890       0.29879465494784507       0.38405732520270469       0.52787464015308638       0.80117905260784084        1.0528571649060632     
   6.1326073523093841E-002   4.7489040694104478E-003  0.16182271407399029        3.2527789429702379E-002   2.8353910007837324E-002  0.16487977075857990       0.24254509031460356       0.18424838212006928        7.8856015044282995E-002   1.9108624794684399E-002
  0.50324438479923284        1.1607271458708726       0.75786826101755345       0.46198334790241519       0.63008716310432056        1.5599417613363784       0.77399977231115147       0.67962312995228713       0.69709155199713713       0.64036039085506435     
   8.1893968854431370E-002   7.4433918337783369E-003  0.20878670969464921        4.8509015428810510E-002   4.6099133800324044E-002  0.19063756610044230       0.26918968754457678       0.22458204400024989       0.10461268697823933        3.2820522133850435E-002
  0.50755421627325270        2.1459708706414098       0.54857891045612106       0.54864490078425132       0.43918482981398160        1.6991281696476446       0.38571949644937131       0.61644332340629171       0.84358371841593904       0.73831834554369524     
  0.10180086610031445        1.0330035380187738E-002  0.24640883222459398        6.4749848234034221E-002   6.3599767794459930E-002  0.21305736825671084       0.29197977537529424       0.25656964695674039       0.12748323318450913        4.9461502959507256E-002
  0.45739106044608868        1.9566439726191860       0.57391106628016131       0.53222691636496411       0.72100281537204081        1.2677631923139254       0.50883087420369333       0.56668220220719323       0.98409013598860628       0.58131735775091586     
  0.12261660838527011        1.2854530853247175E-002  0.28405317558914872        8.0961590308681733E-002   8.1843807861277401E-002  0.23652230967892943       0.30859713498237473       0.28133987901714747       0.14891836520044296        6.6595410725044893E-002
  0.60734592073275462        1.4800401635120863       0.66795635997402536       0.61176904556414757       0.60660269775938591        1.3971286724185648       0.43508323232904600       0.46724553594157381        1.0916663998899905       0.71356427223697239     
  0.14316651383412585        1.5192237388913583E-002  0.31624075330551116        9.7487150964950295E-002   9.9208213916298138E-002  0.26221029290092895       0.32068036789370763       0.30279479027003181       0.16800024018081011        8.2931732109607706E-002
  0.75314436877871149        1.2540065444100157       0.49805082985316923       0.66569640580658085       0.58268729048941537        1.0048647855442687       0.43501922002306243       0.50378709350015949       0.61384905472468798       0.53958059870713770     
  0.16280661446587841        1.7708408368307945E-002  0.34089277786436262       0.11381446684409606       0.11693707718421588       0.28604184843467961       0.33284720615131141       0.31986955564228209       0.18628542927925648        9.8894516956452155E-002
  0.58206566288746719       0.95811338598618068       0.61031809652449509       0.57993606902725892       0.64034935949242500       0.67716014459440499       0.48720743436648645       0.40407065465298764       0.82841151881824771       0.61949815284594645     
  0.18179817488682734        2.0121334300778709E-002  0.36110692742782180       0.12659301071051032       0.13410230197690584       0.30378953035335587       0.34858879935501619       0.33767278185291988       0.20411600024714935       0.11517439871954881     
  0.48638260110569759       0.86408924725249614       0.60939518902441558       0.57949276309937248       0.80261145977440618       0.68481347539225546       0.53019777340894370       0.42229575626832017       0.71366366492422584       0.49496076175560161     
  0.20018532258915156        2.3086734659368387E-002  0.38038211895741131       0.13975045333268379       0.15139934629415586       0.31816706848057447       0.36271403498069243       0.35398894075943416       0.22083385329731467       0.13234185360404457     
  0.45322201185581318        1.2483384697594839       0.60884395641070099       0.61894436763246918       0.61938353733741880       0.80794522941772273       0.43436632086236221       0.43227873371635939       0.84306841044633929       0.68941244259169998     
  0.21912287014840415        2.5304060423244269E-002  0.39899146329956259       0.15234353166310002       0.16869676023207286       0.33425377158853248       0.37380780013247650       0.37013896057892681       0.23876709357667547       0.14960900986789255     
  0.86401049298457111       0.74739304496749093       0.63111265697042018       0.52998946392294000       0.53638918587236395       0.51599451521812556       0.45614027622857689       0.35348967500247264       0.77337629016882858       0.52720663210487362     
  0.23699057504936841        3.1043198074241302E-002  0.41664144462204594       0.16526563332563396       0.18639560494415053       0.34741961433092611       0.38245155744377074       0.38559383047216650       0.25698283459475607       0.16567795094553900     
  0.55303208095111167        1.1775371390819112       0.44433327694984370       0.44628449233228823       0.55359932989033545       0.63777762365877311       0.59265471547721060       0.32900871760690931       0.83963790772737590       0.39979972769973854     
  0.25293301765196913        3.6457788115108268E-002  0.43220125816678057       0.18052835228558581       0.20311817757578804       0.35785744015131704       0.39092463134150279       0.40262555087895913       0.27542363251169483       0.18131564474527201     
  0.43218964806543420       0.78368125687450718       0.44974644485895637       0.54544257343054825       0.76560781939690559       0.49017298875291598       0.47570765534408571       0.48853759868807711       0.78336667677848382       0.54882875200263981     
  0.26828345412130339        4.1978805696085635E-002  0.44786931138852099       0.19549496937296329       0.21780922501885991       0.36778269269842145       0.39924073335545152       0.41997483471063796       0.29333228597857569       0.19742027875715146     
  0.55287068383263183       0.82827338081803703       0.57367032015315833       0.77159752239613033       0.44253884877027061       0.45574535899656266       0.47780215692965999       0.49236211098485505       0.84032175654130048       0.53214178851748184     
  0.28442805961779821        4.9919016838407507E-002  0.46137811362395881       0.20877216569287674       0.23237430318906133       0.37842217592225047       0.40986791479156565       0.43736195164666658       0.31075812442956569       0.21403001008653855     
  0.51035801470120157        1.0559874323009202       0.51787467295354150       0.50677659297547650       0.48051983210519128       0.49323077259602632       0.43767643675327034       0.41406832496102647       0.91298216297811696       0.51757261954758715     
  0.30185265233135522        5.6951510485009404E-002  0.47351148390024833       0.22210100521670098       0.24655399841213063       0.39022572662567312       0.42022455255865820       0.45439507264084711       0.32461144866289787       0.23088859971973272     
  0.58458988720104510       0.68877937820252544       0.48650279323285223       0.36838635919879376       0.47795620862146548       0.63928085721268091       0.56158207228863055       0.57525082241923364       0.74589334686612974       0.58074898344631876     
  0.32025080587343718        6.5574568708168524E-002  0.48593480850714921       0.23678274471493685       0.26225782068935366       0.40242862740458951       0.42985363629028023       0.47146477562870814       0.33456022612761405       0.24707379170233670     
  0.61265109043242905       0.96118493644480008       0.52920139412742973       0.59538947707786505       0.67155953249151523       0.48929294820736624       0.54191078608055021       0.40978003260498730       0.52517131116500126       0.43908059465208532     
  0.33836663025021890        7.4962253601225659E-002  0.49878126343946699       0.25083338433405034       0.27923900283676567       0.41481245054677773       0.43900401090780444       0.48820935006112082       0.34339652241445073       0.26292310772429867     
  0.68826197960366009       0.54636830570765804       0.43773557692919862       0.61366305913604435       0.64893590854151573       0.50315716067936267       0.45507708032631083       0.47416505752778965       0.48543348447914808       0.42659523259309273     
  0.35648938691533849        8.6156121780295566E-002  0.51251316619549681       0.26265010912936004       0.29685563237694235       0.42745183608793275       0.44859594551149051       0.50431249446934856       0.35245767253847854       0.27946465065716514     
  0.61483558233431701       0.58661156764401579       0.44202133117848358       0.41602118600521365       0.65936284690128222       0.49595213138843935       0.47020329304189662       0.49875184839780345       0.46143860862180980       0.51585176388873510     
  0.37377142883774017        9.8392435128283759E-002  0.52666244043582333       0.27429928504872952       0.31442347534911441       0.44019196818808132       0.45780358364601847       0.52013887559482119       0.36591549567566073       0.29666526182283293     
  0.51341244447017886       0.60553892943482768       0.65036940891507078       0.52525757047443700       0.61763239210686682       0.54449204699351472       0.61978217021193960       0.47391594358228717       0.50580554229233388       0.57542705302074915     
  0.39143159295757213       0.11222638388408115       0.54039597377611459       0.28758559834786129       0.33152575865376399       0.45256243810338431       0.46644657257754130       0.53529424359582212       0.37997198800567022       0.31425070149210227     
  0.50279954784245384       0.54301024094039196       0.49984407042512363       0.57630123195165950       0.60012973286487070       0.54938786611654100       0.53627114300042522       0.57655221547901947       0.60869346971531058       0.62281727805406994     
  0.40872121871325251       0.12752955495952886       0.55342687368956289       0.30449350633173733       0.34721812834286997       0.46462279541527463       0.47473700667667940       0.55025607132140164       0.39394324861354652       0.33166936735987962     
  0.56016209019941732       0.62653536411877153       0.68595722334526177       0.63284356704769862       0.60315402148009467       0.47758284819990265       0.52190883826295054       0.48583933734959828       0.58128002680967961       0.37747288912752375     
  0.42661168149783191       0.14339882547203128       0.56619760883820902       0.32149645181996744       0.36241301369362944       0.47665033036639948       0.48320872878478416       0.56429562572998193       0.40628216900451769       0.34832101292972151     
  0.71316458329523824       0.67649238287803570       0.62330110477389089       0.55088106547463189       0.54598537767249988       0.59463494462115618       0.49633694586635896       0.49041674406194963       0.47374907568715663       0.53903306010653151     
  0.44172658222071248       0.15840754873108659       0.57792499461352453       0.33725032207564465       0.37754123168247677       0.48896410607349422       0.49138116515801283       0.57777780166010584       0.41979988316064898       0.36439987001136687     
  0.60197550258888044       0.48588909590249363       0.57146395784622828       0.51696185916766757       0.48491098139089467       0.51979160618617615       0.62440637872694327       0.51113816912146393       0.56313900523057536       0.52486110040899736     
  0.45515243778175490       0.17216805334010821       0.58847040276616802       0.35378433002011883       0.39393113840363481       0.50118982933628653       0.49958678355767783       0.59073017603415034       0.43371914880107143       0.38011858450520508     
  0.50459344423957331       0.42786338236884897       0.52767840664906962       0.58819842282307999       0.65332600822443954       0.58093459886709753       0.49313383209642919       0.49578053973042302       0.57652716838307760       0.52503399903508674     
  0.46787624404209871       0.18644981345064313       0.59872158976994916       0.36988320820604159       0.41108906847142573       0.51252868675750118       0.50779565476903410       0.60412882344600149       0.44887091623529984       0.39626206151137866     
  0.52754513750863929       0.50674555084131701       0.72413601948549389       0.48323345755458758       0.64383690708149233       0.67094912963270636       0.54114082665143981       0.60952526939688390       0.59220102616929071       0.59871430758134891     
  0.48014620988085516       0.20125464828527767       0.60921151639981741       0.38623789867368657       0.42760079462850997       0.52367089182014959       0.51555154401232839       0.61694374511046168       0.46241588269621620       0.41271101455226150     
  0.50636161752211450       0.44918058744630923       0.73066748065627452       0.52005530299165426       0.48057625958979799       0.53482943927292281       0.49130847615349432       0.57220454895228023       0.41544058896994435       0.52976716941071966     
  0.49437407371069819       0.21830250175051438       0.61995038614148723       0.40261105409519210       0.44299058736871405       0.53500205247627597       0.52321092455690332       0.62972579866109790       0.47648388716270157       0.42921399486344691     
  0.54316176305938879       0.45745949615091019       0.60831396094650758       0.48843797580381909       0.60765745277309036       0.46109869628275446       0.50177702782098788       0.67980925605946563       0.56020161046536943       0.39800368167770039     
  0.51238013619477485       0.23650210167310787       0.63056661447340923       0.42014199047771039       0.45788362802721477       0.54640447528468916       0.53102599612112578       0.64224547624340012       0.49178093796721067       0.44471455532511084     
  0.69440127700855081       0.49134434219164547       0.59252036149771636       0.57756490744249467       0.43472908009457245       0.47565402351562902       0.57724450580176967       0.59942663320052503       0.67401319485283162       0.56245216683388688     
  0.52997557643678794       0.25515712698859228       0.64150012456998395       0.43819066187573275       0.47339019195764898       0.55733437372187433       0.53884902577104121       0.65511681015054890       0.50806819476652831       0.45948184037576179     
  0.50881967327957101       0.45675115371552955       0.45090552727831495       0.44802525071168658       0.57079001081252367       0.40177689777681486       0.51999755601638420       0.62064103500748480       0.70940060659718751       0.48993748050218278     
  0.54696936641202265       0.27309642319395316       0.65254690540590543       0.45523127173920858       0.48965603942072466       0.56790101176680907       0.54675586975392465       0.66752299284934191       0.52465209667213963       0.47525938332792100     
  0.55548704285341066       0.52332847717601561       0.63442545784405913       0.58484504278730509       0.54870128527307227       0.58354031109967508       0.55175182286865565       0.52155457502132552       0.52428991140486081       0.52107984931843465     
  0.56240955071362386       0.29021191322062845       0.66325093295445070       0.47134305017282169       0.50678847026301732       0.57849722120339686       0.55475423290400505       0.67807770633908759       0.54071515028868300       0.49115985471285900     
  0.52695647346418228       0.36493380108862344       0.81035248275058769       0.59538926143338822       0.43855629477344515       0.50868765024844464       0.75560234257697789       0.59897853364212306       0.61465741314414868       0.52620629499581184     
  0.57817673702997419       0.30718571918082577       0.67389714564226555       0.48755750149406751       0.52429767163399887       0.58824319623159738       0.56313071939927251       0.68802226949263967       0.55620160657038042       0.50814473933029447     
  0.60623705877570333       0.37541697784622985       0.54461235446515166       0.75037412956620386       0.50413896832714744       0.59986557297543663       0.45627370484746399       0.53392757885494313       0.76721975300013889       0.48182852921906538     
  0.59347259064872360       0.32453600557965545       0.68451592114471349       0.50374441837004169       0.54174806964832678       0.59791839250565870       0.57160358866485050       0.69815915148354035       0.57170029298395209       0.52567307769100369     
  0.41226120080718920       0.36467927830851604       0.59355197142449556       0.58545387575033059       0.57640723368006752       0.55263947050270334       0.53450580107562973       0.45790998636594110       0.56656014310868852       0.53778243673494730     
  0.60923855916050240       0.34260906996218887       0.69494366399538465       0.51791495333664073       0.55860976488452685       0.60707069377281175       0.57983013442467957       0.70891703660565553       0.58717339515559519       0.54290844856633258     
  0.47502595095813566       0.41189183395678930       0.51772714595202052       0.47550445406537861       0.48377781339186832       0.51014533481390067       0.66791330113322900       0.80778834827035895       0.42870176661009979       0.65616819539311999     
  0.62520201841709822       0.36118479347397919       0.70515851057741386       0.53256847683924113       0.57251681795649856       0.61799417757309449       0.58750197131775550       0.71788080352529804       0.60186520189797388       0.55935216661006204     
  0.48370474854487822       0.42681360297617432       0.61722922147157111       0.63155740009852002       0.48406812834584706       0.56764206944923923       0.58462448175589787       0.58837719523459553       0.57773199470687553       0.45829953975425469     
  0.64203768742096212       0.38018882438523077       0.71493828870497744       0.54703288397732652       0.58438534697547562       0.62984310406026234       0.59484701416172847       0.72498281188620994       0.61577722896712883       0.57482198416142338     
  0.65562160931008739       0.40449775051478298       0.57414862823113511       0.51564224058833941       0.42987343454510801       0.54887252030426403       0.57819291934659534       0.44023133675117848       0.39569303911726778       0.48396270771144412     
  0.65940411042810154       0.39916000213728275       0.72425312884284188       0.56215667176038453       0.59602991587231680       0.64164005758037079       0.60192733298372580       0.73256859386708617       0.62948746020280733       0.58796691968624426     
  0.55059605221101326       0.45324912322626021       0.54766477801106073       0.45151753994251959       0.59071040666842711       0.46090718108226492       0.42925837559064522       0.38638526266356316       0.37590697334530593       0.44873424585810018     
  0.67601302648623784       0.41747889524868825       0.73348283316983609       0.57800944196050508       0.60772426425324499       0.65251669761510511       0.60926058654752224       0.74088685434257628       0.64402039966168712       0.60029705194702832     
  0.55647395288250490       0.43233378815117190       0.53121846854521615       0.53521924008119970       0.41459242972676524       0.46718562250563617       0.52147216708301369       0.47587770290994980       0.61471921391864570       0.55641331921598158     
  0.69121806542279152       0.43502887196241291       0.74232537587872094       0.59352911832025024       0.62151810561225207       0.66313828816843667       0.61705919531290332       0.75097550755865494       0.65927307358473031       0.61280700249617515     
  0.56728559779173870       0.38114473467027526       0.49959917450146268       0.62343412158913925       0.49056477093181383       0.56657168684660497       0.58238478939157745       0.52853792396269217       0.44484586264907588       0.46172889881351842     
  0.70616107589527277       0.45204829064020985       0.75098462977805847       0.60950602711083524       0.63284272359042537       0.67388788035369163       0.62526938125205400       0.76113675079679732       0.67430165557657062       0.62569747240301743     
  0.48318781372183917       0.40822584481776170       0.56117130063892051       0.44305990610239937       0.39573101821774198       0.33203916503730768       0.71613189783799924       0.75692694314973719       0.43382687168886830       0.46233595424636648     
  0.72118723881039104       0.46971040385133100       0.75981549883057131       0.62564958622093714       0.64491057994510181       0.68531750799324642       0.63355081885449138       0.76955189809257041       0.68911512888977777       0.63875989338721162     
  0.72749326340672116       0.39002415504895366       0.58810009915337336       0.51147314548090417       0.46536292947005020       0.61149156111759573       0.69686884228555390       0.65918016349357245       0.47965158695064009       0.40015374771789214     
  0.73694192450563367       0.48812991904714681       0.76867910777037518       0.64203415677753140       0.65830577520707745       0.69676384022854065       0.64142444872144344       0.77682012977506021       0.70391834619162208       0.65165051587843259     
  0.61654995566410919       0.44375592326764957       0.56845357412152497       0.60429722400763286       0.46754921478193501       0.56813607318029180       0.62172036771299477       0.51504840268879404       0.47943728437463140       0.56605507529724330     
  0.75320914770031178       0.50686882599955607       0.77732891045816421       0.65887512931602477       0.67386975783958825       0.70687521425785094       0.64901185228048575       0.78497124376093008       0.71940505477729610       0.66834875318090514     
  0.45933705606356612       0.33128486417876857       0.40873510519033646       0.62381610447839164       0.45178506859056833       0.49573721806474302       0.58195825609136875       0.38804956146009256       0.50942022993628677       0.51158479218186581     
  0.76869291517060478       0.52543882162131528       0.78516064797737395       0.67621117418017407       0.69022154885632980       0.71654641729832980       0.65640739983609631       0.79467577412141521       0.73545841897518038       0.68559481253712018     
  0.56189844376985509       0.41249171382249311       0.47707407497068627       0.72515503453641006       0.56081273889625871       0.53123762780105388       0.51709724184511741       0.55052722741696369       0.44239472716379097       0.40778147881628268     
  0.78387126174374622       0.54368865332513905       0.79192734179635915       0.69374631691790845       0.70636225189781632       0.72629262948775819       0.66367876096694767       0.80566638057666462       0.75134805856049958       0.70167493121586000     
  0.59175938942801587       0.38135027738875288       0.44114411256167579       0.56832986293226917       0.62044520087651445       0.43816948908061454       0.41997501172667795       0.74176545666081883       0.43740060008121023       0.52620250777387012     
  0.79878135967823083       0.56186641419975092       0.79887481873187960       0.71099864522673906       0.72299257826997665       0.73696197112984430       0.67096425705152030       0.81700246211413552       0.76662925688426597       0.71762987235902187     
  0.66610243527001789       0.40973512866206990       0.39118416623921631       0.54040670311758043       0.53679442324885795       0.37956570840263582       0.57211112043833900       0.67160812025340744       0.54785288489891293       0.59377318770441889     
  0.81355670619454512       0.57978458495772911       0.80738308229581113       0.72685487979211094       0.73990933113017687       0.74864031183920077       0.67868214251565218       0.82804982661670035       0.78086191592352505       0.73433799775556041     
  0.47696059400703272       0.34585284519754728       0.43398390575867429       0.50443530412491000       0.56905765797127827       0.54871856640320638       0.53201161188254598       0.59109377527090767       0.34234377290578399       0.49984367637006949     
  0.82727347454643085       0.59734624429173266       0.81607247347450196       0.74206802122478044       0.75602120924209648       0.76055941375487712       0.68724887281345570       0.83812967867827448       0.79485713454516327       0.75132637627238330     
  0.43970249087503910       0.42433915518805876       0.46133068425694346       0.59065988306756678       0.56955530584245129       0.51105789105026167       0.58383238899130085       0.71334103624654610       0.40963468611589732       0.58055133228403955     
  0.84116669515692011       0.61490547249914118       0.82442360212589860       0.75755360214963285       0.77059267459424785       0.77230884285814061       0.69599683274762680       0.84711515016345029       0.80867305958014557       0.76763249762322128     
  0.57114185376937132       0.43432966571225684       0.60178249559371189       0.59199758162185145       0.42356675255807241       0.49652937842071726       0.55310108479829556       0.48765018813233540       0.32292444582031882       0.52689487034082283     
  0.85782056343344504       0.63290097202816531       0.83309256924156339       0.77375786849475769       0.78453247024744843       0.78491477929156561       0.70426124137572166       0.85578623579486324       0.82415770219053375       0.78296740809091603     
  0.49725813156284804       0.42804973389891865       0.59026271498092553       0.46530382261767017       0.54756491595656265       0.44110183311710882       0.69510394148112742       0.49061817554639320       0.49976661926720284       0.50472165761337351     
  0.87018754201094728       0.65134236348405816       0.84202304182958820       0.78997782521109028       0.79811077816439324       0.79730180209536272       0.71222285408763852       0.86446521137026944       0.83975105268462547       0.79800924288429098     
  0.47855107388557233       0.42076363719817683       0.55127833281572713       0.56907385922285225       0.42742932599135541       0.38831760782377955       0.55158737002022418       0.55672745653640343       0.37053602807954911       0.54873394864044533     
  0.87961107472534616       0.67011747136543487       0.85089589786125741       0.80586232466738372       0.81216695395823990       0.80986179622874399       0.72036718863602567       0.87373180663036498       0.85478839636021320       0.81360695912510050     
  0.47593171897470804       0.40859912646495417       0.50457522576647851       0.50206847382200348       0.46849163361046470       0.44153189248400532       0.49243901221591208       0.55455600071052347       0.38671412381576648       0.51745206954508116     
  0.88856789826479987       0.68884976100225326       0.85987926511138046       0.82216061383137551       0.82649190686936547       0.82308963795261703       0.72937541517089455       0.88347851405736499       0.87019086879339447       0.83015296912153114     
  0.45891156771489555       0.42018468053917285       0.50330403858730455       0.46953450441226741       0.64405273071304348       0.39871390714954436       0.76599853283851871       0.67340083174383758       0.43327674327816451       0.58564297673842436     
  0.89943839158437888       0.70872927395497920       0.86926153553025098       0.83830057961031379       0.84125664035804648       0.83714149019208794       0.73929984173444963       0.89315579887772700       0.88561614569657032       0.84726894825315113     
  0.43060442407880373       0.41440006548776470       0.59747526055556532       0.57295896840617322       0.57730049706325248       0.51111656196308242       0.59311456952249975       0.62827082719003768       0.47383273448050001       0.60515296965919629     
  0.91219121263649672       0.72964511227423212       0.87862781572877435       0.85413357823242653       0.85644019325130549       0.85102408563774923       0.74913874438526051       0.90274947521984228       0.90080345248682769       0.86323020725452482     
  0.55445959919953536       0.39639383518759047       0.52647247972534450       0.52107693807856281       0.62945630414784337       0.40571869397102323       0.63112013641551834       0.53722207878750616       0.32630093922288533       0.52304677218068973     
  0.92555857655061091       0.75077175696584264       0.88824296115009616       0.87018608319480661       0.87197819758893225       0.86409171190703182       0.75865307641192192       0.91228169847779794       0.91578592158515748       0.87763833983655970     
  0.52557623928234443       0.41648026045092967       0.45834596939547273       0.69397617269368228       0.55959585486821728       0.52330832615001777       0.52078612434040228       0.74600474847753317       0.35066343613044693       0.55325088311518122     
  0.93863945406845284       0.77213308639066291       0.89849338292226810       0.88659693389963878       0.88769572301101873       0.87743798610911838       0.76912662831546763       0.92180501582863072       0.93033661592672978       0.89302035675622904     
  0.69012317002416201       0.41593411097155336       0.49758131843553149       0.58354273139159940       0.50562565704202833       0.43455582229077816       0.57341011061461389       0.71308743008009290       0.34669144851793299       0.49890624313818821     
  0.95043518000815197       0.79518271524382622       0.90846250724170541       0.90408399656551708       0.90344214115271038       0.89145364654338322       0.77977546575538226       0.93139731971210282       0.94378770871781836       0.90888513392777759     
  0.50322949493079383       0.41058796495248379       0.47106739782728724       0.44651356698134598       0.59868016593586504       0.38265918369684704       0.71182304739010416       0.65699629501058332       0.33251107758165199       0.51473439511238150     
  0.96124739021046113       0.81927188179293398       0.91955516275715410       0.92114838464140258       0.91951821472544171       0.90619565161755000       0.79268791868454735       0.94092998216260026       0.95731444398521726       0.92602783371213016     
  0.69693096124042608       0.43194593576296336       0.44460549944804656       0.60997703427691385       0.53843886663414997       0.59860596629338236       0.60730469466447412       0.61319773613889117       0.37554195131370616       0.66200147539089471     
  0.97096105855485249       0.84385193120656299       0.93064590132579605       0.93819323735069948       0.93581356546275973       0.92057359562699603       0.80737315199106952       0.95043106498155205       0.97058914843118038       0.94250608923987900     
  0.54351939254497772       0.36375404868400318       0.51996610582911817       0.41084719815099324       0.60422304857242970       0.58167079422297574       0.72562781999771409       0.65737714361370714       0.35203974942027016       0.52612046839305338     
  0.97970729952589319       0.87010533082827002       0.94473602658487832       0.95508682038865245       0.95174023190135304       0.93496019220348825       0.82539639765349293       0.96067668728494782       0.98246397960149179       0.95876098993524317     
  0.53062596605062751       0.37962629944082754       0.47941470573872302       0.50629226487265544       0.57088947248587296       0.48221534120575638       0.86941662462328972       0.58594306057791179       0.37722879324124819       0.60707851041251026     
  0.98739191152848305       0.89861243978493877       0.96040453655735136       0.97155577071054056       0.96832271112849888       0.95114995828666837       0.84744038130321175       0.97218207108847920       0.99045468253134128       0.97370557771642419     
  0.54828994111754581       0.43557550184959426       0.71232981331361178       0.56947520113863415       0.53286411214471219       0.48433910531066215       0.42934075433872204       0.54980800390292239       0.31544022325300980       0.62154682255403937     
  0.99414565602589366       0.94294777999222723       0.98000382734066516       0.98586495872566704       0.98471057704903320       0.97276178858855378       0.89545432280400428       0.98495866569731694       0.99557751305162323       0.98744378186591619     
  0.51902350172868361       0.48493584940411522       0.81241550991471301       0.65598940127466443       0.54385097738980182       0.52106663991794600       0.76531057992082496       0.83322484401930219       0.32024018192078885       0.52350989622469679     
   1.0000000000000000        1.0000000000000000        1.0000000000000000        1.0000000000000000        1.0000000000000000        1.0000000000000000        1.0000000000000000        1.0000000000000000        1.0000000000000000        1.0000000000000000     
  0.49904817578777949       0.42653372463807099       0.49897261302622242       0.45249229388145634       0.54946646456780734       0.42657737845189808       0.41594429845961428       0.68849288842641254        4.9476117254021528        1.6834440117758538     
  -4.6026324814743464        26.964635656835480       -7.9135986575879311       -1.5773448960706429       -3.6826152703130233        0.0000000000000000       0.14025443868931384       -4.0679309473723491      -0.43385736521200874       -6.2119639985264357     
  -4.4748676290565177        6.6188716387478230       -3.7920628818466935      -0.51185737293928701       -1.9325715943850461      -0.44567421855704709       -2.9142225840977316       -1.9249501042889636       -1.8807436379862987       0.94368858006136258     
  -2.9576407693801405       -5.3039921452567758E-002  -3.3956404602280412       -3.6784503378319533       -4.3036696551533415       -1.2386242137625929       -4.0484120194148545       0.53772235776069466       -3.7363896518030231       -1.5213747332652663     
  -1.1555704226184920       -4.3169270018896908       -3.3446601258938404       -5.4956007570714727       -5.2962243088919747       -3.1875816206157577      -0.92307286585309589       -2.6799449863039775       -1.1860405819995803       -2.1464393042140579     
  -1.6407560347404233       -8.0561313326635631       -1.9321355270073464       -1.5348108532665943       -1.0836958527667571       -2.3961021750838736       -1.0271666806013238       -4.7483226039646036       -1.4955106461391994       -2.5375407254001012     
  -4.6232579432588388       -11.874516177395575      -0.83744072586566565       -2.8532343422728803       -1.1625758564872561       -2.2666247323500852       -3.6304184964152193       -2.5942861841337228       -3.4347633158566921       -3.5747923225504858     
  -3.0361691685486907       -15.993250381615276      -0.57188479584319096       -3.3892673564198055       -3.2094656580662959       -3.8292137402527260       -3.7286622025846392       -1.6966312499017084       -3.2815058750327704       -4.5275179845659990     
  -8.1831025939585481E-002  -21.377399893124696       -4.7793448376421184       -2.0598024533986194      -0.64277420623205594       -3.7636409573799581       0.17919141335659250       -2.9192831148547649       -3.5989019215050106       -2.7462656936142791     
   8.3234234497558097E-006
           1           1           1           1           1           1           1           1           1           1
   3.0827561702362536E-006   2.4308238389169906E-006   3.8382686216743652E-009  -3.0342992367045771        9.1872933076552601E-008   1.0254841464894379E-010
   4.5359747776864102E-008   4.9388844604278026E-008   1.5279450115390355E-009   6.1901249056925414E-002   1.5275228095894988E-009   1.3141131873162502E-012
   5.0000000000000001E-003  -1.6103833261259777     
