   0.0000000000000000        0.0000000000000000        0.0000000000000000        0.0000000000000000        0.0000000000000000        0.0000000000000000        0.0000000000000000        0.0000000000000000        0.0000000000000000        0.0000000000000000     
   2.6330491765047731E-002   7.1583307216723012E-004   1.8741336446886914E-002   1.6418141836200800E-002   1.5462852800482586E-002  0.34764086462891480        6.6317449564641362E-002   8.9251548858515814E-002   1.5190543237971352E-002   1.4323823467293417E-002
  0.52063038356592406        2.6578783151585474       0.56538908431081136       0.57051729918754157       0.51816897073814472       0.84713057707631501       0.45258827364974386       0.58321284517881555       0.90762059529179873        1.0625373154017730     
   5.0514330760925534E-002   1.4434639191980047E-003   3.7254891342362706E-002   3.2933348471843517E-002   3.0827230799649732E-002  0.50370863829114965       0.10310141426448301       0.14677525683889334        3.1316912494162207E-002   2.7965998884505877E-002
  0.84715075449199118        1.5726707051298283       0.55540297417641227       0.61620607985275455       0.61526274929898961        1.4679243214955504       0.60281564630092210       0.64851636849049277        1.0997944021947192       0.72164111791402930     
   6.7949077465506311E-002   2.1854115122448554E-003   5.3089026254725231E-002   4.8561948559728479E-002   4.6481317785547926E-002  0.55066821599464433       0.12101398368434932       0.18211477902139395        4.5075770372202582E-002   4.2234352367238590E-002
  0.74914626035333154        1.1364012797048504       0.55967713184949452       0.55702230632907879       0.59339895342582738       0.88338968862211908       0.54997565494033662       0.63117369641568033       0.97598219298112598       0.79053022672170647     
   8.6122725239891340E-002   2.9547885983417419E-003   6.9015684306618280E-002   6.4423097546913680E-002   6.2222641783164376E-002  0.59157877431192796       0.13581442147248834       0.20518580618824009        5.7964208871102423E-002   5.7140151327992078E-002
  0.68713133470782572       0.92654541786181555       0.63556620205295689       0.68522328979076996       0.56399135195226946       0.78473709737239983       0.47773487134090731       0.73044851821763679       0.76030174849510923       0.59545265751553178     
  0.10266729819131182        3.8079518342040799E-003   8.4803571894806903E-002   8.0929322754214911E-002   7.7343506111711854E-002  0.62534707941871814       0.14854334648499776       0.22369344669522229        7.1712715405440011E-002   7.2284580055022571E-002
  0.70259807281844111       0.86192303206566157       0.77180807066913304       0.60413098447889524       0.56536661876158945       0.71544284642573952       0.47216985371118625       0.60093297520071065       0.74886127845705297       0.53230040781290411     
  0.11946466291866434        4.7279515142135365E-003  0.10103112529950641        9.6863832989991627E-002   9.2369630574324596E-002  0.65599574570295471       0.15987620262536373       0.23817704574245677        8.5940978828953074E-002   8.6833709846431351E-002
  0.58141596084561264       0.77316161909952608       0.65715848415481382       0.60625693534401337       0.55506182967318929       0.68919649069278821       0.49528764595074121       0.64011289115475711       0.91568512871289209       0.62114861157391832     
  0.13687067362195324        5.7032701228997406E-003  0.11725383179568157       0.11156535679349283       0.10825425032615502       0.68199776512684063       0.17048331077486534       0.25159037326635342       0.10064599522891915       0.10353460404793569     
  0.63073553397475668       0.72493399690037830       0.65100213771942561       0.67591124494424970       0.72800763656421663       0.66612406077834707       0.73441716997153050       0.64101079547861717       0.80085308726362403       0.63598594779677298     
  0.15421748630683010        6.7221036506041384E-003  0.13295264705509410       0.12631597446625414       0.12385116390970502       0.70445900178976084       0.18076508851527817       0.26352806281675767       0.11579080129503472       0.11988740804368915     
  0.60580795491704786       0.70154624323713632       0.62353250596795262       0.66999336696375766       0.63929890459235117       0.78271624491565783       0.50399131011674103       0.62723110601910326       0.85404254156333848       0.59182744377429608     
  0.17144754819007363        7.7987218282859995E-003  0.14793653259658568       0.14052633659348851       0.14016968203218369       0.72387111476329469       0.19075688044250191       0.27494439427073208       0.13087363391808915       0.13667933893012599     
  0.64359347944714751       0.62497339396777807       0.62922746526305617       0.68139950933783389       0.60001636610694864       0.61240696668737604       0.52446298301839245       0.68283375499522914       0.72490421125057913       0.54173871745653712     
  0.18809561657246374        8.8781807563977338E-003  0.16353130036599708       0.15425621362191541       0.15650797333423139       0.74085297945634732       0.20044377002168190       0.28561966231665642       0.14686710602906575       0.15382161012392090     
  0.59060547105583749       0.62634831344820807       0.55962612994338090       0.50414765303807785       0.60351545708775511       0.67317063116675058       0.53299343854028780       0.66768505439138504       0.72364291767137201       0.62210425852313500     
  0.20468012586743600        1.0241388295561630E-002  0.17987606311803495       0.16742045156596305       0.17132680866184738       0.75640001501669996       0.20963824063668607       0.29624291641186989       0.16239889403906810       0.17061911824278464     
  0.66785483796827372       0.69890699538369649       0.67751688548099231       0.51492706089009588       0.45267608364407214       0.55417480313735590       0.58300915924051588       0.62109001079704307       0.66620420294157456       0.57137701228744353     
  0.22122485485822599        1.1672297819223229E-002  0.19679775502286334       0.18216378884168552       0.18612460818790627       0.77086445266257064       0.21807750058220196       0.30654732762680703       0.17704701258348687       0.18895355636112779     
  0.53138634732880385       0.69852611889045768       0.56945446505497499       0.55919701472880468       0.62791699394301081       0.56510503520589317       0.54454979103286016       0.62997644532417596       0.60224305352069674       0.63756642908122207     
  0.23732985855601524        1.3144744396405620E-002  0.21420874904106363       0.19785559863373361       0.20251039935767473       0.78429535131600225       0.22642381507790535       0.31658055627122372       0.19176779964507720       0.20580425912024919     
  0.60383943180185262       0.56337917313904640       0.67512654582225295       0.77604232943333296       0.62168077202295391       0.55731543346501877       0.58337069128110164       0.55037024716669436       0.59587505595305035       0.53168639450908783     
  0.25334382038663544        1.4664402663397176E-002  0.23174245537807164       0.21276367908049437       0.21972969667109010       0.79642430659135066       0.23471286020337412       0.32643467701081924       0.20716862483882215       0.22252337724687590     
  0.56430005799864624       0.55813717921848849       0.76205342267914056       0.58536635085286326       0.65120489114213675       0.51588905835847843       0.55010059777938525       0.61390074029640107       0.63579695466446895       0.52893550187675720     
  0.26957828648844401        1.6202706285798538E-002  0.25022770653226900       0.22736577368795136       0.23719165892288246       0.80802476376406362       0.24355944181516062       0.33621140732502680       0.22269154839219693       0.23839192116479416     
  0.56549157260435767       0.54860195562811820       0.76114702762985931       0.58557074319578550       0.58933618875033011       0.48163692045910922       0.65479526974890645       0.54631982285034342       0.57640193636159909       0.63203376049864868     
  0.28550601951683063        1.7794447805443859E-002  0.26929941078282449       0.24172735921658747       0.25440240164046007       0.81884796609398358       0.25248214846072797       0.34589862605483801       0.23807628092098487       0.25415475163473705     
  0.77987268187457304       0.57847610343833389       0.65779735361231007       0.50901020932050112       0.62377292730644796       0.49889523458449048       0.60717824451068625       0.54025644006298201       0.57828513515671265       0.57217185210387078     
  0.30094631119620879        1.9482637689722578E-002  0.28808450270344482       0.25647581408623571       0.27213775268681661       0.82895620679853266       0.26165142767660426       0.35526021716905459       0.25362764461855886       0.26979794653608591     
  0.57946286895639865       0.52872239666036502       0.61695482146521741       0.52450934120749115       0.64358522267956897       0.49425917723533291       0.74103570343292235       0.47313106647181563       0.54350097929107477       0.59819543747564796     
  0.31616614518092778        2.1332002490384167E-002  0.30561809606307577       0.27145793417426267       0.29015729211345026       0.83842531437066381       0.27099457807865784       0.36499618162837733       0.26922928180524408       0.28585741138552434     
  0.56429941650529036       0.51556247456852144       0.70149219940616958       0.52158134172955961       0.60025252085953407       0.51663748133643128       0.58730217593073641       0.59584816089617909       0.56703401758209004       0.56524545557325645     
  0.33145780476139042        2.3431506821384632E-002  0.32201129010751006       0.28744257841311160       0.30669760395153844       0.84742824666259864       0.27974208593202160       0.37494928431747893       0.28457310361015187       0.30161442549067302     
  0.68401631683549580       0.55592545011466454       0.49813623167387383       0.59495294758845030       0.61055142639921045       0.47710033426890175       0.53755407347667761       0.54538193343830677       0.53851616995587415       0.59706461937545019     
  0.34715641401837255        2.5669726846045935E-002  0.33811539374134436       0.30373236807043591       0.32310001704301983       0.85594160880905101       0.28848299712697023       0.38559680615313324       0.29967090354325049       0.31748295567687335     
  0.64340533367574992       0.48518078362408606       0.56020771857176122       0.55098431286860772       0.54716279792299749       0.50763185000708888       0.76564687672133114       0.68279587834676181       0.57424587905197544       0.55165398532647614     
  0.36337506163238786        2.8021892062361879E-002  0.35362586544273067       0.32020383833630706       0.33800914825402478       0.86381730079111529       0.29709017640311647       0.39697014844122797       0.31455107046205144       0.33250335543093396     
  0.62385493781683798       0.48931999713150470       0.53427164973436458       0.67576249757207163       0.52268375975680748       0.55619765931920828       0.74013579669117768       0.60647313453273899       0.47529161098797662       0.69466447977463275     
  0.38013578863512171        3.0473088587245775E-002  0.36986232036415678       0.33637443904333975       0.35240148565216045       0.87120537913855478       0.30574192966537622       0.40863861273679430       0.33033174151694616       0.34817135154867102     
  0.55097268035335689       0.43851786542770521       0.56637749281721006       0.57976363945228571       0.61671784717253031       0.45975086252351866       0.56867258051429126       0.57710172091500123       0.51088156880057323       0.51633156905038224     
  0.39730377862455790        3.3053849074921600E-002  0.38646808052183496       0.35263519893804945       0.36707372028868029       0.87813882033275614       0.31500262777726223       0.42086682372280237       0.34697822816223606       0.36381941205150936     
  0.65559091215663612       0.50492935025797669       0.51431152869269192       0.80177940114670332       0.59235961404402715       0.51483065880335854       0.59809301346706889       0.59705101393995919       0.56263447705395309       0.65459028001232566     
  0.41403941397142818        3.5723788871506811E-002  0.40369804885353167       0.36880436991339233       0.38120126821805822       0.88465809386752248       0.32417458766938273       0.43312817138961385       0.36407444709349907       0.37889225219868350     
  0.64187596546541981       0.51032110161337485       0.68609938152487304       0.60483169360886047       0.61239914953317531       0.54020271695835065       0.53089206283912405       0.62279890282738837       0.52336662401456180       0.70365480382918610     
  0.43032186999146643        3.8470909721180113E-002  0.42084433793768267       0.38472419250401668       0.39525733860331236       0.89065327910282588       0.33355463270081231       0.44529485663781126       0.38109741323817198       0.39420657402464837     
  0.52018499265053364       0.50660251611494578       0.62361707842086866       0.61793957163904478       0.54066686711248912       0.46700764928089716       0.52905390508091843       0.49056459842118150       0.57638511867620723       0.53283166144599958     
  0.44682830535187246        4.1478831122918315E-002  0.43815983491559590       0.40028896277800086       0.40910881206733329       0.89630324283367480       0.34314757943502455       0.45717033498909493       0.39758229060473005       0.40874196139986352     
  0.76458376122003224       0.46842815065634441       0.52557821374950175       0.55373350643022945       0.63757656019097853       0.51479254960328413       0.76820336544517620       0.54792125498784405       0.53189486355067328       0.57521487718579056     
  0.46291592155129474        4.4577421058870588E-002  0.45454047025233318       0.41580397096969457       0.42352579721330880       0.90161468892898788       0.35270610429126226       0.46920472887693554       0.41384002625262301       0.42444886731591563     
  0.64040077663395867       0.44591166622184752       0.53512019746231010       0.60053755336566061       0.57556284641386013       0.48711778822708812       0.65091422868833160       0.49588264426687356       0.46543160501180475       0.65068389113971936     
  0.47754077294607622        4.7992770686298321E-002  0.47054155158271660       0.43117979680579649       0.43867292554358345       0.90671901984522729       0.36201099811733939       0.48125417028638928       0.42959655730183588       0.44016528140539413     
  0.60699985225214625       0.46457197329713579       0.51956317067524627       0.57570663350782969       0.54474615725727937       0.45018747285092225       0.69019162510286525       0.56502659754317208       0.54768240313554106       0.57579100720651455     
  0.49127851298551184        5.1461999001502563E-002  0.48695508780640256       0.44615298914343399       0.45408753601217017       0.91162581966378908       0.37134533589787766       0.49385733821976113       0.44547073569298684       0.45523060102611096     
  0.48408991024843312       0.48041192832896862       0.70121416873507869       0.63451718030886051       0.49434723698927785       0.48739894040587695       0.68996585837642532       0.55423743735721154       0.47645729895267419       0.53186295888096446     
  0.50485830185682434        5.5089166014476609E-002  0.50350887259617794       0.46081370741777622       0.46971283599515090       0.91622746202858618       0.38065762219094118       0.50674643929562313       0.46105609396829822       0.47024393800867326     
  0.60430925559035964       0.44550364960388150       0.51952874009339711       0.61703928183448442       0.80718370032873443       0.47920598517575008       0.61367530409304194       0.62278048135907715       0.56982709991930003       0.66184536975342467     
  0.51826011951648532        5.8825954908683295E-002  0.52025220861912558       0.47467716573811153       0.48564025987163206       0.92059185651086650       0.39007990526585962       0.51977436064601168       0.47621721192685107       0.48511164146470165     
  0.53094739356879750       0.48393316749052051       0.64610955738948406       0.54736035408260908       0.72490903370774507       0.48454654150446513       0.58418226745166568       0.59723728564255107       0.42660544672954859       0.58249785258094666     
  0.53168661207145163        6.3044551499800816E-002  0.53735625634089845       0.48852781223686315       0.50191865614846731       0.92462679149989724       0.39948107652942688       0.53230476736567789       0.49098451258030090       0.49970674963456885     
  0.58691011969237017       0.45137182136334997       0.55798494672986920       0.50605032189679000       0.64007547723852953       0.42384102815349889       0.62049925213688684       0.59727839796972670       0.48051702494876319       0.54660940505144284     
  0.54551214108745816        6.7363265454495003E-002  0.55306191819381501       0.50213337118375923       0.51768758473511522       0.92854031851744545       0.40825936144599317       0.54460444583886114       0.50651468580768855       0.51614267101395617     
  0.52959462978599003       0.54045817389504491       0.59140973904021832       0.59628292289886864       0.63181784031616772       0.54304873772676432       0.52016477718112930       0.51542280720039280       0.51655859524471903       0.52450261076150162     
  0.56034810488388964        7.1948219994390744E-002  0.56849113648195615       0.51645574302404240       0.53327838292998853       0.93233609013124974       0.41750760604685955       0.55633883184852362       0.52272158954759995       0.53314750365584285     
  0.49167839406696556       0.50635813673427710       0.54455780604015747       0.62533520188427616       0.58244952530399596       0.52348674830467534       0.62943396634872928       0.54761672361460467       0.49039834449169800       0.57777073778873489     
  0.57570449135060919        7.6756893649003496E-002  0.58468588118247355       0.53066810756895999       0.54768451651230210       0.93601515848189154       0.42756430761916137       0.56749742058929031       0.53912135393489191       0.54927239580148657     
  0.61211978286760882       0.50458150362356602       0.62073034079442391       0.58104162363236722       0.59848476811725393       0.42726441391293524       0.68454711400297685       0.59074869979429889       0.50992198080390860       0.58155952078218720     
  0.59106628773367864        8.1934237293226658E-002  0.60058849784821466       0.54530191892613133       0.56129997637583595       0.93952109393737082       0.43783592768055302       0.57858756459839766       0.55517494015758706       0.56593619915973448     
  0.58585842359485074       0.46597670099715727       0.51536176767537811       0.55520917990405438       0.54881699037860276       0.45361295346549113       0.66452333716875400       0.49709879841007171       0.60586495425318920       0.53529648851398159     
  0.60606607851526384        8.7406831258647857E-002  0.61702100698197104       0.56053105142265502       0.57504615513924795       0.94295662187075080       0.44855822475504697       0.59080454530446080       0.57105868737244547       0.58255224129958239     
  0.56220761520013207       0.47057854728242238       0.59755458926833616       0.53231172692244011       0.54867250433208825       0.42845446200350562       0.75573204382474890       0.54152042553492563       0.55612419025882209       0.66321892497164037     
  0.62096081508264933        9.3500465323529250E-002  0.63319867490835058       0.57669539653946544       0.58852959416684314       0.94633871876059672       0.45946326490400724       0.60433899845695971       0.58697273392996785       0.59882839434514734     
  0.61693642329976917       0.53351743320606404       0.56983396793845020       0.53387330707700675       0.48422321060400114       0.53289912511000403       0.65436981895132229       0.69255097467399496       0.50092383736315516       0.50813459601139721     
  0.63625683955569834        9.9677308858686087E-002  0.64913510624687398       0.59310952704868736       0.60227238304474506       0.94968757808961113       0.47022800479192622       0.61808495731477275       0.60272268545070673       0.61512437683370980     
  0.66055486108132111       0.48758079339154387       0.58051465285724768       0.67684120713749574       0.53570283280307285       0.53681984133400340       0.50721231849302306       0.58200214807788953       0.53380635925130127       0.61682361609607683     
  0.65225976187172552       0.10604396561567667       0.66452306124114735       0.60924046428432066       0.61639937191388283       0.95276029576587951       0.48105874657533676       0.63128563073564370       0.61749899038524036       0.63224037549503609     
  0.62881009284937683       0.43603958883229965       0.66460918548264591       0.57458042657051700       0.69245487777024506       0.54692608239100093       0.55478103923249478       0.54846824488308688       0.45817866427773057       0.61219140755948209     
  0.66797607423677996       0.11290839708039688       0.67980767731234315       0.62537295887541677       0.63225826906418092       0.95569596908386156       0.49123445447731695       0.64448083369691123       0.63258209384409991       0.64879966474625961     
  0.62092057569092374       0.50747944073473894       0.49394800746783429       0.56123543157425537       0.57894241986050521       0.51115710371101075       0.55624108472052614       0.50478430984080092       0.52217682281302447       0.59942537492833758     
  0.68303843696838029       0.12045834668359924       0.69495788312890694       0.64189499139258799       0.64689248768739749       0.95855357367879446       0.50122935589562878       0.65719691882403386       0.64748805413751265       0.66421313953549677     
  0.68342632846611029       0.51635123779090053       0.63534665556643455       0.60431299005965489       0.63035558734826047       0.51639638126663823       0.57278486296970132       0.58755953962235941       0.50563481048953884       0.47654700400554589     
  0.69766988080650638       0.12867657688615294       0.71032577136867092       0.65865535019924604       0.66202967034338323       0.96139692722157821       0.51186938348179456       0.67071601916738033       0.66262082097386421       0.67991804507077802     
  0.48495296318846465       0.48532886800142788       0.63646328519065187       0.61378726886067936       0.60501572363338163       0.49917031331923811       0.66021939635233307       0.63013119506058890       0.49190445159574553       0.58308034635074746     
  0.71186591986890602       0.13773918653627809       0.72539267202772240       0.67569973720386756       0.67708586967530171       0.96394079820526357       0.52269899778015538       0.68515543657675637       0.67749449071018297       0.69584329776281173     
  0.52965147035065530       0.45288018311234879       0.48349103870346427       0.65899746011516003       0.55911646044662444       0.49737681645145343       0.55504155189633708       0.60293541034088316       0.46808732222265870       0.68269211297589294     
  0.72578752060963203       0.14774986322644695       0.74036407878093258       0.69267175257687597       0.69258766222699697       0.96646779038161346       0.53432902880578570       0.69945385795370085       0.69376183827861682       0.71144324239779566     
  0.64581345132989132       0.47895949129344140       0.59820021153657343       0.78805560585426693       0.58184455467097185       0.64784158102523703       0.58339067392003652       0.60485409485683339       0.56735959743880471       0.65146837860498330     
  0.73980944866452059       0.15856914988901505       0.75538683747028934       0.70899185441625956       0.70836196730006107       0.96876920973687042       0.54605888765949961       0.71364618957749593       0.71021625523133447       0.72688565165202168     
  0.61105967437698450       0.50187698180165152       0.56139207227387466       0.58941309474009373       0.58384712543066053       0.47589727978930041       0.56546880417751533       0.54921942384855771       0.48565622587407925       0.55149826604173235     
  0.75426830673494905       0.16966878668713897       0.76922742289154111       0.72505490193260791       0.72457484473239098       0.97095911985626970       0.55768839947168292       0.72907803858474951       0.72779024261819292       0.74265196589200699     
  0.57075545969321007       0.48538634660316138       0.59974355909232224       0.67113730921692316       0.73994126836581742       0.48259174237279545       0.59395752012746583       0.47772531738723428       0.53379031245131581       0.60930396839132028     
  0.76916475868091339       0.18223940874335984       0.78400297434891941       0.74148741526991369       0.74102088686113199       0.97320192490877233       0.56944846962315021       0.74556550614730177       0.74524361882052048       0.75765090121173162     
  0.49915936514716536       0.49204100456038363       0.60769258189839270       0.59406372030700361       0.63974264302173567       0.53212765419315755       0.61454857009556818       0.61365462797446280       0.51914902295564380       0.65808882318878303     
  0.78440652409756406       0.19541571671950450       0.79766540570834465       0.75788731851373770       0.75648428906566756       0.97527106543358710       0.58127678002109384       0.76132813035552016       0.76221002363274826       0.77324271651605436     
  0.53684090890897573       0.54516531897443488       0.59382418536159953       0.57716136499858051       0.59274242245521125       0.53582629637597556       0.65833668801804024       0.51915407054856022       0.52404491507401385       0.48518566357579540     
  0.79997889366515662       0.21093455908731135       0.81129821076119213       0.77410371545127188       0.77211083906341937       0.97729354839660287       0.59292049670414559       0.77678473220980759       0.77841168370305069       0.78950691546860796     
  0.54316592471425351       0.61414233838494769       0.66994893080856577       0.59327767882089844       0.53435295718517883       0.58025007120872452       0.59677308897030401       0.70062871357782885       0.58558545853795485       0.58145435978394688     
  0.81525243855979634       0.22714475122972011       0.82483700285627159       0.79006043123834235       0.78721100137060429       0.97930490284159788       0.60499855667808866       0.79229687074419863       0.79449424678157643       0.80616934358964987     
  0.52088009774912081       0.58736528300292068       0.73292944094460144       0.59788905575495133       0.63911763317528736       0.54499957883669947       0.59382776972870466       0.71605752441315174       0.53863724748092567       0.70718721653111105     
  0.82970710890560828       0.24554528212873802       0.83834420395734599       0.80572809244143861       0.80194990479263284       0.98128184569070265       0.61853140790393601       0.80908910909478704       0.81047548373859091       0.82264412693867750     
  0.54633094396657345       0.47048211525176714       0.59638908099360854       0.52104760948085782       0.56829301981537983       0.61527695789016690       0.68164524642727098       0.56679099691183499       0.57188805256962216       0.55421742593166934     
  0.84398845822716306       0.26577467250396952       0.85242929095533027       0.82136827461306672       0.81678013681130490       0.98312789646696530       0.63260244418876943       0.82460073006233037       0.82792508198064785       0.83814394646620705     
  0.64566350306148090       0.60396154415926862       0.53460379918980516       0.64474055035727285       0.61409014551107077       0.57709865388436665       0.62968339811829788       0.48698210832475797       0.60221218588853442       0.56308799519798813     
  0.85873268162582073       0.28890938900802393       0.86591885552951586       0.83801372430621057       0.83167091424391826       0.98488366751549417       0.64695755927513032       0.83885355043311327       0.84551231455964004       0.85355565537971301     
  0.53579848055985024       0.59631090736728165       0.56625132184915417       0.57448060346923557       0.52136854233186680       0.62869969802024817       0.57296887301332933       0.52392092136753732       0.53186839884353021       0.57425525757609597     
  0.87378674564908598       0.31458953943688434       0.87939503412781472       0.85493800260825425       0.84635464390958282       0.98657086339749245       0.66161322430994085       0.85469618349747900       0.86310956385548743       0.86856075833098145     
  0.61532567139334937       0.63657190835930599       0.62541790652583396       0.63633446949973038       0.67649369545597005       0.63028803100569486       0.61582768196881754       0.69239544173411305       0.55708445901701076       0.50868423409736951     
  0.88884105765648513       0.34625741622822687       0.89279116005808623       0.87161271918656635       0.86163087246649783       0.98819943493407347       0.67677802149896593       0.86990775866829517       0.88069852309314556       0.88336010764914596     
  0.51419442016932193       0.57847993468241143       0.65610935590987651       0.67277508166726263       0.62426144131947081       0.79486263875044072       0.73731086241801747       0.71365561348632267       0.52082045545421662       0.49036244118138067     
  0.90404045254521381       0.38434207688325178       0.90566320992666938       0.88799177371812443       0.87846793605277929       0.98978192280607169       0.69285852124139402       0.88793729341167327       0.89675091776552474       0.89892850106444278     
  0.60872708934213859       0.66120983535615940       0.61755007090919112       0.61295224953191951       0.58782334625733867       0.69191135486051458       0.64318486549059439       0.72247342170386042       0.60390314051447069       0.52541964122330354     
  0.91955034888269338       0.43094125992312654       0.91857465996002796       0.90393997136661153       0.89530976848944388       0.99131238301803903       0.71062887139613884       0.90614955801251917       0.91259646684714135       0.91454824349610186     
  0.54788984828865106       0.81089813420194967       0.50517144272847181       0.60957240164094606       0.55810002618413279       0.69674246157082886       0.77441863878989325       0.61432693156618801       0.46770860669719377       0.48828592380266739     
  0.93443359405004112       0.48635310207912247       0.93156355734963403       0.92048782759216863       0.91278608750661683       0.99272702387504408       0.73056797819649266       0.92298848537606848       0.92827138785672048       0.92935920161383478     
  0.53071525500874939       0.63199957913848059       0.68669817846662962       0.65144926199767172       0.73093147411098625       0.72205173990350380       0.54097336632054005       0.57342905616374495       0.54593160670398255       0.57299560129415039     
  0.94866234343361877       0.55392814545871427       0.94484566959357363       0.93724718538464591       0.93000820996744737       0.99414656765557108       0.75365420348528189       0.93978911726244696       0.94465696355763462       0.94390574277719330     
  0.55095262629207598       0.66231648792442632       0.51276934308082933       0.68057392670914985       0.69830950514214996       0.83296827315399324       0.63578285191636297       0.61299804090492827       0.59755970479515441       0.64470987601477259     
  0.96233754801226490       0.64110581593543936       0.95902594669019192       0.95271006802096814       0.94810801838741543       0.99553804904609311       0.78177308928130529       0.95532986919111818       0.95940458558199471       0.95766350938457734     
  0.56845855029727810       0.81113301155663353       0.60099200245562279       0.58187236465301284       0.80229035699792395       0.89526298877275690       0.59516194467494943       0.89440700800998740       0.67874657999590493       0.58577540268857198     
  0.97635683196463485       0.75027577288749148       0.97322893505789398       0.96822070563778795       0.96642200806699152       0.99696183831709750       0.81738994157033373       0.97126779096747873       0.97483936415290129       0.97105760936219121     
  0.64399164034426537       0.74288984404974345       0.66086636579283276       0.50405130453478486       0.56948907324865750        1.3276937718852595       0.64980854402581123       0.90115111443619156       0.64619493311527165       0.64145474157937266     
  0.98836386944485932       0.87627673614122858       0.98648552965277270       0.98433707647961344       0.98346384301470413       0.99845387590912216       0.88454837983171175       0.98539453309248937       0.98756034529543035       0.98586553348902461     
  0.62913215242402187       0.94458890627878811       0.59624275554781003       0.62973915532918445       0.63561862813158698        1.6758086865724826       0.72813281950347863       0.58756374927766630       0.60461824532673403       0.75946643189630769     
   1.0000000000000000        1.0000000000000000        1.0000000000000000        1.0000000000000000        1.0000000000000000        1.0000000000000000        1.0000000000000000        1.0000000000000000        1.0000000000000000        1.0000000000000000     
   1.0949824341799455        1.6404387756366257       0.69500403518253628       0.68139592941587679       0.60185705647238597        1.6829722050834000       0.44964971795969927       0.85277063692339750        5.3377794095268882        1.2318871700258660     
  -9.1581130263188673       -21.991839466760450       -16.656801520491577       -17.867826144552264       -12.401279487987722       -21.174188070568242       -14.360597037505208       -14.314136204546713       -10.368485491922225       -11.608402276555756     
  -8.5379886651187995       -9.2287600080275087       -16.704695269735875       -13.140558280432776       -10.860575645689606       -9.4977386967716591       -12.602083113170270       -16.550319069689827       -16.370447787823039       -11.872681331648526     
  -15.942723434028187       -6.2251760556782934       -17.386138444967919       -10.685909345523893       -12.389248725384917       -9.2202053800844439       -10.860422405935600       -8.7224875703653453       -11.755077667573353       -11.099212217257787     
  -9.2372311118798667       -3.9358961093461082       -11.837048985706794       -11.044882243137257       -14.056095712649318       -5.3643014917521752       -10.579999493437063       -9.7426740502787030       -11.557304792257856       -14.988776467671563     
  -10.790503780745079      -0.63123331044800779       -9.8048056383183386       -10.471444432832072       -12.980750239727264       -6.7577549656921088       -11.345908435549383       -11.812674677046250       -16.779973953234467       -7.5700466891294944     
  -9.3683712444404001        1.0914221434923759       -10.014457405274351       -8.8817020962433393       -9.5136536550217539       -11.635601945395235       -16.247891069656827       -14.300665762329983       -14.094750578420435       -13.518545841881808     
  -17.988802202181208        5.2621820022283483       -9.6280046014090050       -8.9584905556955867       -14.925304307578628       -13.909145865705927       -12.600146594832490       -14.253101138377867       -6.6684596680946457       -13.476437144423690     
  -10.984324840365606        14.359584410021398       -4.7387266661038208       -12.350478250094323       -7.8823429798245499       -12.904100343100643       -9.3771459543146758       -8.3445260198768647       -11.301605701759186       -13.058394600056971     
   7.2894912809923446E-004
           1           1           1           1           1           1           1           1           1           1
   1.8336652830600880E-004   9.7498489880896191E-005  -1.0679829504905305E-006  -13.720550335145646        6.8619670100771030E-006   8.9409770018108784E-009
   3.1914380378171862E-007   2.9810919447454211E-007   1.4422802096794606E-007   6.5665414686885970E-002   1.4417621606931617E-007   1.3288903627703104E-010
   5.0000000000000001E-003  -15.026882883733887     
