   0.0000000000000000        0.0000000000000000        0.0000000000000000        0.0000000000000000        0.0000000000000000        0.0000000000000000        0.0000000000000000        0.0000000000000000        0.0000000000000000        0.0000000000000000     
   2.6440556141788120E-002   1.5210559914500866E-003   2.6858549280924349E-002   1.4579437513973984E-002   1.6922687304543292E-002  0.23737200955231424       0.13215879950423626        8.8774513991721260E-002   1.2846643056381179E-002   1.5370855924393280E-002
  0.59583840856155568        1.8629696447040200       0.51440606528432919       0.55454351947029690       0.57380267722133360       0.62165986009616891       0.39028343959162731       0.50592113868137423       0.61978813439572533        1.6090810635094048     
   5.0787576415162822E-002   3.0365405871853241E-003   5.0881317736083821E-002   2.9338591649728483E-002   3.3606382559142854E-002  0.41647118241506431       0.21456400097365194       0.14947961598441437        2.5889196612162997E-002   3.0798052051174793E-002
  0.60876614374959703        1.3337307588631733       0.55808155804590798       0.56461847523725306       0.61589951992543579        1.4190872996194697       0.61808588735247716       0.65491207023776887       0.67031647014957674       0.86365412257697427     
   6.8454693983698453E-002   4.5208713350273957E-003   7.0781676530248833E-002   4.4264002832401964E-002   5.0356493666886826E-002  0.46193873598259755       0.24415347758296815       0.18473846998637977        3.8185521748943428E-002   4.4277783074568408E-002
  0.55015708014277220       0.81548672972666625       0.48441418178422535       0.60442231451399486       0.55550017634885485       0.78492696903007220       0.56593616897023480       0.55758963567356179       0.69835945990869963       0.58275924031015525     
   8.6110894813649586E-002   5.9605958678427187E-003   8.9061646126131142E-002   5.9024789720699834E-002   6.6629176414361627E-002  0.50192578614283201       0.26734151828931152       0.20914555634243945        5.3225409583541806E-002   5.8106197578290837E-002
  0.58567283359519084       0.72904536366352535       0.63217631630678117       0.48085618998510288       0.55416969922704340       0.61960772677998099       0.55617345569901833       0.44018208398643138       0.85361871909662579       0.51941890351654008     
  0.10317050977731562        8.0138044515783470E-003  0.10630867560026386        7.4488420081718812E-002   8.2345084916557593E-002  0.53273102928382310       0.28519812919272225       0.22991148359419183        7.4831367169541585E-002   7.4342201992759593E-002
  0.55972984181613505       0.85237641784818319       0.59540840396293870       0.67240422766625452       0.60105141735134282       0.84547795198927755       0.58396696554682903       0.55127370332911219        1.0259170753254083       0.70245730821968810     
  0.11989745052874279        1.0058633764336071E-002  0.12338383167285645        9.0084224870574853E-002   9.7785242717829846E-002  0.55973636806773941       0.30119772573592957       0.24656771982268988        9.5106332038543212E-002   9.0725025509712454E-002
  0.70924162676759439       0.83059134568755111       0.71104981059191741       0.49867027445646833       0.47851828854718115       0.58959161332568488       0.49781989568582063       0.69262207775242823       0.97608276059269206       0.49361469586345658     
  0.13697349195041930        1.2275764974651052E-002  0.14018340880434285       0.10606206078962850       0.11325488961080116       0.58426621212719909       0.31561117422387841       0.26218895182128854       0.11043980021767209       0.10882410894200124     
  0.62814501863989514       0.73283179085976635       0.57505139956866458       0.46380388363048142       0.54789382740448977       0.67319598631992883       0.56733843569249920       0.61950599686259666       0.63941125851209391       0.69861934171627682     
  0.15362300781566141        1.4624032513906463E-002  0.15642152068503448       0.12186959056777313       0.12916452094818714       0.60627873684398503       0.32905355782401496       0.27548776153186483       0.12645252378500363       0.12664997782559631     
  0.53544793893735076       0.68281042239084788       0.68854070342764606       0.50629642986679335       0.64129332723467380       0.67827739297304879       0.50773867493233937       0.61374048240858803       0.72751142667935642       0.56749329677979654     
  0.17057807014039791        1.7029043237640828E-002  0.17249384183439345       0.13800393647498993       0.14492122641279540       0.62723721722914638       0.34037076170276248       0.28810825095380443       0.14364211747271541       0.14567250158146006     
  0.65528243410775466       0.61281446949712470       0.64256710400005246       0.45683432892370118       0.53329198164651892       0.63389672906103467       0.57395376535575438       0.59257953589267776       0.76774925746352785       0.53242990604877272     
  0.18771839185313202        1.9534561576604933E-002  0.18842172266077542       0.15421436188485452       0.16088810490410282       0.64537387489386644       0.35194767729032927       0.29943836825062986       0.16037628294118003       0.16500696364405046     
  0.72458024282704181       0.56175224852087191       0.46309532132542386       0.53888329327131090       0.55650188366814046       0.51345255329710793       0.55483609318196403       0.52774899737028780       0.50823979372030537       0.51108246665176094     
  0.20281221503909316        2.2053255422499418E-002  0.20411452111257206       0.17025771906059831       0.17639163661640364       0.66257900606419695       0.36311020094175595       0.31014007805966703       0.17965996469490697       0.17890161043147476     
  0.64555918547672853       0.55342066866416262       0.53688244927936568       0.66794645355316151       0.52816232505120431       0.56327990059794764       0.55832942205643021       0.63279172790797600       0.70622789758745452       0.49988348604794175     
  0.21907597284344360        2.4665671772220964E-002  0.21977145908356463       0.18650115300096015       0.19158237303375580       0.67813784980510661       0.37449296813029953       0.32083969148852576       0.19863207294640828       0.19272289202120299     
  0.67824604326854898       0.48231937936226710       0.61875540083675906       0.60217591371888779       0.52919708790352582       0.52741555735433177       0.58763038934823009       0.61709355033564139       0.73561397808264095       0.45360536619052627     
  0.22817311090852074        2.7232190119012997E-002  0.23512708442665473       0.19822916160644452       0.20735665161853600       0.69334505347649578       0.38463355897102081       0.33145766192442278       0.21830139872258880       0.20418338225047863     
  0.45210519748216355       0.52550987967441576       0.64518628177187931       0.53848789216940651       0.60823385273836372       0.55074377305460631       0.55298495139811277       0.62613750219965369       0.59491792926587106       0.44493388840289350     
  0.23881641671480680        2.9961770690703562E-002  0.25074587743268661       0.20984810885016583       0.22323479386383679       0.70689451862715968       0.39510339647578857       0.34229357983351005       0.23833795646340294       0.21684660159028799     
  0.46514950319391402       0.48744922034078281       0.58667114194401060       0.52614686437684011       0.61682749855368990       0.46769277470434606       0.50225228803033928       0.56093347684630779       0.66217474420862921       0.50508636328471668     
  0.25072661965988113        3.2723437045620120E-002  0.26644341828801532       0.21812701081491404       0.23948971212164047       0.72021406286745882       0.40389352922413901       0.35355595288337671       0.25756072385622741       0.23196453439375228     
  0.46461856119649719       0.46002000484337668       0.59138684245198436       0.43143033357148181       0.62255444871358223       0.50253152515768074       0.73259024515530713       0.48788402177480361       0.63527564898131106       0.54941708356902708     
  0.26660629374151734        3.5740578688257488E-002  0.28178229902213847       0.22894941939507760       0.25608917224772781       0.73219509227224666       0.41329903223132752       0.36475989411217730       0.27635177866052668       0.24773923721837665     
  0.51812540461208489       0.47969887788029170       0.64867575297440139       0.45112652144258486       0.54959783048072586       0.45092293608893841       0.57174538861550506       0.61659515266398646       0.53856278325752982       0.53295390115427632     
  0.28471186831479950        3.8729673608532425E-002  0.29651107344966232       0.24142561741823629       0.27248682988689071       0.74407758281253378       0.42154598167937657       0.37586503907634861       0.29443092580947761       0.26482963704794027     
  0.68719820699278955       0.46991756324238543       0.62563564026101148       0.52352620307634390       0.59995303247686149       0.55148533744428740       0.55654989821083212       0.55747525477593007       0.60845429383677319       0.55369011458147277     
  0.30107528401923722        4.2206501210477344E-002  0.31150582127526105       0.25717268328211784       0.28904451599471370       0.75531511156714537       0.42995974450915614       0.38728504812057202       0.31212411915150262       0.28121691418774503     
  0.51525579843628566       0.48680373995128251       0.54962471533830837       0.63662298031937070       0.58549782118356519       0.47966853120588093       0.47967286659856267       0.56474639072724198       0.48689018682161095       0.56076652326762744     
  0.31685721588124893        4.5685181781479629E-002  0.32603443268118970       0.27422710941128459       0.30667650125947143       0.76644568882490449       0.43809355713855902       0.39765467448834446       0.32954875871264866       0.29698334655834296     
  0.51113085991815810       0.47047370845440079       0.50318702097804480       0.59998823491598630       0.63909298281883242       0.63501313779084811       0.65330633704321550       0.54898008829976730       0.55704133235509834       0.53821682718391828     
  0.33190567402122106        4.9304828477416414E-002  0.34051287641608868       0.29174574703724904       0.32473713538058613       0.77588361129469641       0.44620788340777079       0.40803338839721393       0.34687634128574629       0.31270951333067099     
  0.47167839535182315       0.49236312750321937       0.44288651985912458       0.57159800618567558       0.56898875172410224       0.44911274708666094       0.49575653929777003       0.48614667766659359       0.56622929397853461       0.59364897980906450     
  0.34618503145300922        5.3022008994931001E-002  0.35585839444164619       0.30926218746670608       0.34240077991775481       0.78522812621156346       0.45484238054815540       0.41872816336570751       0.36410884937298010       0.32818276546161912     
  0.46654191375834836       0.49247006223228718       0.76387773410708415       0.73154460167348823       0.66322525564451296       0.48365139508650828       0.60367042013967354       0.57013339461177936       0.52558183084229582       0.53020003855449138     
  0.36251935591638285        5.6946074671996506E-002  0.37170249808968592       0.32620271530109995       0.36004864639152645       0.79453660464273090       0.46350268371274106       0.42927356694893992       0.38101602941864604       0.34391355118927780     
  0.61863599055619856       0.45055226066219017       0.57705951640443720       0.58174995673313590       0.62910077537344222       0.48060266759590314       0.60259156219820331       0.51996504534278032       0.50256760167697767       0.57314481255725458     
  0.37956588717142703        6.1217833953413292E-002  0.38670418480241819       0.34266988226933548       0.37706465733185773       0.80396261734205121       0.47235111055072460       0.44148740674251197       0.39776628066127284       0.36047103606761643     
  0.57915632894769564       0.46871749335926377       0.54902277858708803       0.60232300993789489       0.61577786572018134       0.56260706622142176       0.55058133209390447       0.57041534091330537       0.48377225170580673       0.60330505825637049     
  0.39655059290039135        6.5716120129806543E-002  0.40174319199614478       0.35933329389693486       0.39374241346300559       0.81266342162996708       0.48093641742675164       0.45354931653397457       0.41454946380581131       0.37712258421889744     
  0.53668179881810307       0.50111352656698716       0.62703168875437831       0.66128401585291596       0.52087687715706377       0.47229595009519704       0.54020862062287389       0.62751810277189246       0.51614723922067995       0.54265518225457632     
  0.41346190694397383        7.0677365897049219E-002  0.41767450237783815       0.37605795567099148       0.41008413572629338       0.82125362538308944       0.48933669592198820       0.46609504168559790       0.43150701361207267       0.39437335033490706     
  0.58795703657615084       0.51412581652931311       0.51548438334422053       0.53622099084158703       0.58496030100941321       0.56802369176889667       0.64375049391778016       0.45829171167353455       0.53405870295266888       0.53470528461559363     
  0.43035984294566648        7.5679586620333833E-002  0.43366215002480946       0.39303965948842995       0.42636372681476109       0.82940213993765999       0.49724612712455507       0.47859711157820872       0.44833783566255542       0.41087994166806319     
  0.57895872269936322       0.54734182022603950       0.58599734804034220       0.58991170301924944       0.64931047638485750       0.50011097098878932       0.51577573082443495       0.48455299827292447       0.51023707234186111       0.48135423800602944     
  0.44736829606700979        8.1055342919561221E-002  0.44874466029705745       0.41012717054927628       0.44264901134307144       0.83741068070641589       0.50388401083730228       0.49090725138804447       0.46429251324658050       0.42637437022464686     
  0.48925065602300472       0.52398898896592760       0.52826149313739756       0.48033282395051125       0.55017455914287694       0.53062888554972720       0.59615063087826281       0.53655466649525774       0.48765240920200409       0.47471566909744711     
  0.46460321472558735        8.6506135737296236E-002  0.46334799077695471       0.42733625024864791       0.45899246009125738       0.84469764566968608       0.50992718105927481       0.50302914264938325       0.47987475338393926       0.44241257182608612     
  0.55442888598419071       0.46359597007266967       0.49164170125793039       0.66792706560906556       0.57265942566988404       0.48720895044806667       0.40790581090655559       0.55140289507286011       0.47812544438896809       0.54075936728509055     
  0.48212578020184188        9.2295768906894476E-002  0.47823968635281805       0.44482076427212547       0.47424688843943136       0.85185007538963975       0.51514589503240005       0.51565133702507460       0.49586723953520762       0.45892489918529483     
  0.58606215125828587       0.47377599301478307       0.49653125316481234       0.78035543704265120       0.64183394699392826       0.46642103588345424       0.49802230366308287       0.52087512807867653       0.47487020335661256       0.50867219999855706     
  0.49950687214842943        9.8083008460729051E-002  0.49353726398404252       0.46213157188551907       0.48893788787555986       0.85885164819365833       0.52180974665217661       0.52846188109393677       0.51223303143644416       0.47525667663485882     
  0.70070186218758979       0.42132809599387516       0.79709041660314162       0.68925329375196021       0.57178768811126568       0.47103612813254420       0.52212906044372764       0.55386933836170693       0.50695851674298176       0.49235666573546849     
  0.51645594879229328       0.10437982544446119       0.50928970584019995       0.47923620546957407       0.50438293982298221       0.86589268626335647       0.52846703032559672       0.54181583942209388       0.52666411462563689       0.49039628392638390     
  0.66477791268078523       0.48053109988664500       0.64237732474014819       0.55369703454450914       0.55443195566294334       0.45326823167379454       0.60004250876603571       0.61497963745927842       0.55019577268272557       0.45359129703065965     
  0.53320575077684085       0.11071432567919225       0.52520073434231818       0.49619815083503083       0.51991320067214786       0.87200999154378622       0.53752127897273261       0.55499749121466246       0.54048588640428197       0.50490057397050525     
  0.52646282463165395       0.41718999678759960       0.54100121482923857       0.56585016215098871       0.50823636064236022       0.45957547120733816       0.68355361078816301       0.51061041814653807       0.52146004600873286       0.49167733951712661     
  0.54973214284965355       0.11770037293785014       0.54055290262134015       0.51210435188347048       0.53632054140540719       0.87806063918827781       0.54616386660190919       0.56770007726299743       0.55482395370999049       0.51946100078576962     
  0.50173626145056882       0.61058028524378438       0.62804911722707535       0.57491634841723671       0.59697443130741468       0.50477684042439941       0.54440705665763633       0.49000518290206968       0.55227551451623380       0.46287934361236455     
  0.56600423913734776       0.12483988392251014       0.55533522692688886       0.52814473248261440       0.55346652421035680       0.88393606441121819       0.55478951535421672       0.58017124291178146       0.56918556167218126       0.53401759475903054     
  0.61355440329187949       0.41693245915205573       0.46692955174773709       0.55778353598597386       0.54671885267520981       0.51040903315237396       0.70447508005687975       0.47941709822691475       0.47434662339367495       0.52306595021179680     
  0.58228453379414313       0.13291271322305775       0.57009607109700755       0.54400751680611925       0.57064574367970222       0.88972198445897366       0.56344156447916471       0.59283051896939587       0.58484158989268753       0.54884437863177327     
  0.59257936074031015       0.50347579614178284       0.47235768278469431       0.70789265360300779       0.66887581161745879       0.43343888629499644       0.63649129278117744       0.58321348315631216       0.63724354731387800       0.50279731220106394     
  0.59868179430360513       0.14090364005203049       0.58518126981714513       0.55989118459408060       0.58785986067253693       0.89477063787924083       0.57190092574314966       0.60580591504968995       0.60075539935635203       0.56363171587696392     
  0.58968803155997973       0.47121839866058768       0.46893420184315665       0.55988324706151704       0.55906203741166116       0.45377223523567467       0.59003393823297701       0.49854173549067365       0.49592438597253330       0.53005851422150341     
  0.61518883202570351       0.14957606761497799       0.60040123908831289       0.57538573181589470       0.60444084375886442       0.89972835888098335       0.58035382851771344       0.61913866882385349       0.61628566663498441       0.57925663359292512     
  0.51607648790855054       0.48282277000698026       0.50209265422114913       0.54397546095530780       0.54895672631546322       0.49457378946892550       0.53911762109873407       0.57097166095827978       0.46829085582142016       0.55488399922150744     
  0.63080194601669470       0.15842670360495861       0.61635988364842398       0.59128744052982807       0.62034129932412296       0.90415583527596322       0.58864677677894361       0.63252884759488970       0.63187702762135489       0.59505434606409535     
  0.55857045296337748       0.46338138444126614       0.64642980268382544       0.60904144521033965       0.57560315886423674       0.40972832507868384       0.60719097896388607       0.44502237796583233       0.49633693194882966       0.61620650244670927     
  0.64599164043026414       0.16870820456855268       0.63249161542956234       0.60742630292313649       0.63496029057635495       0.90854098136349626       0.59676152088801626       0.64589370317926809       0.64662039751192724       0.61171184730168671     
  0.55194037650375460       0.52543972896364055       0.46868850922520749       0.60260024430892978       0.50966551721483744       0.44055769892621022       0.56173156115951273       0.56282338110991514       0.54338694309346736       0.60463584190531627     
  0.66099658124689897       0.17906167675066773       0.64664009204167738       0.62359773047496725       0.64706715909959678       0.91326648541263433       0.60484122380496241       0.65949222158508480       0.66138706692795146       0.62825197396237975     
  0.64292980965997559       0.50486401280388971       0.50716782580468855       0.56889645555754198       0.54544659341609503       0.53832095215828890       0.59007338501915751       0.50850050979375505       0.45245158384528950       0.65364213696780671     
  0.67589136425170515       0.19011383431502030       0.66012334897255542       0.64147960482454236       0.65833711888113566       0.91800059089367791       0.61290016683813398       0.67177027192685412       0.67646113011674058       0.64517942870272116     
  0.58178082186196145       0.45230022872537301       0.46996560334681442       0.56276858929870044       0.51372075052978827       0.55297922979843239       0.49744676288993200       0.50295484888743769       0.47792135847649025       0.51723520513648769     
  0.69044315208584017       0.20130389850343650       0.67479300683102206       0.65898106645308208       0.66798523378372132       0.92268020163519826       0.62103868335753554       0.68298604533061846       0.69126029096235309       0.66209541902098712     
  0.51898288680253846       0.44412701415713174       0.58584808785286524       0.72448448893448925       0.43422438904470667       0.55939686203162309       0.59436210940955259       0.47820546546835713       0.48396237044272189       0.70278517381097450     
  0.70554997829619936       0.21443517407038187       0.68945647864903248       0.67536578224328292       0.68113260943882825       0.92725556079801641       0.62959707346246585       0.69289980395491091       0.70469648458962275       0.67903238497274665     
  0.59312519136667208       0.45425278759729676       0.58396104149009254       0.72746619062364093       0.54507524558701859       0.51015192493221728       0.68242782920801015       0.56120200526246566       0.52536861757783038       0.60710736127683629     
  0.72048802577664994       0.22756263389598483       0.70529942482233943       0.69275400030136580       0.69507064209400504       0.93130241995684315       0.63821674367383652       0.70129200142631032       0.71804254512439214       0.69554224949153121     
  0.61358757924692064       0.56450459441668543       0.57470124996861327       0.50101248553514166       0.48502165305242706       0.48014771213103619       0.58855481514079888       0.51685779474430782       0.45042034987922058       0.53320871284993676     
  0.73602395761922146       0.24166827442067162       0.72160438682717620       0.70908039167650849       0.71149897393725381       0.93537075135470094       0.64725598711577859       0.71354131643070107       0.73140432680301171       0.71239299865986849     
  0.54335357891101232       0.47416797144648115       0.56764366504744890       0.63941348454159397       0.60985586913426559       0.51730436696567628       0.70526114775784299       0.49586456293376446       0.50175798492530621       0.53726825094312103     
  0.75214681591039434       0.25642195901259968       0.73728516804780153       0.72592952304396430       0.72839050254938653       0.93928850673250042       0.65604779086769738       0.72568147305313935       0.74498434779145351       0.72905545596716759     
  0.53700424260419866       0.53344939598174390       0.44743284321593241       0.62935968551926824       0.61726578776531782       0.52462575504198605       0.66357159079532069       0.45698191907940539       0.45587172696136241       0.56463002612929469     
  0.76773549468811531       0.27344063815302222       0.75348105349949368       0.74330771226160430       0.74510494789947757       0.94304941101209461       0.66459476754170554       0.74187752323140765       0.75873955849510588       0.74637848198839607     
  0.66230623532950328       0.45954346226223614       0.70688848855917785       0.63321502426212550       0.54224662145230584       0.50844904213666575       0.54141642165921966       0.62473196686944676       0.62018813688106278       0.49919765416879808     
  0.78306349499453520       0.29058288497749185       0.76797994820640358       0.76031396920839178       0.76185998782043673       0.94685592418838604       0.67297987368799128       0.75788740502266683       0.77223795774217063       0.76406714805555731     
  0.61887316992891706       0.67379855122333177       0.61287696431449623       0.53860658985177967       0.72603458675888677       0.50048942944274488       0.54860547336096277       0.55230734439716178       0.50610711410221521       0.50508118120739209     
  0.79842130741509398       0.30941362639925113       0.78238277148183610       0.77760324710344242       0.77827272996572427       0.95068191323945483       0.68166363658286078       0.77355032261924517       0.78669795482630334       0.78105651470598458     
  0.56234861902168332       0.51056689361414376       0.62627069086246878       0.61547529111636179       0.60488803107348099       0.52859686789145188       0.57611558566987564       0.51733890469060750       0.52681029745349317       0.52351304803514376     
  0.81406152194143222       0.32951923610840228       0.79596828005191378       0.79508257756922618       0.79451917858530441       0.95463474582120600       0.69048608442893566       0.78935652296804926       0.80121444871353698       0.79804332522908406     
  0.61650503651818955       0.46189749281580400       0.48022576613371060       0.59187412390415706       0.57972066175807691       0.55649773928176927       0.54967989243638549       0.51902538307480461       0.53738841237900703       0.53716878436485282     
  0.82929573020022418       0.35236022180131843       0.80946455592362543       0.81127765639836646       0.81035462797212909       0.95852105053385783       0.69977556701042565       0.80413530402281608       0.81683990553966745       0.81431849447026772     
  0.48408463870911339       0.50108288796941203       0.48454578744699867       0.51416512765489553       0.52423776537891831       0.57614550249792018       0.58511203838568038       0.52641789855972465       0.52971964907855051       0.55011011591502257     
  0.84437078177949598       0.37742195724307814       0.82504955215377285       0.82727297347378448       0.82599871763384081       0.96226611660867145       0.70887518033254426       0.81917452319476669       0.83229167281135752       0.83081660013276648     
  0.49969141770622771       0.52952097378850205       0.54945673015608876       0.56941044446541889       0.63489155450635504       0.64824639302711295       0.57291772335140390       0.65220668031578921       0.50990000976101879       0.50475667369212307     
  0.85998461295908035       0.40595716304842472       0.84067171739429603       0.84273502641668896       0.84129872163555353       0.96594221749836562       0.71888368220168475       0.83448519151071865       0.84681259828256394       0.84661309333719970     
  0.51654417607027159       0.48483134903504760       0.67712214031362472       0.49613062732003888       0.56090726653361112       0.50003652143107180       0.56780267457469102       0.56072063387835491       0.53126083481244268       0.61523201617145007     
  0.87572806039144990       0.43602938641699585       0.85721013601589502       0.85846087124241477       0.85663167804866225       0.96949913656002140       0.72911146175439900       0.84980058597502417       0.86107551745307420       0.86220604387117383     
  0.58702143908534254       0.61214814637626125       0.61083132697914999       0.54531302621936373       0.55029995756769934       0.58293333712987405       0.52899000761000459       0.57032239456074207       0.52231046724487296       0.58591496171139168     
  0.88921301092347649       0.46877287186525479       0.87373043261637506       0.87295822946407575       0.87190456563846841       0.97286876667862643       0.73991232040584953       0.86474488938703664       0.87522577247173028       0.87808756407384592     
  0.50733063922077459       0.63771879461943703       0.57481408062114681       0.61221413974668693       0.67899028316467058       0.57949817711350726       0.59903175602233827       0.52817357059293446       0.51854777923574169       0.50273228161362493     
  0.90283674435354455       0.50795786241710816       0.88878039618633209       0.88692988874660339       0.88692921289456195       0.97625313199823216       0.75120367328569504       0.87972380357258328       0.88941207237856490       0.89408104830695923     
  0.47657487082071187       0.51530983323604040       0.57654170676489280       0.53248300707181195       0.58166755029783357       0.58945730443159294       0.63801116151890536       0.54775568710391009       0.61071168498637596       0.56106486376134435     
  0.91555965990848664       0.55368757729692242       0.90396304075091216       0.90072173508271725       0.90157667705978617       0.97879045120180630       0.76404269784039980       0.89498024938830167       0.90394191521518930       0.90961081009858225     
  0.46521795648778419       0.56247724450992220       0.57205125307502336       0.56979874412516862       0.58256627770077063       0.51653677713409440       0.54239926811830674       0.66427551563853726       0.57616848705956580       0.59405394084765906     
  0.92785410287080827       0.60292850575973755       0.91921399999896125       0.91474693657300399       0.91638712594827809       0.98149100576750292       0.77745848058981670       0.91016677700934745       0.91843483733835984       0.92485382749622491     
  0.53983555351273926       0.72746878237551660       0.65646164687463360       0.50935631870678821       0.55066735360549945       0.69562405069011157       0.55876972220498278       0.61653312142019412       0.58817341422263414       0.57481082934430916     
  0.94085324799045522       0.65483696533376834       0.93494529757708367       0.92913372494074320       0.92950776727562345       0.98378340031004086       0.79385767450909672       0.92529576187827889       0.93281844159853755       0.93955781126509441     
  0.52434594161392412       0.72588139832980603       0.56597662714935737       0.52732442294794091       0.55488360684520388       0.58414541559676891       0.61195404536950437       0.71708043839840807       0.52642913159613725       0.60638655319147672     
  0.95371592666441196       0.72071956613054533       0.95278155869981862       0.94381285206158450       0.94185080817639522       0.98617196344454017       0.81165829040954507       0.94050069368454792       0.94718366836211321       0.95418199579325380     
  0.56783292111920369       0.60262502607083412       0.72325176631556110       0.51427096306363151       0.41438515664133868       0.60251877775228779       0.55338007661771726       0.72845857406678216       0.57307147878630460       0.54622218304910852     
  0.96611081589926062       0.78803933868520859       0.96864043629583751       0.95714555192811523       0.95658825995584873       0.98906165514431388       0.83523719646539762       0.95526548650780740       0.96133275115752370       0.96613145580002702     
  0.57379791215774667       0.62172573192349356       0.65668345058726585       0.43629229131548325       0.51710046073623428       0.77512706450854019       0.71041680653095340       0.67033615269237390       0.47919047613963350       0.51166897475882900     
  0.97832571789172074       0.86074046638456025       0.97904949004904396       0.97058349343061190       0.97110128488136571       0.99193627716731558       0.86267406409182557       0.96993523317397889       0.97496417405372493       0.97853396579875684     
  0.60361161591029311       0.70344611584932892       0.45035076558429016       0.44543663386028859       0.45640820065394078       0.87290341266277061       0.59359440541005037       0.85402439316919931       0.46434972687885451       0.49192076766949883     
  0.98915657504724386       0.93084474253677729       0.98960887138725351       0.98534042307536129       0.98572164422264652       0.99601818488633753       0.91957837367753315       0.98512585608532532       0.98756650872162655       0.98904562793882167     
  0.58447392189761638       0.74460104601953259       0.48241516602954976       0.59501310212483483       0.49139215959307053        1.5927962758086263       0.50098455475120496       0.91555835274424591       0.50172038662372409       0.66323105027715323     
   1.0000000000000000        1.0000000000000000        1.0000000000000000        1.0000000000000000        1.0000000000000000        1.0000000000000000        1.0000000000000000        1.0000000000000000        1.0000000000000000        1.0000000000000000     
  0.73046068567729949        1.5532444326238628       0.50402571569716514       0.50218668432963132       0.58096878576667188        1.0004740067931372       0.38663502234951680       0.78332462065169717        1.3500032062179643        1.6308923975613376     
  -8.2973943013109910       -22.175192321184770       -15.327843467119250       -16.644302835314537       -8.8237063999294207        0.0000000000000000        1.9727291800688660       -9.4547445613270131       -6.4975106867142243       -6.6179383260380824     
  -7.9037663374239999       -6.8478581554131521       -5.5715919606181785       -9.9235056821816059       -7.7319592395095951        7.0345365846934769       -9.0113158682128258       -9.0020862613784356       -6.8625912619497393       -9.4261745583210867     
  -10.383082771873061       -3.7131391525016997       -5.2026065118436575       -8.3803089625328706       -7.2643673609054087       -7.6933330478229384E-003  -10.296462230665142       -8.5109768520322540       -7.8388071079666899       -8.3494711750148554     
  -7.4839250491104492      -0.95033453785779864       -4.3146852290545814       -6.9811734969093013       -7.2276969916424543      -0.12406175812356363       -17.301871613828826       -6.6532196252478393       -8.6953235797595099       -6.8403334257039452     
  -8.0748207718985281        2.1027043836437196       -9.0283318237415102       -7.2148564408081182       -5.2890630960681175       -4.0334895064063732       -6.7760967298340606       -10.105632273410860       -8.9527284271297667       -8.1423536254538345     
  -9.1749697828364951        5.6872569060399227       -9.6316472355666534       -7.6751878914453320       -10.274874663424145       -4.5177565041774708       -7.8333395349583723       -6.9218896748067866       -8.4818069363869366       -8.5909560642506424     
  -7.4242102932819565        10.394346847832219       -10.233434716751649       -7.3622416081087341       -7.7177457680132049       -9.7991994079268210       -7.6353543650890687       -18.556672096231956       -16.134497354883813       -7.3645025609962289     
  -15.500488175184916        22.461901956005143       -15.487557655255150       -8.5295913151491618       -17.726392252052047       -18.614904668021683       -9.9326401757407101       -8.1983796850103801       -9.6138790455841256       -17.776186835522491     
   7.8903691403999019E-004
           1           1           1           1           1           1           1           1           1           1
   7.5878742656768311E-005   4.1349222840404691E-005   1.8156412517236594E-007  -9.3927851094824781        2.7296978470375085E-006   1.4817520027688936E-008
   2.6830905178397812E-007   1.9178434116062673E-007   4.9682534650275571E-008   3.7897017747867946E-002   4.9631694591726701E-008   1.8891936380311186E-010
   1.9209540379092609E-002  -10.644815672558433     
