   0.0000000000000000        0.0000000000000000        0.0000000000000000        0.0000000000000000        0.0000000000000000        0.0000000000000000        0.0000000000000000        0.0000000000000000        0.0000000000000000        0.0000000000000000     
   3.3187009373717782E-002   3.2449600057880678E-003   1.6922143063237843E-002   1.7081274802199047E-002   1.7568859074522516E-002   9.5790776002727937E-002  0.14953839584475973       0.10210065749511098        4.6400163939593668E-002   1.2220082822651759E-002
  0.52918476339604714        1.7719534519144799       0.75569011172010703       0.62464510220049574       0.53329711490346943       0.32641362749732816       0.34984146376184316       0.73998996515066651        1.0951155599595874        3.5329838743470252     
   6.4862951136625505E-002   6.3287436373247229E-003   3.3856632752814905E-002   3.4871054764283191E-002   3.5736977170566800E-002  0.15894560138491537       0.22000604633932080       0.17597003194329672        7.9474622326475744E-002   2.4234895802454744E-002
  0.80588150682138127        2.7646515540073220       0.72521326590602386       0.70346610969864942       0.64093645343547700        1.3563350710534769       0.67394380182200064       0.70872799864777469       0.87758875148943249       0.94120733664778067     
   8.6993198687976406E-002   8.2162481093172816E-003   4.7777389733656757E-002   5.2157436876903454E-002   5.2562959023955871E-002  0.19236392359797086       0.25473341962876095       0.22069080741205405        9.6858101428677471E-002   3.5503381964277984E-002
  0.71958906175873671        1.6067370034332762       0.76102240476093164       0.54564355214646398       0.85341558062261769        1.4068004553636271       0.58386051448791332       0.66656159953760641       0.60665129338360502       0.52887357678932845     
  0.11151198501539328        9.4741473799684322E-003   6.0682808337569859E-002   6.9059156551934620E-002   6.8729613125924960E-002  0.21110801883338084       0.27770085637230024       0.25401687745387558       0.10787056299900843        4.7298304978697477E-002
  0.79192685598633084       0.99378994378950014       0.76628451969696498       0.67126629249340608       0.58282354109974077       0.90135379812093963       0.62214213446279432       0.54290642189132077       0.42998996359328567       0.55950392497295098     
  0.13085508361680226        1.0803551688422713E-002   7.2166213212243341E-002   8.4382701255302506E-002   8.5070670459394426E-002  0.24205789011508760       0.29448670266475485       0.27535095745344929       0.11685161660463206        6.0925563268811989E-002
  0.58688804708773368        1.1170687631714904       0.69828675772252824       0.56328846656238230       0.74300707312912340        1.4973565007565488       0.60615023083131059       0.44540142014722545       0.58321062845373361       0.70823612097337429     
  0.15040949498110134        1.2324014713734663E-002   8.2922101277128846E-002   9.9995853737484874E-002  0.10165087534812271       0.27803526386447813       0.31023908738318434       0.29653579949962211       0.12912794371779859        7.5815037352024162E-002
  0.67260809994201842        1.0832927562253611       0.64460854262135214       0.64857585127292516       0.52338587724677188       0.86250876495163686       0.62839077887135708       0.54728388075869649       0.61818308819782863       0.45654637224804046     
  0.16858432732970005        1.3595083261636096E-002   9.3160709346610068E-002  0.11689848457431014       0.11895898349212654       0.30789018689952363       0.32541397264673533       0.31611374064322817       0.14343620402765864        9.1654412883257097E-002
  0.76875133943119878        1.0458331763510564       0.62336889833169973       0.65162706617266097       0.60248255126153538        1.0961900085580683       0.76286673922024717       0.43320272151785572       0.75261977729236695       0.76963299407304653     
  0.18764675075379153        1.5788928679915069E-002  0.10306939930229790       0.13268845845011687       0.13644670901407074       0.32891597946399342       0.33640682660185489       0.33456138762562970       0.15651824848282581       0.10803050948442675     
  0.62060646278501908        1.1662665265720387       0.74508827862866633       0.55522487857321767       0.83797510754925408       0.69619029017360656       0.43932206238927690       0.47236768295707171       0.63980901182584249       0.60220812427508585     
  0.20863602684367244        1.8301009135468071E-002  0.11302287065593586       0.14664698139927115       0.15388734957124237       0.34786947781230121       0.34422923532780980       0.35245706021611567       0.16753635353868418       0.12590298866271052     
  0.64821688756902185        1.3388764745738619       0.82151267961662400       0.46596861126035366       0.59486063519667454       0.53780195453529978       0.49419333600022336       0.39537988335869911       0.55967062153142000       0.57223595265467964     
  0.22905489214327973        2.1189449519870097E-002  0.12308119492316121       0.15958561749907696       0.17132501241920650       0.36553778045614232       0.35217442531526610       0.36962560898265767       0.18076909782310727       0.14514340996611297     
  0.52366959927152523        1.2019126526919810       0.88134275234713710       0.51938316674701024       0.65849531305536846       0.67926015727177824       0.51924475345303900       0.54540971055060494       0.57964201699822826       0.61851155137748415     
  0.24745819255725229        2.4512948987122495E-002  0.13301878678453616       0.17262903258094228       0.18752508938931051       0.38174771391497242       0.36081686329842894       0.38664140957211923       0.19768754110284356       0.16431676413465890     
  0.61394444180360108        1.1084145497804039       0.60053037291435152       0.62197077572209358       0.49900638945072245       0.74933661786067551       0.50711157354180070       0.51458685553269046       0.67517228569806786       0.66143273228337462     
  0.26524074567154549        2.8245843577299160E-002  0.14243237362966044       0.18914169426430627       0.20245127681238345       0.39701663252926711       0.36947783144403074       0.40188146779884693       0.21658656140699728       0.18328262849134205     
  0.69992798797342948        1.1708862668565205       0.47181467043547176       0.77154818675358650       0.66786180178237720       0.46809852122300749       0.50450985335157017       0.56494933172765693       0.82852369516618196       0.64805585068496940     
  0.28229071363082664        3.2406882936733217E-002  0.15112219560422449       0.20449804479497186       0.21732878315030801       0.41134695312145486       0.37943943032419436       0.41550209869297339       0.23745220944581763       0.20170190410970198     
  0.63415060150913638       0.86130619317620538       0.66540064427351919       0.53256361204044356       0.48333101393234790       0.65199131808725097       0.50029467350297385       0.50006336971397669       0.82561415998838983       0.56604705886250006     
  0.29910725350933098        3.7437855679522999E-002  0.15938572060185868       0.21798903747002607       0.23295249584257341       0.42369159565400361       0.39041175370830372       0.43029508113099019       0.25865841281026525       0.22003894867403556     
  0.55167000289261903        1.0930951247741274       0.61623327558680341       0.69032706095324992       0.71630462408025963       0.57007865667363966       0.63461598783505324       0.41095648166054827       0.84544264200752073       0.67695988464042733     
  0.31648002856065732        4.2798038383414123E-002  0.16714183718844783       0.23157110059455854       0.25110320708978245       0.43555697811586080       0.40086794031309708       0.44568591072228586       0.27761121696127633       0.23767767296927730     
  0.65590073727434883        1.0610153467866097       0.73870961120638112       0.51633667074180811       0.72882730127136197       0.48393840549027384       0.54497179500434567       0.41809561036025339        1.0186694823536546       0.85881542038360537     
  0.33386985315771467        4.9020167547608136E-002  0.17509333697579349       0.24585935630478872       0.26988098400686900       0.44684935549427468       0.41197008795224849       0.46241515170726505       0.29540295622389784       0.25496855626951159     
  0.59138935809292670       0.92196955012098647       0.69400630885220227       0.60585875176780135       0.63887145066496676       0.55223869552885829       0.65682251266048342       0.49899388197739147       0.94114020922529051       0.50034281981077111     
  0.34398128245080417        5.5472965776063837E-002  0.18282073344268804       0.26252647855686850       0.28873577380306942       0.45952392851556906       0.42281226820593298       0.47937971994817802       0.31293535456191007       0.27443939916825882     
  0.50680141243745980       0.66019509835620294       0.61792137822453364       0.62979531221937080       0.78279713193352440       0.63334051743869246       0.56567132193825798       0.54430785957518024       0.70867622339735381       0.63995592633579346     
  0.35575526259321733        6.2084790877387296E-002  0.19091271668143686       0.27999185378914077       0.30710131506189947       0.47164825897815588       0.43313825034637621       0.49508872614449012       0.33073744809626054       0.29356929625397277     
  0.56649450101142129       0.82909916685748009       0.69897422960324596       0.67020269520471942       0.79185527555573565       0.55644723100342430       0.87019257922053805       0.60248640244240104       0.77819270964542997       0.60095731191214108     
  0.36892389772444811        6.9736921102567295E-002  0.19945115378058154       0.29695597836592080       0.32561698538322559       0.48326441276472304       0.44233408034646360       0.50990269315591197       0.35008084105144516       0.31232308303732170     
  0.69555971220176771       0.84908089535955622       0.79657581089854435       0.72835446529458026       0.73855233455729707       0.71051567019933670       0.53797504018058007       0.45385414568242366        1.2672777734822647       0.63251467002932849     
  0.38130969147444410        7.8269035922787056E-002  0.20791057828211032       0.31344301186460471       0.34510293402243331       0.49490516688990088       0.45082568628263625       0.52396452254428738       0.37054926932414239       0.33048623604738114     
  0.60189718478877963       0.63956747287663673       0.67462436485817701       0.72721574317471493       0.70067933955181205       0.66913752368930501       0.55092673435698247       0.51074021089482291       0.85091509776505292       0.55999156352147894     
  0.39677265992430716        8.7109983332313734E-002  0.21561621156662733       0.33001623047094841       0.36268548595902783       0.50762146510969397       0.45937837555947303       0.53765675524041778       0.38587240216219099       0.34801502516401811     
  0.81337358669766191       0.56608006123931909       0.55709766271770000       0.60346522070133557       0.69811203331605498       0.63282638638407651       0.60411526921476189       0.73719987812127186       0.78793314946196713       0.68814252267741838     
  0.41243867908454174        9.6021121851473226E-002  0.22323980020088866       0.34701287038016182       0.37960376443009919       0.52079516327288033       0.46812712796303119       0.55167880112954792       0.39913708790988645       0.36530540877692008     
  0.65941721008995724       0.74556143834468802       0.55954130298325688       0.65513041458904808       0.63771083835163955       0.78907417717489625       0.77041823303809609       0.54705725070598166       0.73450122345871482       0.82306827461479803     
  0.42742157909090683       0.10597980004508147       0.23115643094189134       0.36367574604808295       0.39263682959774571       0.53396193569784689       0.47765051573534029       0.56512167764792753       0.41318048563987086       0.38054066595970337     
  0.43192440857603415       0.60794532137283896       0.61099854593493186       0.55800991244314180       0.52443771682760665       0.59257214189676199       0.60025008677719927       0.57308298664329038       0.51246683043111863       0.56739977575206901     
  0.44226287574211964       0.11681584048428899       0.24039979849786583       0.37980034934235957       0.40593210126221346       0.54728881343393465       0.48771705699106427       0.57875258727791523       0.42803299765541009       0.39465696841712711     
  0.61253217649786063       0.64225974758273052       0.57733368356863968       0.60183342422575303       0.78742938643006433       0.68952153062716026       0.74538307328300502       0.58338339437451148       0.62001762668321703       0.54414219793566887     
  0.45682057100513002       0.12843845781893012       0.24807171100877398       0.39602747110257924       0.41830060244526757       0.56035266363609304       0.49713963298903069       0.59131944344715504       0.44263269710049324       0.40847071966412596     
  0.54722978846829085       0.69652277195444656       0.60789161268073433       0.61665693537897648       0.61307135624243925       0.76574019257697645       0.67183861253516119       0.56889939864845906       0.70023268658218185       0.73292537333781460     
  0.47241968154919667       0.14085569293267225       0.25433030538050122       0.41241898086558543       0.43170691390427623       0.57332687888274125       0.50602790273206100       0.60471125152569793       0.45711669521430531       0.42216034145017739     
  0.61145699436936940       0.69528366154088073       0.74567389364998971       0.69902422351064952       0.51395295809369468       0.77104402624584889       0.78960690582704940       0.64604022640057857       0.55545444135114563       0.54944079133848345     
  0.48740368630682535       0.15404063346966623       0.26077961298028612       0.42841761692280078       0.44648784108061423       0.58574191317120605       0.51496453719842261       0.61595752441474483       0.47165692829473727       0.43846317508572091     
  0.55397399026506011       0.52301770806942116       0.56346135587922330       0.63204782241293689       0.57657167766758621       0.63348242722175085       0.86262472894099229       0.68997626241960164       0.67066606969012710       0.51448515356536495     
  0.50429897377588961       0.16781173790792017       0.26756266873016671       0.44506189176945243       0.46144150210510321       0.59688540380101407       0.52372463661689828       0.62605305962612356       0.48726917250609569       0.45513022398059816     
  0.75769205891254143       0.60302039538611074       0.56071982327062320       0.85902907090163738       0.59824418861174722       0.64049977670520075       0.59116407179085606       0.50733589534928925       0.64187455473812438       0.65457521010358810     
  0.52015125309295829       0.18223486956514431       0.27407890726469208       0.46131264999137522       0.47760327603882652       0.60780236079659100       0.53225415024953171       0.63605342742028503       0.50168120368538005       0.46861058990850496     
  0.66531330022179735       0.52783102698067264       0.50006133693330868       0.57238329993178549       0.58814632944673806       0.69686100092702408       0.89295676983545047       0.55797823227193333       0.71820920703452384       0.57070539815661969     
  0.53577871283873357       0.19709433928283418       0.28305966855133868       0.47813241166722298       0.49023920824314615       0.61862074845598047       0.54045517122596465       0.64665522783655738       0.51657208769769636       0.47951731621164356     
  0.67468353060268693       0.58571217394422215       0.51754954946208986       0.54150587145259155       0.59422353704914499       0.55580796782619346       0.73487813298006799       0.77769074489341239       0.76643926514201455       0.55998173583469313     
  0.55138224703300220       0.21268900282103714       0.29258623116055532       0.49617909125794379       0.50082280757212505       0.62927700518171237       0.54832788573363056       0.65875639934617314       0.53141026243789968       0.49065798729152554     
  0.87146515473953656       0.53651786219107112       0.55799280519007577       0.67191745153917104       0.49768426782865910       0.51874966253251342       0.58521628256803282       0.70408679501122562       0.77618324729307087       0.45853492558202019     
  0.56623345454182383       0.22937832683946544       0.30251860030711036       0.51273074349937919       0.51260377154966108       0.63967536955494453       0.55626566915004760       0.67128519003989784       0.54702825649087972       0.50195715750607539     
  0.52483042633152321       0.54339674418382067       0.58082184390585723       0.57366214486848666       0.55636617824228363       0.62468700358523288       0.76062393291317665       0.91924105739979034       0.63551708332205192       0.45718997649576143     
  0.58251836079770380       0.24610619400608913       0.31255462406414564       0.52782783071745154       0.52441607794532896       0.65002948557014317       0.56458253093128652       0.68280947696214955       0.56174097870839856       0.51322769126983225     
  0.71059342001908077       0.60112313658042160       0.59429240799879146       0.61329675166742914       0.50542922480820329       0.47303568007873364       0.50372829952947618       0.71334803139721026       0.62062499326908593       0.51443562026471046     
  0.59897721512499702       0.26265498049449321       0.32200177326926693       0.54461872954624146       0.53664806322152325       0.66011344343135858       0.57162714029031325       0.69416623519297593       0.57751679545199175       0.52732178177115063     
  0.75913657513522836       0.54680990846352762       0.67484801083460477       0.79950836076273946       0.59437004679202587       0.54885824535640226       0.68956470437430650       0.61444728116492342       0.71300971170188432       0.52367812837238359     
  0.61560791369505885       0.27981796084266686       0.33155354600465886       0.56210369171922325       0.55233176814896134       0.66985103297999238       0.57653659226900955       0.70561099684980666       0.59275867639304736       0.54234309752927079     
  0.54656744143256941       0.48419251209764191       0.56590255278689705       0.51677768437983307       0.68664670303794317       0.53790466188736896       0.64358867016909682       0.87468236098774710       0.66732505544622600       0.58753913363367283     
  0.63252363510646958       0.29771085497447475       0.34021790100169774       0.57880320571183996       0.56940321682252570       0.67959161445504357       0.58132036202811221       0.71736006662871077       0.60658851536147074       0.55828450797882700     
  0.67919598307359119       0.48012331245286305       0.56410522071538605       0.53987571263740974       0.80827902068332325       0.52959683106701716       0.49255379932452009       0.85761333008572427       0.51429465545500053       0.57239716560174358     
  0.64934764663892974       0.31621407167590271       0.34825831972991300       0.59562552167218241       0.58511426746347928       0.68981252719198083       0.58607047615883545       0.72897728055142941       0.61835091302648093       0.57353208575825843     
  0.59023084845237039       0.41339313738297684       0.52613991814518046       0.59467571539364106       0.61126686847565304       0.55224919173040776       0.54249233005994668       0.90108459949981945       0.60162392492215788       0.65992122558075772     
  0.66550579295115764       0.33469694830951585       0.35632783281222696       0.61311164336699064       0.59946918343292921       0.70094152786890629       0.59095574761086334       0.74028231746312811       0.62997717536240561       0.58482040806393587     
  0.65180277903753359       0.46885836513044926       0.44486649305772019       0.87358031722404716       0.55964177544452420       0.58589216278249157       0.62317801300912523       0.78466964733057354       0.54825789596082697       0.50224907012851616     
  0.68233370926027104       0.35262342070404729       0.36406227322935264       0.63074773406548446       0.61312518839356267       0.71143231760229131       0.59772871351345880       0.75164830161859808       0.64191036047091166       0.59527029893981365     
  0.60304320766543629       0.46084476630149290       0.56742154106229092       0.72794603830951543       0.66994684942115990       0.62804067941397057       0.74600295798821303       0.63742305670296384       0.52934992146347226       0.41958687236008907     
  0.69961713518137159       0.37034075607401179       0.37326509701410981       0.64828549096819188       0.62700010449047983       0.72127635654587852       0.60679442698422326       0.76306553518227038       0.65397446549767035       0.60582946371523594     
  0.79299382588273815       0.47884985888396797       0.44551561368584347       0.50291021737997110       0.69171063535888933       0.48804463658370029       0.62362204269791965       0.76920998185484246       0.50227045745090459       0.45755341225422425     
  0.71679822308805896       0.38937468510808138       0.38233696531544742       0.66613484314562621       0.63914614615347154       0.73112612091456564       0.61552658696968310       0.77462359836168315       0.66812297895251715       0.61750174380597167     
  0.68207224365256969       0.43064619813002003       0.43763535060894210       0.60183318831824661       0.60706494647042297       0.51397534056422267       0.86497779530721486       0.70001717037866151       0.58351650116619280       0.55287848803157558     
  0.73387204281830654       0.40929929267062670       0.39087279454920415       0.68450093078319840       0.64993004034795809       0.74058666383914862       0.62347080808595967       0.78662734348725549       0.68170841923629677       0.62898393269906505     
  0.70785460251794119       0.48808536364579080       0.56421157624736262       0.67010959727565333       0.46820955552827531       0.52851472903444829       0.65650023125549883        1.1569552627917405       0.58427502035605128       0.47969391332064582     
  0.75046704444001600       0.42881749891799775       0.39835941934458674       0.70286609557684876       0.66232349745061936       0.75049082674120204       0.63132147880622602       0.79890715686529001       0.69587513508227294       0.64608982510726842     
  0.63107217876727251       0.42328335607549378       0.45406100802698640       0.87154949471030008       0.63455560018548529       0.57557229226448947       0.59008045364765260       0.58647168354399692       0.59850592700748562       0.73680554823493838     
  0.76708954099681692       0.44830178625076844       0.40587289902689777       0.71936733824201105       0.67685431763469250       0.76077057825098349       0.63934184459245125       0.81112080529874087       0.70991655400643217       0.66279088326761804     
  0.76221061990929717       0.46480625618877042       0.55441320424928275       0.58136017234315851       0.62782702933311285       0.61386110727321763       0.61684170202266941       0.88843309971551221       0.53510511906838676       0.53671040460634090     
  0.78444545798341925       0.46780598839598098       0.41485294159699249       0.73774979659114170       0.69217741001016986       0.77117834123288209       0.64865007642493699       0.82184791449871730       0.72572627214371432       0.67982392523591550     
  0.58602172538711339       0.38861532741461485       0.47763970215230828       0.69839341894808804       0.53354807502095825       0.67322225344246511       0.64442183888775029       0.77170906446703091       0.46800241688538602       0.53470180585820992     
  0.79916008491827406       0.48774342103696139       0.42594259173026150       0.75323340509119197       0.70667825066842460       0.78188387663047587       0.65798534540710363       0.83004024425790324       0.74135014398161669       0.69715668254715979     
  0.72102482365561538       0.46331802731630339       0.52813339275572802       0.64107700814481072       0.47519329657906834       0.59104191613286949       0.55815228429357266       0.66313267910649876       0.46724225497833849       0.63000160296702590     
  0.81414960788048374       0.50805726132710849       0.43859213461975122       0.76930287983101486       0.72134288380839795       0.79302490999867770       0.66619974559532014       0.83749339675047951       0.75726611309843195       0.71572621920694868     
  0.72244796688022261       0.41500577885339585       0.68130263946156355       0.73581055036588761       0.67485809449424594       0.68830783559255881       0.72966621741491322       0.65857492713146515       0.59915994992718735       0.79245974500840477     
  0.82512355076478416       0.52814116050245330       0.45290041873737241       0.78135888295478573       0.73599666537737873       0.80443338609130999       0.67366353421507130       0.84574234709405727       0.77299133463883674       0.73388597065567684     
  0.39826473879127650       0.44713719505068772       0.67858817433477880       0.54966340876644282       0.72912420490612262       0.50821549006963551       0.59464840052150503       0.68201239421016691       0.53524328128575238       0.55336729944963170     
  0.83672664443087452       0.54846734654784712       0.46766405423098478       0.79262534278460683       0.75272824950453421       0.81583025544193077       0.68185088212199774       0.85447843701852211       0.78887908335204260       0.75224480977002572     
  0.54284866994521674       0.49205448082718856       0.81090463431157611       0.46568919333458536       0.69724407564356961       0.73838545660858845       0.61791328076739960       0.82484929364863346       0.76604207572253569       0.70750795839762859     
  0.84704513250451619       0.56890317463583584       0.48348152579354908       0.80362754037067763       0.76966890072182037       0.82707105989730390       0.69009135070514060       0.86312262080341706       0.80490479072052845       0.77013752887822784     
  0.45931444478811900       0.40956228942699502       0.67212585754904375       0.42208179733872198       0.56572041246784766       0.76707604226601511       0.57240633611240843       0.58739795397102057       0.51591408192759036       0.67643239845531167     
  0.85701998436384141       0.59029018890646234       0.49900655822659834       0.81610129546700827       0.78741614738227517       0.83810869680713895       0.70052853166783846       0.87316713818867631       0.82029378239221828       0.78851781834916834     
  0.47536548351319435       0.42535731480091044       0.65946812935275578       0.66632961851188510       0.54301857075689786       0.47334773192034696       0.93254971202084302       0.83671638614859445       0.48317544039420668       0.56149422754867984     
  0.86682178545430044       0.61214989171966327       0.51539758075581410       0.83133108364940178       0.80474504158022142       0.84893178479554010       0.71009775694500221       0.88356239712241658       0.83500219911397389       0.80717807238587025     
  0.59327047948201617       0.48058846283325085       0.50987118944724785       0.58179654703871020       0.74059470284765871       0.52744726878356818       0.68455471149827796       0.72760998117912057       0.64294894762991628       0.73390684186020883     
  0.87735118586667649       0.63564412847155038       0.53235527092923263       0.84654212371394288       0.82194959793231370       0.85961865587641728       0.72050922442875664       0.89248888883509736       0.84931593772580039       0.82476862660893857     
  0.51884209679668458       0.43077789495054292       0.64758016009257691       0.63360159703748775       0.66929370589382264       0.55973995600832371       0.58002197102824216       0.49098134704665897       0.50573665763096254       0.59304648738897736     
  0.88989270344893079       0.66128181358286653       0.55128701716890660       0.86193815812602470       0.83947185081578013       0.87027546879855777       0.73129622664778171       0.90150570067868496       0.86325947891260557       0.84082919384769617     
  0.51820820444198745       0.47926142741072025       0.62062690641793028       0.70724272110282971       0.75897945103055908       0.54343926315716673       0.86749825953107440       0.71525728822107271       0.41832455527011747       0.51548236749709386     
  0.90303143723960200       0.68671696951015015       0.56991223914924150       0.87536521688632962       0.85668974430056644       0.88102593084986991       0.74200607956765530       0.91258554812701786       0.87726237663139883       0.85610231636026035     
  0.72450973797841356       0.39673644255469470       0.76606586530699217       0.66391299226377409       0.60488752917120781       0.70272657589279441       0.49880152473592976       0.69480270109623665       0.45676304890865227       0.66583838359877434     
  0.91733488241045558       0.71170656416944089       0.59062738463150100       0.88519101975134984       0.87371506906973473       0.89200654293726189       0.75261960145282114       0.92368735527519874       0.89147520585404283       0.87192275505042804     
  0.62715614994076352       0.41630724177609624       0.83366153202028137       0.56605963648450963       0.68277839089820180       0.61093030674939008       0.86516047525630646       0.75378568924466482       0.46427948437853300       0.54040861049850442     
  0.92997546104165829       0.73636494682378317       0.61195690087150811       0.89537780750049789       0.89076367794166333       0.90326720766221080       0.76429352992833799       0.93195796211654147       0.90573127086443528       0.88861326429144405     
  0.49928827802443609       0.43180330741619716       0.74280996687393941       0.58952516926657561       0.68424131096112240       0.41684223490324995       0.64380006888559471       0.63375069251748783       0.51987797646509915       0.57837792255300169     
  0.94174901677503775       0.76097365756122270       0.63720123461362776       0.90612118506546790       0.90809134525196156       0.91443757939782322       0.77656614083573672       0.93916042851669834       0.92046825585653924       0.90676205157056522     
  0.49884654731647438       0.40837386235386364       0.78748071308293566       0.51654981209239703       0.82836351104059336       0.73559801558441329       0.69998686763844642       0.59593649732204490       0.61713661741239523       0.80817581286179485     
  0.95295611520599843       0.78792562568424607       0.66388114489923500       0.91690510194288555       0.92619039407180270       0.92545511146043480       0.79121164483249429       0.94674298893090580       0.93440708111543713       0.92563093494979209     
  0.70190746221640399       0.40416193045784415       0.72307861247831640       0.56728912868952452       0.47055228966591112       0.56274067564380947       0.63531789399793170       0.57748686427316731       0.45059327643956743       0.52016110262456405     
  0.96489568361971001       0.81657915063768571       0.69719139599462010       0.93231812895830857       0.94337645757779931       0.93678212880497225       0.80608406994505777       0.95495172507021608       0.94869085453543089       0.94295090697943784     
  0.62267159610863265       0.36838368194844801       0.59307251961956853       0.83650950446633487       0.74918863446885720       0.49584205923880309       0.75662953866888938       0.55542485857725898       0.59774200769418417       0.58817133179015468     
  0.97533795282742886       0.84934010505318047       0.73457524946295716       0.95008298010325587       0.95810748373616206       0.94996936274134003       0.82630184014988761       0.96339623894667481       0.96162236193207273       0.95891884428793994     
  0.61256846545520383       0.46109263552509838       0.94459361559710697       0.61568043985527010       0.77024586804047102       0.52654710653998993       0.65869525486701386       0.51672442542937957       0.48516766906351871       0.84762989262008193     
  0.98467871207674718       0.88593610718125893       0.78911215289296888       0.96660745583400209       0.97105065787873646       0.96396397441707515       0.85170528209432583       0.97602764234204509       0.97499033881655017       0.97396542463177682     
  0.70481901977916039       0.42229087473631077       0.64656485687526533       0.83111214532306710       0.61062396129952079       0.86142238790428405       0.69697867804358826       0.88881249268498341       0.48376815886409175       0.57070074521037628     
  0.99257500872556215       0.93599629032576881       0.87276331651615713       0.98380048296582057       0.98509106080936581       0.98057162383323848       0.90213285750078664       0.98810975951441449       0.98745484874977352       0.98709636578611570     
  0.97182419584587598       0.63646666942987107       0.76593923111020479       0.79273884317396082       0.53660223128475204       0.57929714957604828       0.66963448483414290       0.78040782337609771       0.43456813926515492       0.68780959425620924     
   1.0000000000000000        1.0000000000000000        1.0000000000000000        1.0000000000000000        1.0000000000000000        1.0000000000000000        1.0000000000000000        1.0000000000000000        1.0000000000000000        1.0000000000000000     
  0.77696049325968042       0.45710253714929966       0.52764223632571117       0.82728823468551593       0.51749364701968770       0.47977531879479351       0.39555344437114531       0.57571645967763296        1.0859473282338534        1.9221679820827584     
   1.9426827002296112        17.546268481490912        4.7812801148590565E-002 -0.34810197566785334       -1.5973474334981654        0.0000000000000000       -2.3246329884558201      -0.41363396023382537       -2.1744403971293353        3.0442904195183118     
  -3.4733894936165117        1.8181390908656998       0.60836491184302510        1.8399807774685286        1.7702741144569010        0.0000000000000000       -1.5317469365570500       0.93164369493339838       -1.1017192374648839       0.61515287452280287     
   2.2424959195212364       -1.9645429442020965       0.22143101842241852       -3.0278514982221099       -4.2246434528258812       -3.3907120983878984       0.74948881754022800      -0.25273417311992014        2.4960102186113988       0.34250076099912607     
  -1.1170171162652176       -5.6645210129856576       -1.3574546073066980       -5.6128048137667676E-002  -3.3425947093441719      -0.45301077546227270      -0.42047034303566444        2.4434223555701462      -0.69434496798821776       -2.7009756131208484     
 -0.83198520563797418       -6.7455649062909826       -1.2102939855176440       -4.0104475028677093       0.87673415394903731       -3.4462649088713309       -3.5956705970166083        1.7167978082213359E-003   1.8668416162301014       -1.2384286045203541     
 -0.70031245753631344       -8.9809178078256640       0.30883687596166676       -3.9073786991400010E-002   8.5680972650421336E-002 -0.35296445309950158       0.81619209966472706       -3.4263898248468072       0.11136342288207918       -2.6983621004313321     
  -1.2793295298991700       -11.507810445840226       -6.0586146929583808       0.75927476093480928       -3.8041298516744497       0.59763980712227371       -1.3173332718931863      -0.53551795101981992       -2.7273303274243132      -0.79376173097786240     
  0.20098611292067892       -17.538791974786434       -6.9875165478511629       -6.8106957318731662E-002   2.9946316452401986        1.5395144410767818        1.0703645106036010       -2.9056588454441465       -1.6297919636893310       -2.6856889339789616     
   1.1717584279495347E-004
           1           1           1           1           1           1           1           1           1           1
   1.4594127198321737E-005   1.0894166199401564E-005   4.9080161913418858E-008  -1.3632311868628733        6.3421239930983775E-007   6.7188860079056734E-010
   1.1898080990059258E-007   1.2140273746975155E-007   1.0492529465221041E-008   5.4564728515508212E-002   1.0489445597014452E-008   8.1599191778248866E-012
   5.0000000000000001E-003  -1.5202764277024410     
