   0.0000000000000000        0.0000000000000000        0.0000000000000000        0.0000000000000000        0.0000000000000000        0.0000000000000000        0.0000000000000000        0.0000000000000000        0.0000000000000000        0.0000000000000000     
   3.4961954059369464E-002   1.8290487347508676E-004   9.2925894821578287E-002   1.9048368480293822E-002   1.7302020348571281E-002  0.14101308701878879        8.2164711553812469E-002  0.10742090209084666        3.0036142942282337E-002   3.7291403405384921E-003
  0.70873950860035684       0.82685600312558127       0.63846573707303123       0.91354156393073294       0.91229415101896327       0.38396087445910626       0.75027542906636469       0.68453725576324354        1.3080123630875877        4.3185110606073360     
   5.9920041738635167E-002   3.7522928341096292E-004  0.15947996083656590        3.5730946207067474E-002   3.1395442290907946E-002  0.19670054164520748       0.11345068907332290       0.17546778525411202        4.6054907610627978E-002   8.0696529219888950E-003
  0.82067940329523104        1.4001453172732523       0.56064154721180626       0.70982604849536246       0.65360131543077737       0.57087444077147531       0.76790260664376220       0.79026417343780020       0.76718706273977633        1.4613564625992757     
   7.9066741483196770E-002   5.5125814979321321E-004  0.19399998334292254        5.2718985943520716E-002   4.6091710055480573E-002  0.23209444537469068       0.12972381130198143       0.22132468952713286        6.0290537856779666E-002   1.4755398646654250E-002
  0.78480758630954184        1.3215190960977314       0.60170203445798653       0.65727771183997585       0.49018744466409403        1.0109248198229177       0.59633700864357664       0.67276738531073932       0.83824810866673527       0.93405125893318974     
   9.8234116186614984E-002   7.0812985477785662E-004  0.22256828089943989        6.9429937713013840E-002   6.1554016089484943E-002  0.24580210853122797       0.14418915507231206       0.25716384173187107        7.4280687069438842E-002   2.4783438750102013E-002
  0.80409774930597777       0.96682390395827333       0.59619726386200655       0.61977944178842048       0.80541186814047816        1.0174449181488507       0.93395258004058312       0.67264658546234912       0.71623400573797702       0.76773315552218391     
  0.11573279700536794        8.7405552272825401E-004  0.25049410161252411        8.6282338333221881E-002   7.8855652787693409E-002  0.25899554543249809       0.15619709326344805       0.28383032950289827        8.8014301440227177E-002   3.7284992913921837E-002
  0.85793412753182841       0.92461427407829089       0.50644395291027300       0.66283723384183579       0.83574503630956354       0.67661239099307480       0.58476759572604220       0.74292951578249433       0.92884867686979455       0.72734130608523018     
  0.13323180177041899        1.0428276786292514E-003  0.28216295555610565       0.10322938908980879        9.6680660743309527E-002  0.27512829923102378       0.16722373852286315       0.30587190188794461       0.10132518361889550        5.1950159510604041E-002
  0.73600542025657645        1.1937922079779499       0.72918764393068025       0.69773368005188730       0.78221349451918309       0.79900962387750818       0.80473116223117458       0.96704666278491935       0.85824370573713371       0.80190296866443311     
  0.14981159783358097        1.2210359546636527E-003  0.31197643189663105       0.12035359334137755       0.11440385327572541       0.28830155193570450       0.17776849922336110       0.32584795865383109       0.11281453876337659        6.8179996477768137E-002
  0.79883341702366750       0.89849492055973934       0.57767801989166934        1.0336678467548770       0.63452556395144311       0.76928362171536280       0.77469646638181422       0.75804278821092608       0.81599556325622302       0.68883563369112566     
  0.16748450725845074        1.4292234583692135E-003  0.34040728119754859       0.13681062479802814       0.13116420961925523       0.30155210943848171       0.18824813137448407       0.34442007529010965       0.12354783871149544        8.5659674332899907E-002
  0.62413252273495878        1.2045987559222131       0.66234258221125530       0.74329165893167937       0.80020330487801206       0.77411597894267747       0.76902450840561476       0.83702383648153711       0.66276713928560782       0.62396198476610698     
  0.18527255415888111        1.6654233086764675E-003  0.36878267235281542       0.15396078245668648       0.14742040263117931       0.31578345975288763       0.19883573251057793       0.36110906169357476       0.13449048071814457       0.10390971199330780     
  0.74771232899647666       0.96616012203065782       0.80321128369544814       0.70998224376864594       0.85630542926830089       0.74465269130491207       0.55423959982368332       0.80561319946433374       0.73561039388125005       0.59267856366664373     
  0.20407002977192748        1.9247950659856041E-003  0.39686838544430347       0.17111188787947140       0.16475723559673705       0.32938274182586719       0.20870348062878383       0.37672469405511144       0.14708864994406931       0.12258298296868143     
  0.68060677129646097        1.2252831394777204       0.64086097680805743       0.75902414944687313       0.81952800668914272       0.77584957120308340       0.68452900262281835       0.66149203720515937       0.91930282011380804       0.55659479124872535     
  0.22356990715873964        2.2265006852041015E-003  0.42331980773107969       0.18886498252889666       0.18230087747365389       0.34204713914231843       0.21879738792944520       0.39074306349315741       0.15958549936479477       0.14193421315219185     
  0.65428469281649004        1.2377272989839561       0.63560969101137521       0.88380952392720180       0.91070257453329539       0.70120396667695783       0.57398055138934367       0.54512869843474010       0.72737139027541298       0.84616583535309065     
  0.24347647048918211        2.5783064385955846E-003  0.44698997323094170       0.20602617910857390       0.19970601768952312       0.35410000707702333       0.23033875989961883       0.40416135585511503       0.17395276248078012       0.16127444490872134     
  0.71403804023132778       0.90186476267245430        1.2745897657960279       0.99913607987764386       0.82662235187447697       0.70880386935341178       0.72068287015236288       0.90955215732708605        1.1652259291290701       0.80702419636815692     
  0.26080930484404041        3.0078721657344214E-003  0.46841543508776490       0.22345341455111883       0.21726593775019745       0.36671615961266057       0.24095267691127570       0.41719918924686794       0.18722602414382145       0.18069630647220836     
  0.84946536754435309        1.4692523942875679       0.62752487690092484       0.76314724478603835       0.78576780824095460        1.0598674478353676       0.68517130797545045       0.70575597343843322       0.90972245506059346       0.75229445504334447     
  0.27586548438347153        3.4871793935246660E-003  0.48980547960404336       0.24093015632191667       0.23423050472972567       0.37901590583570832       0.25140210053269912       0.42908210667857127       0.19880333732529928       0.20045918238311461     
  0.80460910005439445        1.2466256364261075       0.64908066564565559       0.88718170118856621        1.0127747434297003       0.82451035383427562       0.86940651591841267       0.58378731411118667       0.69053227278252538       0.56626860608926133     
  0.29093359100782751        4.0074341069047852E-003  0.51128579864306867       0.25829709061085887       0.25137211720232955       0.39151158854205326       0.26183361592789223       0.44276400241889069       0.20979581629972510       0.21995553523119230     
  0.75767558918511635        1.1070983048533403       0.86666530651763307       0.70150294936575930       0.86724079190700176        1.0653056184490528       0.72849233030330351       0.81212000621279856       0.79382172101749260       0.67039580479161476     
  0.30502947587161688        4.5906747010276104E-003  0.53210820983408003       0.27445752214797592       0.26879803956731202       0.40382019360373134       0.27330966648067601       0.45770308873853593       0.22193772210401708       0.23845610473473303     
  0.76489777094641620       0.98719828455521941       0.86611114427359204       0.84863473093234998       0.74970524389489235       0.83615572673315697       0.82657701203762812       0.91711034544213488       0.77153174481679754       0.92224409692031195     
  0.31852270098319158        5.2326986665521512E-003  0.55095833173918418       0.28917217936204176       0.28750813003263964       0.41573573563999955       0.28528232872573200       0.47264203777888669       0.23763082673863264       0.25533578819601854     
  0.74922175127773716        1.1149198559139315       0.71342270236024763       0.65698124801362456       0.82122956415338833       0.89523879086033853       0.71842802892830815       0.79279300337351211       0.84404321587697584       0.69185142435196656     
  0.33211781419976044        6.0760602494545094E-003  0.56718449208622856       0.30371211179097479       0.30653071883847305       0.42715199168516077       0.29539378519361531       0.48619489214050626       0.25537672950102036       0.27161750568291182     
  0.62331117604217612       0.93210628929180961       0.53779329953796384       0.62932129140940829       0.93053683670132570       0.98181118588003358       0.66292045543383404       0.72067937641973456        1.2473099502182281       0.52062275554178039     
  0.34534713682881057        6.9813844161943648E-003  0.58180388573741693       0.31817875938054441       0.32584607066438914       0.43840941306630427       0.30508532617064021       0.49756626106060731       0.27266153315234359       0.28884313707535264     
  0.56865363368034838        1.1033227457963679       0.67290611757047469       0.58306733884513484       0.73327901910873206       0.77131902764845950       0.81393733125638557       0.68420378130473558        1.0272660774234970       0.59798376744085902     
  0.36030015308502200        8.0981864092339872E-003  0.59589664573312218       0.33421024906241786       0.34372858028764880       0.44960256835509177       0.31509032856257513       0.50845144039243473       0.28982629908453877       0.30842333616594814     
  0.77120615148221450       0.72297321850146989       0.62642493819620448       0.83010346403290702       0.77067543611008393       0.72162970544141991       0.77429822345294674       0.59875909878955780       0.90464721171209728       0.63635068076864232     
  0.37330609989994307        9.4160249217382815E-003  0.60939548997577142       0.34738416196357691       0.35982830840189034       0.45993246470272670       0.32571862752416780       0.51811350212956042       0.30602853565383276       0.33081528629241985     
  0.63919186022975516       0.80471444260630487       0.59188938205873232       0.67654452086130801       0.71793169063399132       0.62995646796248284       0.77236973924642760       0.73540688424270162       0.86488821431623131       0.78405917972477901     
  0.38361882762325966        1.0831594481455077E-002  0.62080863471940917       0.36026695568254752       0.37571219693218555       0.47009233463691852       0.33806865579581702       0.52771596612240568       0.32265997970893090       0.34828532972084297     
  0.58026773996220327       0.92648657009451485       0.65350173255629940       0.76181491435127324       0.81803703620142398       0.67777939163387380       0.77551298994221607       0.63602568454313302       0.98495927035003816       0.71566969972142691     
  0.39457408414957396        1.2417404135320522E-002  0.63091171671863766       0.37357022096698461       0.39043528542239964       0.48040275575144653       0.34747646508357022       0.53898014110985870       0.33846455410549381       0.36650151240446704     
  0.54357099200542180       0.91093961083571007       0.70235494372752738       0.58802464421859557       0.61950319517694907       0.64496765201981721       0.56372046905263329       0.59907286574132457       0.69984775654680620       0.58942806748788423     
  0.40539573246290167        1.4319585959020786E-002  0.64119289182395200       0.38761018231916494       0.40817050245846864       0.49163499861089388       0.35747101569747181       0.55108288273857930       0.35407719190073417       0.38416344543589154     
  0.55890493828038312       0.65205213554470498       0.77720271914280104       0.61148998840043156       0.76318946359963691       0.88041547609520543       0.56527614130481352       0.92525837259949406       0.65318636042691980       0.62835861725944286     
  0.41650443710437868        1.6646482870242497E-002  0.65252479514936790       0.40413306992652209       0.42414550065071921       0.50306619582498546       0.36817093714712584       0.56380112095631341       0.36681302164324564       0.40227315697488603     
  0.77704395545055049        1.1928760983403177       0.54476929370071125       0.59803552621655143       0.62554138687207317       0.77658450662672762       0.67198495513800494       0.76485943940340340       0.79969382713765902       0.75625012493249122     
  0.43086482566952528        1.8407448715676240E-002  0.66683142909968718       0.42221894238891006       0.43888165073135299       0.51434474047926537       0.37980654835743816       0.57684291263444498       0.37679702856812880       0.42106639283982983     
  0.71601955417290009       0.50635741493737785       0.98301879875705844       0.75872287006002082       0.66193757665660335       0.62083071614588303       0.95817377880110854        1.1102801647978906       0.56880706629973110       0.68808735106298768     
  0.44723360336071205        1.9997348494661216E-002  0.67922957060454991       0.44012629384617308       0.45346378491299028       0.52526261876742153       0.39165850305832400       0.58983767622037264       0.38750383190111654       0.43729205362911189     
  0.72343220335392278       0.48868068839478818       0.78983133851305498       0.69577466204229044       0.73425891951409461       0.67417298398333181       0.55364898258781026       0.75092894494114359       0.64299057428588058       0.67912128178130071     
  0.46306442062716291        2.1788719222516944E-002  0.69073240115418721       0.45793106858925731       0.46834727979120500       0.53562613968196116       0.40314303853590922       0.60218355271212487       0.39986314821258656       0.45420083324139887     
   1.1087078612785366       0.52732170647355647       0.51131698968249839       0.78498595555112760       0.76485488095881660       0.63028588236758487       0.74502320225531060       0.69916391820260682       0.70608335091471253       0.57666234845638309     
  0.47990791723362308        2.3784700249718866E-002  0.70281343675323471       0.47430677591190035       0.48504529054090001       0.54591635185747056       0.41480078317952446       0.61384259838610833       0.41347096008501355       0.47128143363912472     
  0.60501423399081156       0.59727195877719597        1.1000145495198501       0.76830594783919193       0.96048412808522732       0.85138909880658298       0.90200895603920916       0.62611659619114368       0.59827371964494580       0.64999551172380576     
  0.49763007677984433        2.6976787726661414E-002  0.71507854621363953       0.48698624039669530       0.49837232003471182       0.55586317512276140       0.42692269988578180       0.62429577621879850       0.43266712696151272       0.49008464972506433     
  0.75342853200326032       0.60088336904219264       0.70339684628027832       0.99798915692203938       0.52412057784041222       0.55909288745249253       0.86060615996318590       0.62177978904758291        1.0855506136769091       0.63109859125007350     
  0.51581963387565688        3.1594027857564287E-002  0.72649161386659744       0.49936187328826676       0.50920923618938807       0.56610292528657802       0.43971747490726565       0.63515449440048943       0.45181141174560902       0.50796960353711917     
  0.61949398329736705       0.78454786032787172       0.91151902822024333       0.56018983252274723       0.60163147404819994       0.72769955237211492       0.71516841127739939       0.93056287280130945       0.94718067126132544       0.70939022735648993     
  0.53380221965496233        3.7000772728315708E-002  0.73764546903395267       0.51286996110170313       0.52083063388903617       0.57722083999713791       0.45285612348408821       0.64634317642489547       0.47150276032844546       0.52522013178104732     
  0.92422174737463125       0.69942335985395032       0.62795771987219773       0.64073944400425509       0.58081172063304887       0.76958499493637988       0.71292199111910659       0.60729030241594439       0.80339864002460559       0.49844038829660153     
  0.55104720954648589        4.3280096015676006E-002  0.74833064023358953       0.52943833873127766       0.53226175998594560       0.58872008265193643       0.46560988154359839       0.65756852531308940       0.49028692276227714       0.54226291193270781     
  0.87089098814414712       0.72468245360226646       0.83515234824722473       0.94128277882935085       0.76223846527971162       0.90912980205690308       0.81720716437546859       0.62108289317911669       0.57527227294153416       0.50998546178293991     
  0.56813462789432290        5.0722186258219462E-002  0.75927150571016111       0.54781133929208048       0.54819975823148437       0.60179272493008606       0.47750096113039020       0.67017702318499039       0.50774181915012684       0.55853668914688859     
  0.69750095691695480       0.66689243617961502       0.71131092273162067       0.81734080118520092       0.67840910732787874       0.87772876614321038       0.79476911259202776       0.70778559580245359       0.72698564081316541       0.68804574586748224     
  0.58394461494560645        5.9880785853421582E-002  0.77022918023394027       0.56588695159109015       0.56357381798729200       0.61472860734805568       0.48917856586784053       0.68373780956552943       0.52318590442136670       0.57245333903870721     
  0.73582069338471634       0.87516925445954885        1.0589439980663005       0.67982036815977842       0.71549648268858390       0.89369351278782039       0.81811513055747087       0.72914939476513518       0.76132556502453930       0.50308788182130426     
  0.60054564546008571        7.0696764293228118E-002  0.78095529575383860       0.58264532301986871       0.57491861752305973       0.62641620354378269       0.50119253908671357       0.69733800902096243       0.53847740607773187       0.58546293706018437     
  0.87837352042991712       0.78556522129762107       0.71294003495986458       0.72323668118624151       0.76426778257875050       0.62710974279954546       0.68845875827949976       0.71621980236607774       0.48042081052389307       0.50978951336695244     
  0.61627401896464828        8.2060203069551543E-002  0.79001194267315755       0.59960725469393583       0.58554114792160583       0.63772412891413588       0.51364776767727616       0.71073911651850930       0.55392160658739631       0.59828522065256440     
  0.95244045692494950       0.79691599208505148       0.70768023269503277       0.87477566559021358       0.44542394204772595       0.71304255706092334       0.68500085928835175       0.79485545806178215       0.60275222617309121       0.68219656906954151     
  0.62771518403978188        9.4118590964483648E-002  0.79720109216127555       0.61673963917891617       0.59573327379392194       0.64929998112530729       0.52575287936282067       0.72320099417102390       0.57053642503110380       0.61104706610053450     
  0.44633760790531474       0.60017780340146876       0.82136409364895202       0.81716819777736149       0.57723464334545915       0.55863902952361288       0.77398461765065718       0.73135955049944845       0.58284033902703036       0.71747685359727364     
  0.63964868940382669       0.10750938283604451       0.80444684570978864       0.63431732728368695       0.60573057705942457       0.66064184161952522       0.53742475166736892       0.73265659722290710       0.58737962273814415       0.62615546185542537     
  0.60463366774930860       0.81320836125516160       0.79032098370814241       0.97362455836897843       0.52231598333857254       0.57967321086934831       0.74674637086370366       0.64255487005628553       0.70640402378111955       0.67402813644927606     
  0.65083965394094045       0.12269221968318304       0.81124318324041012       0.65118679209806252       0.61787690410468288       0.67172389491279516       0.54882775338525869       0.73996341183081371       0.60465304712051571       0.64319754711240706     
  0.64309235896735528       0.64871936889045401       0.94058683871741189       0.91680564370698747       0.69838346166998466       0.57748550922056829       0.68811802048418880       0.58358315347805056       0.89617616612135553       0.85205411137555320     
  0.66245340543488485       0.14190845853832687       0.81915243932449378       0.66727391659371393       0.63254795687892784       0.68326463640718593       0.56066924490382553       0.74675258509132370       0.62322339366731705       0.66067805806616475     
  0.69035282679121157       0.63458947775054497       0.72616320031234016       0.77708824867858706       0.83593863627025822       0.67520936307634727       0.72860232794254687       0.64109990810241035       0.64693265652263743       0.54991680546108190     
  0.67728202237144031       0.16195159521984387       0.82729594600785850       0.68301228558726645       0.64692016439045008       0.69533360787644538       0.57268906343755765       0.75175798079762479       0.64142417613126312       0.67920604645911553     
  0.77864812602458477       0.62474387795362429       0.63444740741006078       0.85279747292440755       0.70505692431298905       0.68808489013885477       0.93599944778795585       0.57965999883594199       0.69034823777641763       0.55604936283717288     
  0.69284561892281382       0.18270314055751080       0.83535222311845558       0.69923189725226265       0.66196134332279377       0.70790730653073264       0.58274560490114868       0.75681394942393021       0.66013454661235127       0.70038319603787269     
  0.76111693626328036       0.58453929518356929       0.66597384883415711       0.78055894861032205       0.60119249590702495       0.91252513453399065       0.77025096531940229       0.62303048185013499       0.68047950137454949       0.79410770863604641     
  0.71002381835011663       0.20429384756198457       0.84341421565902253       0.71656638928455030       0.67755290897173504       0.72044539070526781       0.59115451093330251       0.76399382102752000       0.67735983301375180       0.72173609448507625     
  0.78879797361204029       0.44082846096536293       0.65752333554001241       0.61954901669292117       0.72504166196815434       0.75004926469097288       0.59354173324393311       0.76200009992409912       0.60762275386636444       0.60144771419711174     
  0.72593176123193548       0.22913839715699152       0.85077704535106036       0.73413439163068517       0.69279514337858705       0.73269804956047169       0.59801544054743117       0.77417683091669487       0.69042485518097751       0.74167386390759216     
  0.60174044922934677       0.48387595931747091       0.69202992650792661       0.66173390252795850       0.74130375251833658       0.84274402787233871       0.54729574715963414       0.69787661755025043       0.57056071224780058       0.72913406677864201     
  0.74202047060873644       0.25514791306466456       0.85994666750548276       0.75141587172483104       0.70756639487830986       0.74488542627417254       0.60423718857593678       0.78603581292108360       0.70408558921051245       0.75924134391115405     
  0.73171882642508057       0.62000841476687252       0.89639699414161556       0.80719720278871454       0.79575613211627394       0.72131638973386025       0.42596192289037643       0.62722553312330853       0.51226005614195758       0.71230863777811471     
  0.75885913472172417       0.28048247150824568       0.86861460336813956       0.76885344374984144       0.72385100332830032       0.75683646806635607       0.61047481541483983       0.79792321127323829       0.71847826195000830       0.77548979356086012     
  0.90755965290210550       0.59605748751448862       0.83489962527490602       0.84909443661531259       0.71923622897037731       0.80531624979524685       0.62744772262562698       0.70616089629661438       0.63580330101733917       0.63580545765763441     
  0.77591419373948700       0.30693665655597219       0.87746296025803627       0.78626748602269814       0.74151482600812357       0.76839648535766558       0.61985483246303053       0.81058742073421430       0.73626478130946471       0.79208548253092381     
  0.65063153887743919       0.39310141099348722       0.91617979101409353        1.0087366305533219       0.83887667827383894       0.63305440631473864       0.81522014242994301       0.91447392153314055       0.68209032253460944       0.61422161866449709     
  0.79329358999387456       0.33700202873733287       0.88617637060449495       0.80386157824473403       0.75854425805710612       0.77976476050820920       0.63214810528790322       0.82338488225777728       0.75654781238649027       0.81217998648263001     
  0.77085676129057379       0.55390915439665345       0.61946715792208551       0.72751241652791421       0.64696828880804846       0.61572808014839175        1.0231751164203609       0.76154467050677210       0.82759756793538086       0.57974571535416386     
  0.81065549008968441       0.37400022351864870       0.89452753361482340       0.82026164785074618       0.77464691521764706       0.79107995545191800       0.64500458415178319       0.83497862428341207       0.77641333013726432       0.83409630080706187     
  0.85075031642685228       0.70238970765931552       0.73448189621988658       0.82795792387715528       0.73690906633816222       0.53835596765160143       0.95411428635379925       0.91053007520113216       0.64313887721402330       0.60965092088034822     
  0.82779462624934008       0.41282901780682468       0.90225172889526273       0.83536630032133197       0.79058285845436349       0.80422092473037921       0.65829570880909372       0.84512826775509431       0.79562338356596818       0.85450603611320075     
  0.83240588225752521       0.66372532392733119       0.93773849900080097       0.68279280481788995       0.74491445219488872       0.55832114548550327       0.68233704071419743       0.65778080849956122       0.87724437434773384       0.75088230263018785     
  0.84162197734464461       0.45192688043196749       0.90902652982697807       0.85089682134393774       0.80762264207836210       0.81818930829981962       0.67070406082770095       0.85451936561148234       0.81431817118296135       0.87364689681861607     
  0.79491095709516069       0.66791818401567604       0.79898545136867472       0.77514568079710566       0.83349044144531026       0.62034765046395290       0.67630882871271336       0.71183238481785116       0.49202630595882191       0.68372573767700962     
  0.85556968061758087       0.49274111638209855       0.91574475510553965       0.86550265504397561       0.82563453933264308       0.83259019210250096       0.68206761505888946       0.86369750389814159       0.83295236385179716       0.89228798712244162     
  0.80109337555496485       0.53000704691907996       0.92922574254797641       0.82983651402858516       0.62254109443529659       0.75654919549999056       0.89643031312342347       0.59326964272557958       0.86068484022294311       0.62395220915109306     
  0.86975964612163792       0.53503470813773912       0.92180158096731279       0.88085119613308482       0.84436682370313410       0.84691561279827776       0.69373013952755991       0.87436181084258469       0.85166696586539081       0.91032532901673169     
  0.78934575246453242       0.57373590677382502       0.71043297916322323       0.77519070279129954       0.61996197600144642       0.66130392369598456       0.81961163004109305       0.83347512641307009       0.57335305883583410       0.61986975251759635     
  0.88553556455238591       0.57729286245698186       0.92840793090998697       0.89506219813528642       0.86308574143609118       0.86142257672116518       0.70547845954715016       0.88630319900784726       0.86994998969491066       0.92701040428253745     
  0.91175405977399981       0.47975101439126466       0.83423795357568686       0.56373325534847452        1.1251842000812784       0.65249308759814728       0.74389609140191315       0.89701591414518977       0.63395562974826036       0.62516602807563582     
  0.89995870785660625       0.61863327333502616       0.93457656348156004       0.90618460285873670       0.88086660891401525       0.87582231727861370       0.71868776606269236       0.89879031405202980       0.88799515956068398       0.94250698045406089     
  0.61331440788892677       0.42718120828302619       0.70384801534065344       0.56578323780811290       0.77998519175321646       0.75813449846485526       0.70206933124491466       0.80672071933215650       0.68682799677936812       0.61955100686335474     
  0.91252549079799650       0.66048013390004923       0.94124244233494525       0.91712227560845883       0.89836208504158777       0.88813709362975102       0.73292543977930269       0.91105950358052867       0.90607939901553591       0.95704943113345242     
  0.70275908710837309       0.62793810340765899       0.66947919335005357       0.58286503911853460       0.99354630310040215       0.84821178507777484       0.73087269786629716       0.75618731150023866       0.58670575464249697       0.55497635044386784     
  0.92288408061007832       0.70236400720726488       0.94845201048722572       0.92844288812828757       0.91531958687005444       0.90072980013779325       0.74979485685629377       0.92294813214317961       0.92444442221816825       0.97030107822159983     
  0.68885340749929724       0.55440146583202532       0.67538768468918131       0.71701727983571995       0.77246938642662466       0.71851710892740983       0.72238093382228463       0.89438528125288863       0.61481930348110847       0.66766511675336626     
  0.93358074465418528       0.74512794280175876       0.95606860631238955       0.93974383602834932       0.93073519712274400       0.91250196464812228       0.76900057473355099       0.93500503710526994       0.94292460423356828       0.98125244973760484     
  0.62602788045108426       0.48469408891780213        1.0086063208256619       0.53950161853215561       0.84602942665338488       0.78147047454292129       0.66845193102724410       0.60952438193123570       0.56151862736072822       0.61840430556892545     
  0.94584414630091052       0.78946996657892521       0.96361593052418426       0.95391913140699092       0.94562137619204756       0.92454704743568239       0.78936589098924637       0.94744157776989857       0.96157853562701323       0.98945070138914892     
  0.58545288657112871       0.60221598232736917       0.61992927200966552       0.60650016742420454       0.59749169968117966       0.65597574830516892       0.93064468873144413       0.70197973148494630       0.58093693583979555       0.93567565515667950     
  0.96102988778556087       0.83646334688166213       0.97143187510231899       0.96952132150241677       0.95956288161911218       0.93814821877005772       0.80813282826429111       0.96032885200605322       0.97913597333766977       0.99489804801577597     
  0.87643523286614877       0.47361469148118868        1.0152067480074503       0.63143015599402430       0.62572355641079691       0.71655428245480068       0.80490736052313805       0.76009161466871222       0.46615120677246902        1.0585742776563258     
  0.97540120651147888       0.88319554829327873       0.97907005147493731       0.98189763487194626       0.97339521988207300       0.95192388603342892       0.83111755808772014       0.97338405605062950       0.99056238857616341       0.99768219265399194     
  0.86332236847119814       0.46624800075793554       0.67428128023188472       0.71014172979201395       0.59922033129986574       0.53160933779798170       0.64825487484593225       0.91654534423159406       0.49587295997639924        1.6193638053138988     
  0.98842860369034213       0.93754217191807043       0.98881189449516271       0.99131704339385840       0.98712100892524357       0.97447605138082394       0.87072258952764436       0.98642740897924075       0.99613112381709956       0.99902408973059775     
  0.75664929138476389       0.51955602516064936       0.81532141168717931       0.71245904760767820       0.79508741670973693        1.2691060820441340       0.89073373697699354       0.75848874566427915       0.38589435424097318        1.3988466958505148     
   1.0000000000000000        1.0000000000000000        1.0000000000000000        1.0000000000000000        1.0000000000000000        1.0000000000000000        1.0000000000000000        1.0000000000000000        1.0000000000000000        1.0000000000000000     
  0.81735702072044836       0.51130934089309898       0.69331703454780069       0.44061307313665754       0.68870317865609954       0.76554752553849870       0.68047054413310182       0.84972745630221858        2.2082374316396822        3.4187065958244371     
 -0.23252249990411283        42.122051178847002       -6.9719586275221603       -1.6112189774373176        2.6150328591147578       -19.027446605491683       -2.4778670601908357        3.4907229498262851      -0.45260423035065861       0.63458869337547508     
   2.5575175782881039      -0.28607045649066143       -5.4321525441756258        5.2751838594941640        1.1800549553490600       -14.902004018867885        8.9362343265105597       0.45795196238501690        5.6331185465573412       0.26512994349043578     
  -1.3396052540917469       -9.1513776756955565        7.5426671620754409        3.3332802678107591       -2.2323894732657021       -15.899008003219558       -2.2712706367963578       0.59888696069406067       -1.5463488299401571        9.6723455201260329     
 -0.11298661689227101       -14.635276055882475       -3.1044838653583775        4.6594359395833482       -4.3558643884428383       -8.8863129945384802        2.8516503295872790       -1.3363024599921780       0.11732652831942417        1.0095425425261983     
  0.24946224768677949       -21.067127048044316       0.42561385254874340      -0.36395576019521930        2.6257259075438628        1.0193779177204656      -0.31754641634387770        3.4903156143968395      -0.13261273889322014       0.86621472255818543     
   5.6925850265051610       -25.443955143467633        2.7253035753528616       0.80479684321110256        7.0088914637077533        5.7166071335673232        2.3974838762841211        4.2880143591876507       0.84724335042716381      -0.66749298938248625     
   1.5046560992166507       -36.760187527882294        1.4312790068636601      -0.21352714676172443       -5.4005911551534025        19.672739283868438       -1.1480398047532518        2.9380971416062627        2.0200647458579386        8.3248838109060044E-002
   2.5093629908217587       -51.172719483071475        4.9530439478991797       0.38265774887330373        8.7444237712102204        20.407920236411222       0.39837937431499315       0.79451196181340888        6.0605656247473547        2.0898652425407613     
   2.3492035692855334E-004
           1           1           1           1           1           1           1           1           1           1
   3.3676066973125926E-005   2.7543055494274368E-005  -3.5510108240030383E-008   2.5599441583241536        1.2891469000040822E-006   1.1171336832096956E-009
   5.2085523561863114E-007   5.2451382377837825E-007   2.2154279924737818E-008   0.0000000000000000        2.2148301093110882E-008   1.3301919969478289E-011
   5.0000000000000001E-003  -1.4855223588695572     
