   0.0000000000000000        0.0000000000000000        0.0000000000000000        0.0000000000000000        0.0000000000000000        0.0000000000000000        0.0000000000000000        0.0000000000000000        0.0000000000000000        0.0000000000000000     
   1.0743259718352756E-003   7.6738670347420012E-004   1.7837621800836000E-002   3.0505118084594523E-003   1.9418715786370867E-002  0.44254337691828266       0.10128622695762425        9.1237748753710143E-002   1.7988786195046010E-002   1.4013402191315928E-002
  0.51415423089218160       0.55882932061637558       0.48228286261987241       0.43290064883444462       0.47107575775778043       0.37821292311407428       0.37409276551836729       0.31551938447962979       0.41468585027820115       0.38927998706505978     
   2.2136820353643540E-003   1.5636338757741893E-003   3.5040984022298334E-002   6.0438401305586854E-003   3.9037642764000735E-002  0.60006165385492960       0.15130659634291332       0.15875947717267450        3.7145988257048818E-002   2.7934883591289095E-002
  0.45190538276841763       0.53229485736207061       0.41773506696600321       0.64600951112324723       0.52492535869868673       0.50671781424702977       0.41511320049203448       0.41059697252200622       0.66189078815993241       0.35764919213367863     
   3.4049186564386008E-003   2.3089106298603123E-003   5.1434249366686335E-002   8.7342783900071046E-003   5.7621816563285258E-002  0.66190435042044127       0.17251930559975998       0.19552962156999798        5.6599091509469152E-002   4.1285659975924253E-002
  0.48491282113964151       0.57776712911890482       0.38047835832801669       0.54668246724704650       0.51122345414262427       0.51772900677581557       0.40387900585325598       0.52103117498733975       0.61202319837035135       0.34717636220018167     
   4.6071406605646906E-003   3.0611610802305212E-003   6.7561421336825758E-002   1.1074898473876355E-002   7.5483751026778026E-002  0.70060557398591672       0.18888121305866262       0.22199195749543549        7.5164146010790439E-002   5.4103366697811725E-002
  0.46410415459739573       0.52060172576015928       0.44615253829354051       0.59796998319870442       0.46822340444072019       0.57722985263876880       0.43990015170441166       0.41855839961312402       0.57762669435790792       0.32968891760492869     
   5.9221186165981836E-003   3.8696723021786825E-003   8.2190755934621954E-002   1.3385885683147244E-002   9.3102909205140652E-002  0.72933114142193289       0.20318191611530342       0.23961154006346178        9.3159663493683528E-002   6.6543098036582843E-002
  0.58945593206499558       0.46787411857122485       0.34844099699104575       0.49364486564175042       0.47041158694176122       0.40439817717822008       0.38838051965466552       0.42834138095711466       0.42782702990380939       0.34874676102129382     
   7.4201061687780637E-003   4.7679990949982248E-003   9.4168543917737921E-002   1.6020686309750464E-002  0.10997956010097788       0.75325243623721583       0.21716808721246639       0.25620486754752281       0.10733474017480399        7.9013145595806800E-002
  0.45874751945877768       0.43789572749759548       0.33938987375339819       0.47289308315925838       0.45617379666451591       0.52208422988360081       0.39813114318146264       0.40213392368170209       0.49152247310017516       0.35079154156365072     
   9.1104896541720944E-003   5.8901390766160746E-003  0.10640337760595964        1.9192555826032218E-002  0.12806546840182315       0.77302193157867993       0.23011222581089585       0.27021188047656108       0.12011196062444916        9.2788723947393681E-002
  0.46325751931077253       0.42186165908448231       0.34595562665818635       0.49770269199257605       0.42282796024739389       0.46068399572997881       0.40478800443189455       0.43257889810238498       0.44261029366130517       0.36881523440961556     
   1.0936414051656402E-002   7.1328342510573071E-003  0.11864608496664125        2.2577600066954050E-002  0.14592714101132273       0.78989326051874176       0.24174505235069646       0.28070622072758727       0.13392188021499019       0.10756527162516712     
  0.51619982667326303       0.49066141017270393       0.37627500175378520       0.51310400974525383       0.45676938664050659       0.39110649933392105       0.38120586752534080       0.36254762103542421       0.41195940093866001       0.47169845924393350     
   1.2948596236980008E-002   8.5889964462272546E-003  0.13256786624748315        2.5850046690662386E-002  0.16351201024808235       0.80273095202520139       0.25210144000294132       0.29014333418854288       0.14849671274642978       0.12425693299922289     
  0.45857078054616512       0.36543455300789579       0.40616353480234368       0.48886619327095054       0.45972391063040163       0.36036226537222371       0.44229435552564889       0.40367854825524485       0.40909796284801297       0.45566172357802959     
   1.5166652236260875E-002   1.0223012506308925E-002  0.14925412210929442        2.9105754608512797E-002  0.18062489279219404       0.81378431884100655       0.26095096017399017       0.29995782879566829       0.16556738954544584       0.14137375333401606     
  0.53153560431708002       0.49259025458462646       0.35601833091161073       0.49580656659377448       0.46922977900689183       0.42466925505956193       0.37908479021174651       0.36949460708372805       0.42237799034159584       0.44990624323668227     
   1.7528203576910657E-002   1.2012638993673315E-002  0.16610232194852453        3.2414221226644613E-002  0.19736756989774434       0.82416557615736519       0.26908048420607616       0.31002290654900805       0.17928398749804370       0.15879453549600489     
  0.48077077869848256       0.35729997581018569       0.45151501099119501       0.43384527055952771       0.43000406627539306       0.34261120476325235       0.40183087030528436       0.43539754420006177       0.34900703826777651       0.42211799424040980     
   1.9945303931132346E-002   1.3989071047506168E-002  0.18251022398891512        3.5597366093315076E-002  0.21384559564674377       0.83427962785115795       0.27706477554802150       0.31983249554736448       0.19336368895441544       0.17625802975258067     
  0.48457081832932986       0.36839842321494198       0.35278667401303099       0.36710134661178745       0.44404822275973516       0.41037585642391761       0.38087889221151250       0.43696921697346491       0.41268333636169069       0.54285707311308118     
   2.2358205458277242E-002   1.6120965938772425E-002  0.19915678064132980        3.9125334858333756E-002  0.23038709928095283       0.84368441229448732       0.28558975971056977       0.32872157603987384       0.20729602795553262       0.19049734133288457     
  0.46110764831789164       0.37256415911171958       0.40484568782928054       0.45025977371954268       0.35625832331669105       0.35751830762599313       0.41007281013715419       0.36803188034061207       0.38921759740358691       0.42473666247395320     
   2.4681211181325855E-002   1.8365348371846373E-002  0.21627939957537187        4.2808096340229182E-002  0.24833892012539482       0.85204620397571729       0.29486538604515905       0.33818279699160697       0.22055790404241496       0.20383146250253248     
  0.47412948512464703       0.39336097116861485       0.46121045260715909       0.42467241549382079       0.50877683369261106       0.35715664778848150       0.41047190772267217       0.41466763632852915       0.34771449442262198       0.37719585182060883     
   2.7045150856545675E-002   2.0627906427305363E-002  0.23413016995220992        4.6630894936452068E-002  0.26457288885897928       0.85941601715077021       0.30462670370950207       0.34844893898981483       0.23351543297904173       0.21796423228357342     
  0.37274311520945785       0.40469523741368685       0.45073212393129286       0.41539702335186662       0.41689924831624892       0.38387076123143454       0.42513074575782706       0.38779092305474150       0.35845681471267055       0.34342166907249738     
   2.9585845382604732E-002   2.2877989660209951E-002  0.25256059081462118        5.0021539637426664E-002  0.28091736904817610       0.86652004706195107       0.31441076697634801       0.35864325099037314       0.24724477106882770       0.23348150297903747     
  0.47406245757945237       0.32629213211003116       0.42692949172630179       0.41021270369299073       0.42767606412515746       0.36495794767527118       0.48225741204251332       0.44622580896037173       0.34454686495329451       0.35949755525145788     
   3.2151537464709029E-002   2.5150708656925719E-002  0.27070910340421328        5.3330300480012117E-002  0.29799965636142184       0.87318997310562418       0.32374227386939708       0.36853758735832348       0.26281007434650105       0.25018650668574294     
  0.35108038706146655       0.40305954762444340       0.42165248863596388       0.38368453638258015       0.32897662499469715       0.40251632273986493       0.48071964494826952       0.36440716269012696       0.41661514543517963       0.49969419945867261     
   3.4922090588780763E-002   2.7669148831094906E-002  0.28826243278819741        5.6900183032520237E-002  0.31545307232675091       0.87945698502666481       0.33209545164236209       0.37995420959249765       0.27930048533685486       0.26633489470922367     
  0.39366533454613428       0.42538891605549162       0.62094681239142058       0.36211554286978614       0.39352876049343782       0.35967596715296679       0.37890563647093883       0.38622024434873981       0.48769972472145501       0.41473107310655666     
   3.8107147053682879E-002   3.0627844456367532E-002  0.30509145785251951        6.0568297285375022E-002  0.33272765717958813       0.88540317896560383       0.33920258331101422       0.39162141064236333       0.29673567522342520       0.28127122211981848     
  0.45548895857267768       0.39037767726787082       0.45432371583097764       0.40951866814878252       0.34435671369951643       0.40159960506041176       0.30931941664455692       0.40407758370847702       0.39424690929642103       0.37972908228471214     
   4.1454585645419720E-002   3.3819830321266724E-002  0.32290340274015994        6.4958067293848024E-002  0.35010920596860523       0.89074530712163802       0.34633563265142780       0.40225116783850301       0.31468467381225962       0.29557924688070497     
  0.40396922591500228       0.44811124279952530       0.42954848829363268       0.40126994446209868       0.43669339243685762       0.34229460058208250       0.40356547518681490       0.51476571627489087       0.48077420292951256       0.39196939261790442     
   4.4947775461599754E-002   3.7392702161249104E-002  0.34021008145433679        6.9459717118017072E-002  0.36798860441018583       0.89586935094219633       0.35331590426405890       0.41259084637971660       0.33288562670940802       0.31010987666640866     
  0.38077521859314772       0.46606230616270400       0.37423065057145094       0.40642335660005369       0.41213732606406844       0.34322023142702407       0.40969977557969034       0.38509820286711943       0.46150620729983888       0.37958915761363043     
   4.8589305772104449E-002   4.1421300372650696E-002  0.35562542906996597        7.3731865610277086E-002  0.38639707516525218       0.90092919229782864       0.36091762650646225       0.42228717160832807       0.35117284852951486       0.32432545798598311     
  0.39273637699894998       0.39226724437120963       0.49157153508947299       0.35806214589182145       0.42612040624949221       0.35103788307092137       0.42719237395232013       0.42043193387577621       0.37186818376682373       0.37131724264927668     
   5.2374324549959210E-002   4.5707279669977494E-002  0.37094120829373167        7.8090717824435649E-002  0.40497224225773665       0.90547711699640276       0.36830010279351466       0.43341291410621668       0.36940545323568791       0.33837252375507054     
  0.39984685183559410       0.36826108961681780       0.42941904575899126       0.34330555075449570       0.42701663709402404       0.37024770855413308       0.35820800571389344       0.30394440187183847       0.38612712516874143       0.45017067416081202     
   5.6376172670622476E-002   5.0239503662911779E-002  0.38608344621619867        8.2208407570286565E-002  0.42239162152992238       0.90996468714741896       0.37565404780515327       0.44591227467054467       0.38774228305627895       0.35249547433915890     
  0.32628145457437618       0.35060993050406536       0.36708403961274660       0.33425375269575747       0.39821871531855313       0.29779592194737947       0.40950242182477620       0.38711417782039670       0.42207138774878600       0.42866446156884391     
   6.0161750330173097E-002   5.5022198387523646E-002  0.40146920793576851        8.7010663782208481E-002  0.43754349683418547       0.91444752305031929       0.38309060153543650       0.45824300474740487       0.40663256392091596       0.36543300323960737     
  0.40697718309611192       0.41201623662952797       0.39378044936523043       0.39101577836374524       0.46472660751550843       0.39820183767029610       0.41074034371279211       0.40479367754345380       0.40888791536827784       0.45945292830896667     
   6.5303803427826351E-002   5.9933367366944233E-002  0.41777096703818395        9.2350152771318458E-002  0.45223556290033784       0.91868484564302455       0.39062682818170785       0.47071422681207187       0.42579506113008014       0.37863646666217327     
  0.37052224746856771       0.36799912252511108       0.46919990033675779       0.35498377850198626       0.39992948077955914       0.37330120242885018       0.37612382003264577       0.41714132724241948       0.44773731931937910       0.37900738444089993     
   7.0671523789472501E-002   6.4841298796084246E-002  0.43454922336460422        9.7555594648176563E-002  0.46717520314296473       0.92265228625491513       0.39772119428034275       0.48414994769066311       0.44437544641179411       0.39376087127433201     
  0.39368989099836760       0.32024865604161007       0.40154592566764102       0.42803083868509689       0.40023692899503743       0.38411469277738719       0.43066183914224693       0.55143401657852620       0.39491230252931764       0.41127355357617784     
   7.6246174846905504E-002   7.0377612751078025E-002  0.45147606659064876       0.10272591591810873       0.48363917900500092       0.92635987046599677       0.40446798335594558       0.49678769425302488       0.46217459915787812       0.40914324304032967     
  0.39578123979183871       0.38000132410707271       0.42752819319102608       0.33817100962411151       0.34997566441030953       0.34928829613067136       0.33171486671738676       0.34016699261927341       0.38859447929943075       0.34935371726420711     
   8.1805418360712270E-002   7.6443542458760297E-002  0.46809016545118320       0.10779609595177128       0.50206360801489369       0.92985326476359309       0.41133975807688988       0.50977612228311842       0.47835398783495015       0.42545329852706493     
  0.33963399042629644       0.52741736386111127       0.40755429347186917       0.38982290731833613       0.45214340627403737       0.39310667117407017       0.35716481796208266       0.41234481586429333       0.34554313671605102       0.45667721584726728     
   8.7729164785205246E-002   8.2611670340590096E-002  0.48398509363818176       0.11358192134810015       0.51989005862074666       0.93333769335800276       0.41835863613261687       0.52128695924592383       0.49376688693553306       0.44190190351789627     
  0.41367134216217222       0.33154821125696160       0.39562013426139053       0.34376312237643264       0.39837852866142953       0.36364060482749794       0.43422362126075320       0.40384403497426391       0.35094982694632854       0.46905038896065804     
   9.4018760002684831E-002   8.9136788617382764E-002  0.50044555613037434       0.11986659075530964       0.53566949785386397       0.93676051342603839       0.42554907071721093       0.53242869713437502       0.51037222224369316       0.45835174587832572     
  0.35922892534869283       0.37507229342231496       0.35828840595771660       0.36959524600914506       0.33569584497594090       0.33319807231204063       0.38143357305212067       0.35658389815296504       0.43290528722016669       0.57564336184397336     
  0.10053425213564077        9.6294150670096709E-002  0.51605334784699908       0.12567058425056984       0.55021831285615408       0.94001798007548942       0.43233572643138424       0.54322995505794036       0.52750242606627495       0.47444210767650313     
  0.38674440515517045       0.42808245449369120       0.44641870454260335       0.35361289150299263       0.40794372123365830       0.40989840411046302       0.37130628083453587       0.43666011002253469       0.47182789653476215       0.46291440712027460     
  0.10779942183390348       0.10372309577930859       0.53221181249848237       0.13143859205643363       0.56505754938103792       0.94299161795373132       0.43904314393875971       0.55393697025442346       0.54493992920659118       0.49075453272235486     
  0.39174614943911007       0.43200119159394312       0.45663791786173502       0.31279751256653276       0.33254391979342551       0.34027296639014587       0.40457703813947288       0.40314500810572285       0.36053712515691633       0.53262667674915498     
  0.11554412951206972       0.11157658800965123       0.54891953365484614       0.13737319590380254       0.57981774420385268       0.94578884212672187       0.44623608275552812       0.56431451985335612       0.56244947203784479       0.50693738922193021     
  0.36113393432522573       0.35440502223370962       0.44367698196987426       0.36461574522864815       0.44012584639750857       0.40654967509399231       0.43755377984466698       0.36558585180456493       0.39752557735918570       0.49924548838116956     
  0.12365265867882302       0.11896557666874429       0.56463751536285145       0.14404904978468291       0.59438576839082324       0.94848075951757260       0.45282221339536027       0.57431321895278331       0.57970745667029788       0.52336009033483999     
  0.35767901016299808       0.34638693014519867       0.41594507815483228       0.35653586230560447       0.36505185645137195       0.43190537355027514       0.36075668198298932       0.36271989694782780       0.45068439524361686       0.40245873174250119     
  0.13252236409666174       0.12652265909333948       0.57992575212544983       0.15201317010059637       0.60905757962306895       0.95109692022870851       0.45906877052431616       0.58447819691855174       0.59695846443679346       0.54037498603437217     
  0.42085174052104146       0.36759677385930495       0.33941185175838623       0.40676204377487124       0.37481365783166398       0.33810459674165849       0.41728389557948803       0.34448047597045678       0.36204609004856581       0.53304211876397123     
  0.14094543079743244       0.13510948551695870       0.59489387828777651       0.16045116417917665       0.62357458436572033       0.95369647115164180       0.46536382555659389       0.59535153617072456       0.61408341472231109       0.55839859737960196     
  0.34309627173766527       0.38327505815788615       0.33994267248338950       0.37691461441758506       0.42233773719536150       0.39489880592196813       0.41953750167888276       0.38783234908872610       0.38891094297185252       0.36124418668752328     
  0.14922661001817719       0.14479280533587896       0.61119769563947701       0.16903526687813231       0.63776516401981709       0.95628906104690581       0.47205933333719746       0.60655977598746846       0.63055560976071001       0.57770295832811058     
  0.33275655122309139       0.39957559618270511       0.38139077942249017       0.33738481100017675       0.39081267563960398       0.34444318906299570       0.46700796864921817       0.51384803587858985       0.40100030447140239       0.46265658256330816     
  0.15794404059334308       0.15559028203730216       0.62706286798774014       0.17802940681785120       0.65118468460607071       0.95875655363636292       0.47889921066267560       0.61906323685169784       0.64675254630826706       0.59561200170280282     
  0.31444918967514252       0.36561716314963777       0.35148649067678150       0.37863799052055286       0.43290681854731078       0.37445119943126709       0.35602756117755946       0.36887268528266365       0.39357626918144900       0.43904833668999627     
  0.16676813063566295       0.16745091442998364       0.64355376700117395       0.18770880709111032       0.66451308136082676       0.96113702590361239       0.48507892817577053       0.63304084889512768       0.66285773756466748       0.61303172214485846     
  0.35057674721000126       0.34940013064132358       0.42600567208013534       0.35574412671838423       0.37881853155409512       0.39756982581214939       0.36176837403860335       0.42229853187306715       0.32992192875084964       0.41487946854754559     
  0.17591490329538623       0.18174572726076937       0.66002880840192302       0.19765686199372995       0.67619716189160084       0.96336080853442374       0.49069954553862832       0.64896013058386592       0.67850908208121929       0.62939937845875715     
  0.36038818398681327       0.44702573495832304       0.40639779537174869       0.37669713301316715       0.35694570771291190       0.48130548634621845       0.32967522457652354       0.45567199814542519       0.39523155818759775       0.40772372799637396     
  0.18588232749206482       0.19719479669739937       0.67665113578099567       0.20805097469832950       0.68710959006884365       0.96542655157132706       0.49717435358573570       0.66471530416816937       0.69386554352543572       0.64472463977306527     
  0.35824617884795251       0.40553712321697571       0.44605002311788822       0.35693653748393983       0.36839358119741061       0.34120652035421922       0.43584592878666473       0.38763534467640998       0.45122313712565559       0.37776067478148145     
  0.19678645573673734       0.21551242833414008       0.69216049186161033       0.21878262957418648       0.69989439460310165       0.96746762614332360       0.50487273222314044       0.68064223591677697       0.70958074468693688       0.66045233114622681     
  0.36311021888051637       0.45293553383598117       0.42727507093315287       0.37212231960325959       0.35219541126807757       0.39944367561057625       0.39244435699573649       0.43784407138148546       0.35711099998524221       0.37146247416317352     
  0.20821595601145637       0.23513410973390514       0.70904545202774960       0.22996402127164325       0.71235255525775609       0.96938382756056651       0.51385176737095062       0.69663553012994195       0.72489592299404915       0.67674133991957797     
  0.37205220576843401       0.49060673627387635       0.38755456506292946       0.40492187914437378       0.36874013786297283       0.32541577332924732       0.42740112968398963       0.51083617864938802       0.34452025222879268       0.45250362307228553     
  0.22007414085044125       0.25517195239845492       0.72610586103913544       0.24213046732755616       0.72507135614907814       0.97124216036167377       0.52345843969569961       0.71125579046828169       0.74239041540436723       0.69405361164400103     
  0.32157251357225286       0.37465348888224065       0.43421819919931065       0.38461057146771427       0.33679150825046916       0.42627951175892931       0.37575434778246830       0.39347596628049158       0.39608130795008489       0.42085018645034389     
  0.23283340037174510       0.27628079838634656       0.74121762406125591       0.25563659068779049       0.73786446915458204       0.97311552140271185       0.53263741515850893       0.72499456295236175       0.75802754053133259       0.71152859197242324     
  0.41294376976219554       0.39248124245996119       0.37909443763723821       0.43842683635038948       0.38408689935009210       0.45472888766367775       0.47380033611324995       0.35116998224791202       0.35034930677723036       0.45447416632362303     
  0.24748871474237941       0.29826605597501554       0.75779573635857211       0.27059177888549185       0.75069449149943845       0.97499533595061361       0.54181912231015694       0.73945353050236995       0.77207098871577928       0.72866940395127955     
  0.36155354985731020       0.45421020912509091       0.42106903169198195       0.37859620192944649       0.34179985885466813       0.35067803940396419       0.43796004835694075       0.41183724983127573       0.40896358087565904       0.44606375887066896     
  0.26369956299848396       0.32067604846908176       0.77529814908004435       0.28641409552555053       0.76575650658609407       0.97679252282937401       0.55167951359956680       0.75462274439905797       0.78509099926550230       0.74481352193025663     
  0.39837004943294152       0.43905459699006444       0.41754243372743322       0.47093223781115184       0.36986021512238976       0.45263621118156833       0.45315229676019586       0.39269603772143802       0.36306736613043306       0.37869199865110731     
  0.28143687883427998       0.34358391478604705       0.79185288251011055       0.30338125518677050       0.78114552591294828       0.97849591002643377       0.56197437378864568       0.76971267965890766       0.79624410299840920       0.76064740391036589     
  0.34699133379774461       0.31484554864293612       0.43244478283038468       0.48787427661532806       0.40474796254433282       0.43296508662155520       0.45564997632564253       0.45561026208461147       0.34067666623643289       0.37075769457149549     
  0.29858401880034247       0.36793392428853389       0.80773807687090249       0.32049924401551078       0.79699074491556632       0.98013880974443635       0.57242092138239087       0.78542774534315141       0.80854697113896357       0.77633142859131810     
  0.39274377380665287       0.38197505245758373       0.43190259315000940       0.35380408196727253       0.36803684741839870       0.47450515668227050       0.40054407804737796       0.33306888100205639       0.37111019712164639       0.39624919205180070     
  0.31844540719107278       0.39775478204097847       0.82386558046753500       0.33762544935149058       0.81334291603238684       0.98172831126228166       0.58300581266880802       0.80170039649796621       0.82094818152825644       0.79320898977348309     
  0.47937736855561780       0.35541170406812539       0.44653906341946359       0.42574284833381093       0.42519959597014323       0.41421217769453250       0.50254909862745667       0.39571125850795513       0.37930447683319762       0.42289549004095989     
  0.34408724064212770       0.42931389765153694       0.84206137001081560       0.35656333802716589       0.82843526254159117       0.98327139672693309       0.59387706341563595       0.81809510839808042       0.83415139065786670       0.81066584455254909     
  0.41121420682567261       0.42833157018970580       0.39170658861429408       0.38683344585814489       0.35191638453625357       0.43876459932864575       0.46625057189401115       0.43584838568659190       0.36019944813897364       0.33698908504466951     
  0.37299429435137221       0.46192861557758452       0.85931097050464045       0.37782646795312985       0.84330814512664509       0.98472911771000893       0.60445036700952126       0.83414627579748002       0.84820159170306730       0.82748335590065669     
  0.37037592107223360       0.41832938180437867       0.39078570231586240       0.42162338766731144       0.37417155235367483       0.46699057348700207       0.39477383172030639       0.38784667315376975       0.44228706435341192       0.37556365877636155     
  0.40235675843627561       0.49475845694714266       0.87607251703388944       0.40045367421056882       0.85814951950109553       0.98613589118528377       0.61444061894372159       0.85005031495937211       0.86222320413531872       0.84234401512672352     
  0.38560796535316283       0.38441643831301847       0.51225595691031645       0.40365821854928818       0.47253044638626235       0.41646321622758747       0.44319072011950178       0.42075498760390867       0.40322257238712206       0.38691006879978579     
  0.43775799979543278       0.52806392435356075       0.88976946691246295       0.42657119935743099       0.87396208506103590       0.98752426257920611       0.62629007947278559       0.86500291777834593       0.87578073269208268       0.85827498695387949     
  0.36091355649879275       0.37208107459709544       0.42952522008423810       0.43175853813622672       0.41734309332162134       0.56531834445801710       0.42323395249643997       0.36643599671665772       0.38644318862305860       0.35898938536558800     
  0.47457810116140819       0.56737451982374210       0.90391904408517965       0.45445304631231509       0.88985687874878727       0.98885677568335850       0.64055123432549388       0.87943057165169114       0.89017650502800538       0.87290422246834776     
  0.37033312078318870       0.37913678650926963       0.42964721545772561       0.43232498634484495       0.38832738527384081       0.42836354395169990       0.37640252200175112       0.37542576881626255       0.42841661467696085       0.34857418463395379     
  0.51667777619842425       0.61805677746893828       0.91750962517563184       0.48264486313822175       0.90336121583711959       0.99018308134264188       0.65504325927293694       0.89409611298631708       0.90322002437598026       0.88631526670600613     
  0.48383706806732180       0.42815251718866071       0.38175239106086178       0.43559838456363542       0.43276511222946928       0.44853435977027356       0.41107982830127654       0.37575882179623604       0.42351694992821409       0.38167762817007528     
  0.56272693916987593       0.66919451154181542       0.93036129631532305       0.51373614895974784       0.91623309510178974       0.99164092320912345       0.67145077123607200       0.90901969062166466       0.91683817779721444       0.89919202701934520     
  0.40407581724866948       0.47682488869632822       0.32518508119540579       0.34640890615660536       0.40645302831864383       0.43902441956475780       0.39762673074834848       0.36529461861279194       0.36757117038634712       0.35608615305510388     
  0.61779332868794579       0.71720944663998631       0.94185189888112664       0.55064850109598951       0.93051178648689536       0.99312588227778720       0.68915594808909664       0.92385342212626287       0.92993072733323701       0.91300374962913000     
  0.47868724550903591       0.35283859331670808       0.40394581040641048       0.34408746999896161       0.37336758385109658       0.56629208508205198       0.35873678105662815       0.44019769026615502       0.33604894829321957       0.30917231786810628     
  0.67801836825456341       0.76372753654283021       0.95303618635795340       0.59505736534377240       0.94517255578592707       0.99459823366366473       0.70737543169668560       0.93850163629413585       0.94383720951226646       0.92979767729235874     
  0.40734810152938727       0.36503383811821721       0.33396565759856356       0.54014281240206852       0.45147662659865678       0.47020109640506608       0.44773953515837128       0.43673835414432960       0.42692079908799563       0.40903110977945983     
  0.74604387418419271       0.81372760522523391       0.96512233612970166       0.64972785672760291       0.95865765061724995       0.99595203557955581       0.73592855823780534       0.95404237467438746       0.95777298781900522       0.94714263150296862     
  0.43726866627218630       0.41410069951768513       0.35713182777702357       0.41151750151349192       0.38464670078593566       0.46982707889230974       0.41525691019978389       0.43212389114788280       0.35374163913709822       0.40397035043820961     
  0.82441327915163354       0.87005123943063079       0.97746862972885196       0.71503719074892247       0.97214579440746629       0.99729746486924120       0.76924809741591071       0.96962224808405018       0.97175803818353057       0.96397132136585484     
  0.46063843206973831       0.42363427451750874       0.39236184593518142       0.37510273993073656       0.43453949243841983       0.55120835496067888       0.41504003326360428       0.38397790787398345       0.38316179154041402       0.42471750072273323     
  0.91161655456573276       0.93450495133143940       0.98949561131163444       0.83641726957266560       0.98590170615217121       0.99867071899952886       0.83821792687864183       0.98509443203738656       0.98626487897810844       0.98162001221524409     
  0.39740705644765889       0.44676671410811791       0.37787518906752304       0.42441179524300054       0.38883889871683269       0.46703917740381318       0.44758610664792720       0.50550678066057464       0.40625400687798424       0.38413863957562305     
   1.0000000000000000        1.0000000000000000        1.0000000000000000        1.0000000000000000        1.0000000000000000        1.0000000000000000        1.0000000000000000        1.0000000000000000        1.0000000000000000        1.0000000000000000     
  0.37824189551726289       0.36297872451408469       0.32766504736904611       0.33921631793172907       0.39323438841122393       0.34533658418946994       0.39168888549085151       0.51946966261393257       0.57339668530315147       0.37764663041173063     
  -26.486942463665500       -7.3265200538756536       -9.5965972877795860       -15.508576147311333       -13.132536442724737       -2.2920379793239207       -17.140744979775061       -8.0674109410393626       -8.8220292912417069       -8.1383913908564871     
  -11.278961433848339       -10.693573413318520       -9.7327123364209704       -9.0898271626727318       -10.520649422207111       -11.476265198168507       -9.4596538510872499       -9.2696659261607959       -11.341649965533243       -11.114894680572238     
  -9.2201027537519540       -10.161874078334819       -11.619494366246357       -9.9835406619075435       -9.4671300451583491       -15.271978747823656       -9.8587830799660399       -7.8045938501969623       -15.552152475632415       -13.005116394353113     
  -7.5432560019724342       -11.131873463136184       -9.1863341858366123       -5.8495069177893582       -14.400950948769610       -11.713233713076779       -9.8224591090314224       -12.661391119223538       -9.3680692364283882       -10.550349496008657     
  -4.9617567977188068       -14.181149609407395       -12.784387433507808       -8.2017291077661607       -7.9379900089708855       -9.8988167635184148       -9.8391631740110910       -11.094748721725709       -12.108047317540477       -8.7318732591211106     
  -1.0758474996853118       -13.093708154807690       -14.748905162686238       -7.3276213425566024       -10.490017831574415       -4.9939528526055907       -10.555023028167071       -14.374912998977690       -10.378477375088330       -13.174148406264463     
  -2.0076947995633625       -18.188250957764559       -9.5636656649022989       -8.8818192772698641       -11.572470952282279       -11.187647933532077       -21.533516202185705       -8.7153197121554840       -9.3578539707651540       -7.8457696444594971     
   10.458350733642282       -24.277608806400721       -7.5546800346584213       -21.684687721640493       -12.020610023851155       -11.901390627875710       -13.046504765744581       -10.493750156540857       -9.5425351017511595       -11.184175807044193     
   3.8692494781889361E-006
           1           1           1           1           1           1           1           1           1           1
   5.4309337772838941E-006   2.9307442409066566E-006  -8.4643009644893817E-009  -12.247858885818363        7.5179182723222286E-008   1.5957371545447754E-010
   8.6700490759440270E-008   6.8851140695167143E-008   8.9630842435597208E-009  0.57301038393812620        8.9596155202209069E-009   1.8871177615012943E-011
   5.0000000000000001E-003  -11.435593851959620     
