 -0.00006352450499677  0.00058132083937412  0.00136260301227099  0.00250371887940499
  0.00401028099180054  0.00581511822943306  0.00796623811356401  0.01041123067978281
  0.01318399255844693  0.01616356684207149  0.01942228419322806  0.02296463807769081
  0.02669870673135944  0.03062037440125164  0.03470501804927006  0.03894609383470300
  0.04349657464395964  0.04827733627116346  0.05315567724695133  0.05805359287847277
  0.06300558038018615  0.06809624854326110  0.07342019318063760  0.07890412808871398
  0.08449949077592626  0.09022199415889091  0.09611458106343661  0.10214892202886384
  0.10820927525081495  0.11431631227323517  0.12053004113841417  0.12684031290036704
  0.13319924903906627  0.13979169142285805  0.14647286202773871  0.15321845267464693
  0.16007545293066894  0.16700516408078789  0.17395938548530662  0.18094683691600008
  0.18801404343193967  0.19507483083119417  0.20238165461675614  0.20978048233146468
  0.21723406251169733  0.22473393201018643  0.23234639635684276  0.24005929180210436
  0.24784352242363797  0.25568170422205272  0.26354588786369448  0.27140994462417228
  0.27952169120581827  0.28775187598465263  0.29607356166910276  0.30444207341976698
  0.31285210940970082  0.32135047065410999  0.32999919692149415  0.33874742760686499
  0.34791835174135666  0.35704904762715761  0.36621370627706940  0.37556620619482817
  0.38513722071320888  0.39454574018281091  0.40405942342787127  0.41400996967818665
  0.42410585827983593  0.43433038248328742  0.44478914746361947  0.45552957878133254
  0.46654626538969962  0.47775125883126129  0.48920008451165542  0.50088142726707419
  0.51277282018062553  0.52492542667925768  0.53753822389175743  0.55090963414547012
  0.56437181306444972  0.57830485185037717  0.59316919148186287  0.60867271266684153
  0.62430849052010384  0.64170917806395111  0.65973792905846629  0.67819725216840721
  0.69805854714097559  0.72030704595716466  0.74364214334314394  0.76987870093722055
  0.80173684943414236  0.84115879443993946  0.90203756649991274  1.00000000000000000
 -0.00250552987498514  0.00930913969348944  0.01977401519779037  0.03064715052148137
  0.04167619625739703  0.05251539486817238  0.06338697944259065  0.07405854280246142
  0.08489663228004143  0.09562398359592432  0.10618403458177414  0.11641238855899701
  0.12687157895125231  0.13741050357294293  0.14775689544124224  0.15798013775288253
  0.16811259955495619  0.17905865934994306  0.18997530233146009  0.20083242849308447
  0.21162567623572925  0.22226595328126209  0.23282253010465714  0.24322127137919336
  0.25378359906467529  0.26432219779082916  0.27491603960069111  0.28558653864891981
  0.29644316397007636  0.30728434856957959  0.31796580435771366  0.32858293199990746
  0.33892820301432980  0.34908305684879187  0.35910837833564496  0.36935251084335308
  0.37978886143738111  0.39043725268308616  0.40072673328508340  0.41116453844060274
  0.42144162984508121  0.43190366880826625  0.44209749814660482  0.45232816270801562
  0.46264368381447163  0.47323069582285038  0.48368510876894749  0.49436267513229104
  0.50496120188047344  0.51561745306719864  0.52615960451519661  0.53654026603911598
  0.54690911707778433  0.55713393863049576  0.56752759238993722  0.57811639156093664
  0.58875625314904223  0.59928902623566815  0.60993421858582819  0.62085593089497115
  0.63185374126334970  0.64285190789452773  0.65361202924274209  0.66427638319812510
  0.67476925037709634  0.68528363359776634  0.69606054545497564  0.70693177544169883
  0.71771713337705978  0.72850878375796790  0.73928985533247260  0.75003761404233982
  0.76056419438459322  0.77105684165677546  0.78149966628029033  0.79199600461161812
  0.80252107274600126  0.81302692659577058  0.82331499000322972  0.83340478793390815
  0.84361953331424233  0.85428412680448440  0.86526930327786356  0.87588003877671239
  0.88645303054541902  0.89709407599904112  0.90807072415012668  0.91885634930728999
  0.92870815748805746  0.93877868514303975  0.94909959020149814  0.95947424495039701
  0.96929099081189218  0.97921242255488239  0.98962039610032515  1.00000000000000000
 -0.00268623757755670  0.01014688114338706  0.02105193791764751  0.03129417265955103
  0.04148047354647447  0.05155059292748877  0.06211470151689415  0.07242045860837866
  0.08289911403786410  0.09346898580671885  0.10398826406285831  0.11409885733458634
  0.12454063835675191  0.13538975937139405  0.14584086685984665  0.15618957095236213
  0.16664235641217162  0.17744686095189660  0.18805542916860571  0.19899696608790154
  0.20966349896916645  0.22005091938848995  0.23029675636887317  0.24066976097002110
  0.25105657793519076  0.26151686341471114  0.27201650355402163  0.28256545393741128
  0.29302851444238937  0.30351975701901601  0.31417052257262273  0.32486101803374579
  0.33576146715547445  0.34703865985956389  0.35832479348131208  0.36925150604659046
  0.37988499264682551  0.39012156175139817  0.40035577713206033  0.41042898363005736
  0.42075640632760014  0.43149623826566896  0.44249753782513923  0.45360633000839767
  0.46454181008274936  0.47534420693055612  0.48620852041321655  0.49712552170708368
  0.50780079559831492  0.51844460865131881  0.52872804031345244  0.53908296908529663
  0.54926924642064545  0.55926852079914857  0.56911465890983115  0.57894994978638614
  0.58904790860120748  0.59965512255434639  0.61077939030523021  0.62193544203017015
  0.63289856367830610  0.64362333221662027  0.65456579445550478  0.66560524321685177
  0.67657021087711622  0.68745274755689700  0.69810145512193889  0.70848207199803026
  0.71871370038241122  0.72906925170854842  0.73947263293278687  0.74981401732037245
  0.76009155701548980  0.77042799700463316  0.78074718390274334  0.79083203394962120
  0.80075517902000193  0.81094201563113189  0.82143761283370509  0.83201489201584522
  0.84231947128382068  0.85272673902479423  0.86329363627681732  0.87399104805609407
  0.88489814427682356  0.89556950304138827  0.90619531247189511  0.91666345568963059
  0.92705216820468717  0.93752396768718582  0.94818886146969039  0.95890080399498834
  0.96945568189040676  0.97974615525154007  0.98992215572050668  1.00000000000000000
 -0.00252338590553406  0.00909035497701071  0.01919747496421614  0.02936623458225068
  0.03979945696625745  0.05021261320304779  0.06050634491185067  0.07106684431349082
  0.08175268267240336  0.09269160174872700  0.10369301517830175  0.11383343335755156
  0.12387790524148178  0.13373672571107997  0.14365911000030865  0.15397551423441441
  0.16432580707212255  0.17480728267247767  0.18562565307467785  0.19679539074523525
  0.20809245695486317  0.21884076318041676  0.22922174198330195  0.23976525980391375
  0.25011050488539627  0.26037111207681141  0.27060508340030759  0.28141025904081818
  0.29229755533351148  0.30341840809490733  0.31429219311811873  0.32493330696824174
  0.33582655770735664  0.34645341372952460  0.35682293095709988  0.36723680316121105
  0.37790402266540779  0.38874299816406588  0.39905007429579525  0.40919354962215143
  0.41953902653262026  0.42979072015020336  0.44006597835959466  0.45033693548974929
  0.46057700567154708  0.47090481569899900  0.48103014320656556  0.49114363300482777
  0.50131145210601802  0.51165765360477611  0.52188399325118207  0.53189891165789793
  0.54186000513974408  0.55204457256835471  0.56232105609438565  0.57264858406864982
  0.58321600022698827  0.59387316520348499  0.60448652986938878  0.61508314582528989
  0.62575793257032930  0.63644875102205634  0.64700067488554946  0.65770908791339477
  0.66840133635863919  0.67885498646575715  0.68903908241184841  0.69927877676252015
  0.70974634628929389  0.72051504165572255  0.73144934966863084  0.74270563274653523
  0.75386875828443534  0.76496570520934160  0.77567990788732166  0.78607017912096999
  0.79665289203229206  0.80739706360392383  0.81795272176109224  0.82815353741073994
  0.83830066754089549  0.84876972436079523  0.85898125707332174  0.86946875849653660
  0.88013447259900257  0.89120061067002798  0.90204278615308475  0.91270663500311622
  0.92322849150954922  0.93373512684644677  0.94434332990097603  0.95499002695595014
  0.96582205774429297  0.97691625913744384  0.98844447270671076  1.00000000000000000
 -0.00254654723261310  0.01026209066647720  0.02099778389499130  0.03170271757484665
  0.04218568279659650  0.05297183051496805  0.06330038474830792  0.07373375595651455
  0.08378489870486147  0.09479642595665005  0.10563775265516331  0.11666004575463398
  0.12771527122616039  0.13903143357772335  0.14985658701863325  0.16075050458125845
  0.17116472569756949  0.18166157576202852  0.19207691943336375  0.20289108713098605
  0.21351474061024994  0.22418188107386930  0.23494339196683764  0.24564901575715881
  0.25614169034904766  0.26701012054480122  0.27797903983992478  0.28888107951595537
  0.29937132307116232  0.30987019617455119  0.32030138049176171  0.33075545858045768
  0.34105911387449622  0.35148284692364501  0.36161239423154978  0.37200546461708256
  0.38254522402155478  0.39321219680290331  0.40373977869553002  0.41395632432707485
  0.42451077487821659  0.43491726702272226  0.44545992347861674  0.45569150169004591
  0.46609867991557635  0.47649876708657568  0.48696936930908180  0.49734656498338664
  0.50808460776438824  0.51815910231540396  0.52815963838958591  0.53780530708122998
  0.54835398237853072  0.55919547756061061  0.57018715190823954  0.58101916986963964
  0.59155508932325285  0.60202477159457024  0.61240882930921969  0.62293106993488567
  0.63330753768075476  0.64362147992235530  0.65396667570517175  0.66446861817083436
  0.67506448412483189  0.68587411097716455  0.69641032848397899  0.70685775209917523
  0.71736805801805115  0.72854362307735121  0.73941044442543291  0.75047037073828371
  0.76120038284893099  0.77162869102629927  0.78174120715081497  0.79211063254173653
  0.80285920572961345  0.81336499249482719  0.82376696125490878  0.83416954910848573
  0.84481383193102577  0.85531234670191858  0.86553901850530224  0.87574075356473058
  0.88598643761284446  0.89652804620468218  0.90701623850947655  0.91727181395638491
  0.92729160104740471  0.93719927779487711  0.94747127081837146  0.95774536213102379
  0.96820356708434141  0.97885307329837290  0.98953030400524400  1.00000000000000000
   4.4961952401809048E-014  -1.0000000000000000     
 T F F F F F F F T F F F F F F F
