   0.0000000000000000        0.0000000000000000        0.0000000000000000        0.0000000000000000        0.0000000000000000        0.0000000000000000        0.0000000000000000        0.0000000000000000        0.0000000000000000        0.0000000000000000     
   7.9760170606165228E-004   1.6117996438746213E-003   2.1774213732961633E-002   1.6608961255533993E-003   1.6554148337641201E-002  0.46046387126607902        9.5456689051677091E-002   8.7527626561427110E-002   2.1189784808053062E-002   1.4750255860535719E-002
  0.53102031219851831       0.68032916045823388       0.48448156278707910       0.50335953476801132       0.46015585981990859       0.38683111021012678       0.29239019969138091       0.35997456086684809       0.75856819983690260       0.43237660514282028     
   1.5997512181822767E-003   3.2473007956352940E-003   4.4519150601138521E-002   3.3258601435619405E-003   3.3430129444621343E-002  0.60021393603773676       0.15267259161872726       0.14158988488201327        4.3457007230144715E-002   3.0363720889707263E-002
  0.71839232369266293       0.54569694268525670       0.43460389468100358       0.55883833825704021       0.40081557891611314       0.40834387875755068       0.50784958100574029       0.38587970867532950       0.62999907525136989       0.42638720947765174     
   2.4130327829286783E-003   4.9158407205030594E-003   6.5838606862482912E-002   5.0819374729318256E-003   4.9116208258310631E-002  0.64858216570026894       0.17602311251457325       0.16811501617523705        6.3390074441851976E-002   4.5670767403250261E-002
  0.60525074665787715       0.61391708426755498       0.51894159097506243       0.75800577990295448       0.52925201002395406       0.43191550642192000       0.43464613465300939       0.41211198166891044       0.59787626016033890       0.39347872262094369     
   3.2034772094616734E-003   6.6462136990138015E-003   8.5616570888815913E-002   7.0278544927975780E-003   6.4436945741772195E-002  0.68282823561988737       0.19205416881674664       0.18842809541926317        8.3320435611445268E-002   6.1947327716508960E-002
  0.46367823663681690       0.48005441636713686       0.46010807836257012       0.62207929949854235       0.40286156735200868       0.56628578558044118       0.40444374584871534       0.30965037088049996       0.66500805106609617       0.42970039799375220     
   3.9911752174603523E-003   8.5012344395407110E-003  0.10315071400596526        9.1939367128017584E-003   7.8946117190439841E-002  0.71048946603182195       0.20530277082394380       0.20536861466444037       0.10171361044468782        7.6815924259619264E-002
  0.58198808723358642       0.39401645631205823       0.43879295565775683       0.60480338541147893       0.55631127921583301       0.42361667958932325       0.37911543585894403       0.36017399765036090       0.66150491174809367       0.39918173532114337     
   4.9439816948438648E-003   1.0380022757065770E-002  0.11806547970353445        1.1511786362793154E-002   9.2583242250550410E-002  0.73608513102603790       0.21902670928535964       0.22230082717917077       0.11607007045363249        9.2524896186233732E-002
  0.50498899173700595       0.42549961728877944       0.35957745213274356       0.73820424505095028       0.45794589577860145       0.41439333355768643       0.38526657930322522       0.41914249271074566       0.54211235155515058       0.44963807297179514     
   5.9574107847948296E-003   1.2363643280077486E-002  0.13224453399170685        1.3764120045543282E-002  0.10602140870191512       0.75948462888539858       0.23230087179846143       0.23679594819003733       0.12995097440883727       0.10971782887166877     
  0.59608590920032190       0.39029606704431563       0.49791922177975090       0.57366976837889105       0.41942313604933140       0.48021469569194136       0.38725670668087520       0.35455864293012984       0.49234223397272014       0.49568659953395477     
   6.9693320346958607E-003   1.4737702116282097E-002  0.14730765707732318        1.5904755928755680E-002  0.11842490924973365       0.77820452224180081       0.24522935202111243       0.24846833074309016       0.14603580194575827       0.12378084080120176     
  0.55308194328310267       0.38530007203143435       0.44330472157695600       0.54980035285364592       0.41965198162817946       0.42284421497841412       0.41160241182834206       0.44932704826215725       0.52687848157043504       0.47025163930936409     
   8.0015563323309231E-003   1.7379531915609769E-002  0.16201421825250734        1.8037535872548950E-002  0.13009941774187900       0.79506711098081773       0.25676968539261147       0.25962128380567612       0.16303940857231145       0.13662616067186736     
  0.41458783635862329       0.41168555772461923       0.44679267352434315       0.43701084968952880       0.38511793785647291       0.40070579359997588       0.51237965981325362       0.49276117365423550       0.47337313730915292       0.41349473274348231     
   9.1057517914368696E-003   2.0346225133064142E-002  0.17932399802951282        1.9979103549191916E-002  0.14152274955509778       0.80882307983293567       0.26764624510407420       0.26978845210224361       0.17996507099030115       0.14940239369481542     
  0.49611310200326392       0.48335418178614525       0.44943481057368950       0.33189977606256987       0.33895303598978160       0.40393449653559954       0.38051685361502446       0.35388405409229567       0.51979739632124422       0.30778662901103132     
   1.0258045180716067E-002   2.3671854792046969E-002  0.19772596252827179        2.1799308162808159E-002  0.15247962723861586       0.82106681771247103       0.27788477018879143       0.27938127506796062       0.19402177392690534       0.16173558370483471     
  0.50067291313787321       0.32942466165239781       0.54829273784886723       0.40987816615950950       0.37340447750549693       0.39912586002265915       0.46756452338329524       0.46755260361453516       0.44321746863225187       0.36986621129472119     
   1.1422388309624375E-002   2.7874190831670767E-002  0.21564636727508144        2.3862085030690636E-002  0.16308904035421207       0.83195804985272026       0.28788586401558075       0.28853411940445600       0.20699325564098692       0.17661652532927158     
  0.34315451340800718       0.49164518167345134       0.46041550795066827       0.37971257122782981       0.43644671274860231       0.38392812790981862       0.34657262951657974       0.42899707457562647       0.37942558378718461       0.38540802819456732     
   1.2730775068785113E-002   3.2619948741692370E-002  0.23130443631699599        2.6120411320443557E-002  0.17361650842113610       0.84291798877636470       0.29775919996127409       0.29706600968504204       0.21952199667794448       0.19300800424859998     
  0.49931890802467216       0.45043386896605014       0.44816822635737974       0.39410115819712138       0.35509261257213015       0.34033137193850010       0.39416458224399747       0.38071848994786528       0.38810086995752108       0.40679244440968182     
   1.4027158010682989E-002   3.7690988028503923E-002  0.24513840811843388        2.8328402568664351E-002  0.18426952351495174       0.85351762965350231       0.30589963340811166       0.30668896685942260       0.23271420835659104       0.21071930865327548     
  0.38015334877475326       0.49365538253281466       0.38412885209394443       0.44946810196413567       0.33426992345413531       0.34259547597832085       0.37242450346806949       0.45669572174347961       0.36910988816861873       0.43905023444327018     
   1.5366812165984537E-002   4.3147704141631514E-002  0.25959108639537520        3.0287516192585701E-002  0.19641398894318032       0.86341810739830094       0.31342563251992178       0.31786767759106965       0.24649779676843445       0.22983143367627135     
  0.47565515234600869       0.43638402048218805       0.36079880422215960       0.34421423340657675       0.38739265966869069       0.41021714949489940       0.43040744166305478       0.61717299207511778       0.38228959555986697       0.65365386090038413     
   1.6810087545926829E-002   4.9008196403318278E-002  0.27400074660978790        3.2335058639679698E-002  0.20684383879770513       0.87209953176957888       0.32138020520589111       0.32823925904673085       0.26031414648513118       0.24986349599816524     
  0.42110810329440251       0.39171748579101057       0.46056450311122971       0.36323555481376546       0.38895332004641303       0.37785408704587492       0.34888456627697034       0.34205829892663120       0.32807571401433006       0.50856437033658941     
   1.8374281129897779E-002   5.5616227286216825E-002  0.28881866150129715        3.4573291638356533E-002  0.21638798105573362       0.87905546731732065       0.32928509217848084       0.33892173855179109       0.27324883509992570       0.26974108570441474     
  0.46029846945380037       0.45274306877046466       0.32079559268099750       0.39084541779073079       0.35365249761234785       0.31260484249169285       0.37451721234400642       0.37837772719882401       0.37769400801968561       0.31866074671653177     
   2.0055909291257001E-002   6.2716059060152402E-002  0.30327836391409246        3.6883673249144731E-002  0.22572700350736399       0.88518627445411646       0.33721887050688404       0.34998810822511134       0.28569489134072407       0.28805080537390854     
  0.44555485960487951       0.53330139147311673       0.34621150441344850       0.44673243540975416       0.34069442134465722       0.33847414830455025       0.34412289936612844       0.34723969487680550       0.38290321490175178       0.37640978095536781     
   2.1808796393444383E-002   6.9580271122500370E-002  0.31761491574742334        3.9713385317837906E-002  0.23592986503715499       0.89126122998543134       0.34548201060282652       0.36087818691422774       0.30002904344038644       0.30422815024338379     
  0.40687070114219559       0.41065768118115376       0.41950821070899885       0.43684356338620345       0.30657495704419485       0.38515599439862164       0.35379594551716192       0.42348538291608884       0.39264036103491240       0.41375040700306959     
   2.3768777661008322E-002   7.6298437873938182E-002  0.33165987659180007        4.2626979292090895E-002  0.24784341108627811       0.89659333388408990       0.35380648927732750       0.37111501024383015       0.31728163280253163       0.31900989348430997     
  0.46733469239891684       0.38802353197134715       0.32279889791168004       0.54701596626986537       0.33218104394698506       0.35981347413565073       0.38626051041374071       0.40460363719409037       0.46259404818992833       0.37984987508014623     
   2.5796726086139112E-002   8.4380872506965868E-002  0.34550881338755463        4.5755967603324454E-002  0.25860082619631886       0.90142941383529918       0.36210255363678556       0.38125257117832084       0.33544760407384355       0.33343496755706542     
  0.39134577529030656       0.42699540390006041       0.38636775516068472       0.39163131139935792       0.34905848599207373       0.36086174017509198       0.45140348029562771       0.37276953003187652       0.41710171116215589       0.32019112095491686     
   2.7825092858583068E-002   9.4929909951939007E-002  0.35996132044777235        4.8840653641327759E-002  0.27466003830192370       0.90614832390979727       0.37091171882077062       0.39205013004090583       0.35506976169855831       0.34810751390419753     
  0.42932791839283568       0.43920546687884898       0.36805852540263245       0.36470472163293594       0.44882898867488680       0.33618293268583183       0.43053030617655752       0.44694846564108892       0.40005399033149269       0.39409556143876040     
   2.9955904089737355E-002  0.10533009503719114       0.37481684454541286        5.1906450810017025E-002  0.29276944763114837       0.91065085818941416       0.38088226062692826       0.40378359777977579       0.37518690551166733       0.36345533491398530     
  0.46337897076577389       0.39683116736539181       0.40283115882533493       0.44501071126014774       0.42082529897633042       0.35186161186141252       0.51975171752014637       0.38791644137218018       0.42112019638561060       0.41732054554031733     
   3.2229763183101029E-002  0.11508004204591207       0.38896930363644339        5.5095802066552110E-002  0.31010592791854813       0.91489535474866412       0.39089756614352461       0.41717586425842279       0.39538973913014741       0.37937048201766949     
  0.36246337410110568       0.42707603893371610       0.36329620435945487       0.31242173720040634       0.59058889608049092       0.35255066503104759       0.54231476296411496       0.45477691003751841       0.49544539935234172       0.38350522548523375     
   3.4641827952100787E-002  0.12477053037728408       0.40477771144970220        5.8455415956660185E-002  0.32701463010756598       0.91917644656407771       0.39986426375328887       0.43195815871934529       0.41623985767019134       0.39614084694536800     
  0.37515194033188054       0.30019325169315142       0.45769019687463602       0.43516847224603916       0.39394247307225050       0.36988164036282628       0.44704596302710731       0.52978795112449406       0.52299028580968487       0.44574089379613668     
   3.7185230195116360E-002  0.13649971203333502       0.42032211683053655        6.1664846722953963E-002  0.34584007902137737       0.92342210872295438       0.40819044900309742       0.44584123275513171       0.43611465645598235       0.41123470876028478     
  0.38590250192526410       0.42397672386083873       0.40036974391927743       0.38056441919110712       0.37554429135285416       0.32408619447005904       0.43028772947055027       0.47727167836267209       0.39427024747407252       0.42152463480057922     
   3.9806830967511607E-002  0.14859374227143637       0.43675049692215123        6.5480321747663134E-002  0.36671988483787321       0.92750996346439540       0.41640871995994660       0.46029155848280612       0.45314649179513178       0.42615099852663718     
  0.36185886823240104       0.38145578323869117       0.36350347374712061       0.33246572233182287       0.49201887424253637       0.38581118152524341       0.40517978848074582       0.52898704834254218       0.36643884498581564       0.39090214088145658     
   4.2656227496072861E-002  0.16292491873892856       0.45113839832264729        6.9396944896115531E-002  0.38882631840227228       0.93140866681593815       0.42428388745004064       0.47491504970713455       0.47009916439927690       0.43917886077283430     
  0.38203354288615954       0.42810853344243477       0.36973643102316767       0.38214240024221841       0.38247318216414200       0.40777474091555471       0.54461695685110167       0.41943653707103923       0.39327494650527933       0.40352651332516964     
   4.5627960017698269E-002  0.17568482669323598       0.46691888695813505        7.3659460352671430E-002  0.41235918026716700       0.93514153449601378       0.43220456658625273       0.48905148771792262       0.48557410484074320       0.45180469703068910     
  0.42746540367174513       0.37939616720440988       0.44243205455792173       0.39629680608401169       0.42500404269021186       0.40473701099257953       0.34909502133892362       0.44140234160890623       0.45656730761654868       0.39027496041478676     
   4.8586562439427876E-002  0.19043360904340068       0.47993294641340284        7.8053788490752660E-002  0.43651280018838234       0.93870946975471325       0.43933975725270891       0.50242121106054016       0.50198100725955930       0.46381707717027598     
  0.36080890428302975       0.43133270425570558       0.39198713609106289       0.34964886430478531       0.38214274246650320       0.33638797383653807       0.46185633301643253       0.45077035978845198       0.42657306461725786       0.40460834246482708     
   5.1602258917694099E-002  0.20497235304080197       0.49442020494881078        8.2569545446789752E-002  0.45595495714578388       0.94214003848752992       0.44658739331445735       0.51570700757203491       0.51912931829918740       0.47828316639578394     
  0.35567112146996804       0.45237497236891500       0.50460842367855951       0.42313700864614301       0.42444663265185295       0.32581835987072183       0.40362840138381917       0.39374941311234524       0.41081006668267495       0.39392028850798982     
   5.4618443279747811E-002  0.22100874360631956       0.51076415365546513        8.7207173120233683E-002  0.47549349057394213       0.94541949043018891       0.45341472610661204       0.52935983439180967       0.53616169593430940       0.49222637581803286     
  0.44646045957341185       0.41494354343764661       0.41766382622505988       0.33770364480543269       0.44867756496386324       0.32638677819795814       0.45447764803797591       0.38687771870597298       0.41700365789793592       0.47675771431917779     
   5.8049962275711221E-002  0.23843278281214592       0.52678430138883758        9.1579456878593327E-002  0.49300676943250143       0.94851385556016987       0.46088207894226157       0.54352463639899518       0.55396672281997050       0.50374364639845448     
  0.37924395833378888       0.36356739568052315       0.38267484078904651       0.33557384698690668       0.39397125584169096       0.34727926242625629       0.47882214190247624       0.45572905271518244       0.38933517284570629       0.50223003421886758     
   6.1507703955019977E-002  0.25618948730303637       0.54242077631636954        9.5756421407536457E-002  0.51107890493346408       0.95151419169145213       0.46858238102580635       0.55817886110918313       0.57231375287868713       0.51693603892555018     
  0.36673096874575090       0.42185303497100313       0.38411229036947098       0.32106572579753095       0.45514417402941737       0.41711906740063742       0.42063809106425465       0.46659151514845987       0.39676589814432711       0.42103007757704025     
   6.5442261619529721E-002  0.27402136312186093       0.55860397233853976       0.10044730784532303       0.52838063330808138       0.95426097151079148       0.47641139951390882       0.57299322114109486       0.59137422189580924       0.53224061516254695     
  0.37847460887221662       0.46333067258520405       0.36967761357961038       0.31242857459529810       0.38668945251290587       0.38085085770263150       0.42235489706337681       0.41147182177265917       0.40515114919077794       0.44207589215259124     
   6.9495261241703368E-002  0.29296209700888637       0.57433460008426007       0.10516751803683813       0.54516962167085181       0.95669543373309351       0.48435881399748015       0.58799790238527994       0.60975543850352221       0.54820568726713492     
  0.39016986423909444       0.38812540975013171       0.39074992191273683       0.33603274531393662       0.47560458814835821       0.42622516297241919       0.41478213219729970       0.37813414195595874       0.35369014109748376       0.45384860371809171     
   7.3799713852356660E-002  0.31283265333083754       0.58990813070223469       0.11104150227636067       0.56168268000038202       0.95918504171103280       0.49178941489953648       0.60260278967876879       0.62726733524980571       0.56433924769180821     
  0.36809660782219589       0.41884770973906726       0.40939766158902974       0.38498521538633956       0.44893504235143156       0.36778749482730871       0.49152958275617847       0.40796093571532660       0.43841966650462938       0.37113637224518059     
   7.8300318668773086E-002  0.33424049347647444       0.60616718110141732       0.11720662707879771       0.58012897414865039       0.96157180371544215       0.49907654663458795       0.61746122293326255       0.64492001070804139       0.58207792950236781     
  0.34494154973861929       0.36525896761160354       0.46192951872225174       0.38737143875135727       0.38573473565645250       0.40135371418567312       0.33837220232978593       0.42907990540248409       0.35713588485848069       0.39672721590141713     
   8.2664027367033835E-002  0.35579560099245711       0.62398169766899769       0.12382722880060745       0.60036119473686678       0.96382590539902568       0.50630929980470873       0.63288647070104154       0.66248530253438287       0.60119415648992436     
  0.37831494701053309       0.43178441734804196       0.58807913911607324       0.34261010092993605       0.39982382424103263       0.39144942787264914       0.38022306229275105       0.46236342144501130       0.45542804648001101       0.42189548786468056     
   8.7230321576594425E-002  0.37684451369781191       0.64006320722047094       0.13056543932562559       0.62100528263364474       0.96589455109519617       0.51415084651865162       0.64891832817193518       0.67987314119521214       0.61885239318293783     
  0.36886351324813282       0.41681392507805382       0.52316932369975833       0.35316298801327184       0.47345900751235165       0.38329067278433487       0.43795250388922030       0.44142079602673406       0.45635415622815656       0.41297615475286159     
   9.2333184390358050E-002  0.39570072072457918       0.65571287107717613       0.13827898686594511       0.64114367066608979       0.96795017749051371       0.52238429192964986       0.66500167358058004       0.69262852283414911       0.63540545001871851     
  0.35764699556262552       0.32538047249278396       0.41535554102237143       0.37386771321379692       0.43152363801097193       0.39568742681716290       0.40398611060405082       0.44097252755946115       0.37104009602115562       0.36939143939197028     
   9.7688074816604242E-002  0.41263251917602367       0.66863855583604737       0.14608746434252717       0.66168380414914385       0.96995150625654170       0.52964689124516373       0.67891260143341370       0.70537454469467831       0.65043349355548008     
  0.33325713197022078       0.39840884477582061       0.37777874763538360       0.35457817233502459       0.39093915104679189       0.35633764309585847       0.40157044930741526       0.36666322260933604       0.33841390359387147       0.39723147538118891     
  0.10354075517374259       0.42921550212641263       0.68197801123151847       0.15398276835651295       0.68282450926601534       0.97178178460882136       0.53747249804619002       0.69265890944585662       0.71817817861206146       0.66485536211854268     
  0.35698182299771453       0.37387182107682132       0.37448590039953528       0.44958336828288364       0.50994602316803561       0.32414947178898706       0.39141515494528678       0.42458910245244619       0.30687980112454810       0.45628075585582284     
  0.10931400930954450       0.44629678728798822       0.69692829324020111       0.16231994706029093       0.70255877781448450       0.97354158882931330       0.54573664702157565       0.70565765926141522       0.73027540278145753       0.67938080603930739     
  0.35287109457633203       0.33305074379306837       0.42582075456265173       0.46937278575522007       0.47662195992315509       0.45757398244860215       0.40286470049023265       0.42295063377110853       0.30559795514100568       0.38076868407536979     
  0.11555036156303643       0.46569571496720447       0.71184639048435083       0.17088643095077458       0.71986353947399595       0.97521588478227617       0.55419967911999668       0.71898069226822359       0.74696665158946340       0.69508922821852748     
  0.34964443778740589       0.33774323828591352       0.38243006225890924       0.42169577721637713       0.36720292210651451       0.46276071369078992       0.35669723496339262       0.36859543800341382       0.40818084678646344       0.37914088060361922     
  0.12388975554287852       0.48563825748487871       0.72569650772744598       0.18004392688564763       0.73598840949674638       0.97674075170201657       0.56309047443883153       0.73349572324292678       0.76335204282467684       0.71107810861363152     
  0.36373862250226618       0.37451462463347401       0.39225477013277044       0.37043589566177226       0.40213956363916148       0.37713723773691687       0.41403974340621652       0.37037451199442156       0.34695427551855368       0.38988979649316169     
  0.13355265966185309       0.51476618067484947       0.74116451412653572       0.19010127801292984       0.75228762417225714       0.97824873994025086       0.57165818781306843       0.74842392197948848       0.77929648374628346       0.72850947519239562     
  0.39530941076837262       0.45735307985578250       0.53258416796802077       0.38328823078241192       0.37688626296715028       0.37854335932287070       0.46919610843910686       0.41595416949379477       0.42490203583545921       0.50206950604910672     
  0.14389305902810132       0.54208984179997888       0.75676484628039908       0.20026840413810595       0.76643175760318205       0.97984222282430700       0.57940833851286400       0.76349542626001632       0.79390624985870684       0.74641653799655749     
  0.38348384224682486       0.34792459859831276       0.41781979551777271       0.35304200218831605       0.33816585743649186       0.41121478293419089       0.42130179740190038       0.35452343989787627       0.37117076874141053       0.42411073793794529     
  0.15441109972945069       0.56874109916698057       0.77379104515579433       0.21028642760566002       0.77976607354510508       0.98143254839302241       0.58786978369076326       0.77871427423296946       0.80837421251239805       0.76402663497412349     
  0.33674856162478095       0.44274336005452392       0.40716940569010207       0.31770386134254930       0.32917246245797577       0.43389993294184581       0.41809863537609349       0.40933710892787589       0.31874098790161837       0.39520778082952657     
  0.16449137680209561       0.59704684197119362       0.78891660425300003       0.22316075243805644       0.79474940283374496       0.98290805696609840       0.59684996274793722       0.79246774060148473       0.82168282778412582       0.77891989537747452     
  0.35627821308149410       0.44429183069913153       0.38497602936258518       0.37277289790230472       0.33265795337299198       0.45639620803525732       0.49118909017551210       0.36064621557369697       0.44066785047513241       0.40954030304833183     
  0.17544519160422320       0.62485833534057167       0.80280716211969061       0.23640935422430193       0.81117403985856562       0.98430076201177430       0.60571722230864367       0.80672098822594895       0.83451214495296300       0.79390185220563514     
  0.41265154454403263       0.40571285610579988       0.33098263226440799       0.42711635485765909       0.46834207368412983       0.45915330028553869       0.38498088892576637       0.41318834668667043       0.32065960203973437       0.38917927838457350     
  0.18721153809855715       0.65468293284703682       0.81672301150632987       0.25315268915599376       0.82728865380437011       0.98568742311002588       0.61376752024350334       0.82041054905946886       0.84721258940667643       0.80786538677506736     
  0.36714103790024660       0.45872210362821086       0.36206017072347657       0.42363555393937768       0.48878821962381830       0.51242226741615338       0.38504411762197271       0.36600633840200969       0.35052683652427002       0.42868640174544698     
  0.19915611899495433       0.68426697616083065       0.82985133367533315       0.27037455934228732       0.84318890823237780       0.98698522993188786       0.62260279561318677       0.83412917111253304       0.86052389779955707       0.82390029802014142     
  0.37706137470678031       0.33160487155883817       0.34357749587113451       0.45271641146078501       0.48845854579958209       0.44682685821253421       0.37102242622598663       0.36479333359722993       0.46041931323074886       0.39278950966472903     
  0.21265660343291065       0.71425656017310546       0.84371950212696867       0.29239030102216890       0.85901493722770239       0.98825709033418807       0.63232005332389651       0.84776162966515278       0.87346434268406137       0.84176714568975575     
  0.32594045614150580       0.45612911401731004       0.36969245093406949       0.42151774379522339       0.46665529720933702       0.43594505541950973       0.39729596571904841       0.34551978986099435       0.37580170575910266       0.52915125765536775     
  0.22804521929460755       0.74357323034686107       0.85754669365147207       0.31404329150804589       0.87428621301147014       0.98948795974840886       0.64375151138274933       0.86288354793975952       0.88832762042853586       0.85932419395607662     
  0.38695229912211321       0.36123120363761757       0.39779050340824296       0.46413929876400017       0.49557029838347322       0.51755249994251495       0.37123319913170499       0.44718586768467183       0.38073072114415135       0.44843973770554851     
  0.24766854865564747       0.77296336454514558       0.87164538909187772       0.33593867434861213       0.88871652694558101       0.99061976800865392       0.65590923372979215       0.87704745054279376       0.90274217533509704       0.87751951647803839     
  0.40417985614689361       0.40148003135486998       0.40196581414808896       0.41585357367604842       0.37652734769403529       0.53121754372738628       0.42144924118181887       0.38705768021952419       0.35042915314820317       0.38148027056516037     
  0.26975132163548987       0.80340355848169664       0.88960492175523309       0.35952467467618571       0.90176430104645944       0.99168886284084723       0.66882933515141663       0.89222338936496481       0.91617232267959692       0.89474515247464903     
  0.45330580464464004       0.37464487447447348       0.44151877769973613       0.34628245653159795       0.43269852080566484       0.54819953228358786       0.42909198869771986       0.46044839122800352       0.44887016147058795       0.44181788555404100     
  0.29753451380758578       0.83318397105089892       0.90598265990910409       0.38642179642696789       0.91452684104515269       0.99268957688160031       0.68283363087674220       0.90735654496198459       0.92894895212260076       0.91049147196632785     
  0.45320526604838290       0.39593796016483368       0.38923077258865119       0.37478816142804117       0.45624146226684431       0.46316157051873297       0.45015933102183475       0.38989263338398022       0.36762582267995486       0.38065027862604400     
  0.32856228223365380       0.86393846658201190       0.92129242962482238       0.41917182706300249       0.92778961634927748       0.99364245110255156       0.69811247616748517       0.92297834850215110       0.94045000930677425       0.92506025027358407     
  0.41060373100110509       0.41118027803205520       0.38909637680730763       0.44044424158436934       0.39030244371851347       0.53862328536830462       0.37682635608009357       0.40423238531605460       0.32508070835124142       0.37685893094709716     
  0.36585544634541539       0.89644611092828830       0.93659134975447644       0.45945560860342510       0.94111652334528517       0.99460169468813164       0.71598534580853557       0.93820697214818616       0.95152168280616800       0.93782151117709922     
  0.38798263206676309       0.49968017186508917       0.40592049452235807       0.37540507924359434       0.43189630491172482       0.47754771926824380       0.47522834832293359       0.36677605986389178       0.35190912957961967       0.34659637470496285     
  0.41988358145923327       0.92510091563896923       0.95150722681799782       0.50703450876920797       0.95488705732523793       0.99557531932423338       0.73911115871267241       0.95293635191012593       0.96301688143046460       0.95221204097043821     
  0.42502257679376271       0.40574441655514693       0.43620089992008110       0.43411270308535099       0.37351425654420195       0.52393701859251995       0.43378655988794523       0.45817630646998925       0.32604128751995126       0.47599763371396614     
  0.50547348281848070       0.95091070125951871       0.96637229746980724       0.57767401482384928       0.96987318573054038       0.99661410303020992       0.77358872826983749       0.96717696883346826       0.97550997162547526       0.96725417557095439     
  0.45949714617971937       0.30844810085711255       0.45587705224298675       0.50845493393387597       0.39904159106031256       0.58382784177303859       0.42099404496205300       0.48962624774019486       0.40677846874753926       0.37466970482539530     
  0.66604936198822517       0.97609206212658706       0.98331309712049431       0.71441928557435241       0.98488183194856560       0.99792213160938448       0.84722674047818580       0.98410047514356946       0.98792044600248519       0.98326861525040632     
  0.38700089864892234       0.36202640195350932       0.40745070847882159       0.43321799829408891       0.44649097257920561       0.70310038044311751       0.54190144317596001       0.51999778322224266       0.34892517178247562       0.42143950474852626     
   1.0000000000000000        1.0000000000000000        1.0000000000000000        1.0000000000000000        1.0000000000000000        1.0000000000000000        1.0000000000000000        1.0000000000000000        1.0000000000000000        1.0000000000000000     
  0.38414763817601955       0.36422324374156484       0.42447357235160782       0.41724907824274021       0.48354579515634782       0.68157801699527887       0.29239019969138091       0.40854198766027555       0.36580242743266128       0.40399616214883571     
  -17.118425395776978       -12.109518549340201       -10.297316002401383       -12.778583935290609       -6.5383088604002975       -6.8358230478825988       -5.1085662771826197       -16.470495859018584       -16.545745901302571       -13.517493566128721     
  -7.8891259499891797       -16.136025799659283       -8.9072925968668653       -16.226457016648496       -12.192472859301851       -10.460870910769785       -12.624266513557231       -11.095095700415991       -15.573656702104246       -7.5825069349324004     
  -3.8667064556066730       -16.996826188007045       -12.863271486943132       -7.3602361301687873       -13.300656247676139       -10.813753742003746       -13.447394414732761       -10.260021621467795       -12.203000984279624       -14.513596288512266     
  -1.9829476285491834       -10.818047500732623       -13.536039820534699       -8.9703176207343258       -12.801737204054007       -11.158730630791533       -10.146519440898029       -11.114049610774334       -12.930889712657638       -11.991297853887325     
   2.5284115358181771       -9.3606334283442507       -8.9240882124348087       -8.3496337705480386       -9.1458241271183560       -9.7145937020090098       -12.450094829529384       -13.450638210509799       -15.624391287229265       -15.596462627950912     
   3.8477021560157612       -8.8033780120426552       -12.284726312714330       -10.632115239918141       -18.306778088417762       -9.1443754719186039       -10.529938162090597       -9.8010162709204156       -9.5177823398851942       -11.256508246464652     
   5.7080170199815257       -5.3575022134456969       -11.632162220438730       -17.989826962597352       -11.587673973766213       -13.301156149347488       -14.810640549896185       -13.720824686426882       -11.856941819727574       -7.9090616666189035     
   17.124627421116756       -6.7539714813255838       -10.182751566875201       -19.215285382475098       -8.9265096179556007       -12.777248822290485       0.29857436922437308       -8.7376524761983543       -12.782668706505916       -11.999934102694674     
   6.5417383074611100E-006
           1           1           1           1           1           1           1           1           1           1
   4.7315228344833280E-006   2.4006017231405922E-006  -2.5809146207584181E-008  -13.818630535311607        1.6067574164952989E-007   2.1984518333019356E-010
   6.5424921283766331E-008   4.8496410791957672E-008   1.8953745418288070E-008  0.42122978277942769        1.8948110060836398E-008   2.5032204875776998E-011
   5.0000000000000001E-003  -12.175621013926136     
