   0.0000000000000000        0.0000000000000000        0.0000000000000000        0.0000000000000000        0.0000000000000000        0.0000000000000000        0.0000000000000000        0.0000000000000000        0.0000000000000000        0.0000000000000000     
   2.7076577465606034E-002   5.2021895967284523E-004   2.6674500889568960E-002   1.5715333778720798E-002   1.5338454697385975E-002  0.34326645017761970        7.1167395391541904E-002   9.0682699807942885E-002   1.6554881130394373E-002   1.3061222406487768E-002
  0.60179266576345503        1.9701798158360224       0.63212643015861658       0.66163868744006182       0.65241478780494699        1.1522979725122988       0.51486536582586762       0.77231708623812656        1.6054336366955140        1.6944914682770436     
   4.9956287813457401E-002   1.0660669867577418E-003   4.9410743076513976E-002   3.2138985073298786E-002   3.0938440622336232E-002  0.47132213660797440       0.10973141123894431       0.15089867647597241        3.3085182178243543E-002   2.6504528709154998E-002
  0.65856273001724064        1.4506230188096281       0.73804138311767076       0.72755960855639301       0.51257186419247736        1.5590848604450587       0.66049277790240057       0.77110575559198580        1.5866624914280762       0.74082324377547093     
   6.7442172689885574E-002   1.6566169326745681E-003   6.9590345232825104E-002   4.8112942511974822E-002   4.7837446813983893E-002  0.53115571315194077       0.12872950323269711       0.18344887062280668        4.6603780897530957E-002   4.0289685241350300E-002
  0.65493375130206422        1.0354404222284954       0.62589659577381729       0.68838017929431539       0.81521293087949254        1.0593240446878878       0.68463043233490861       0.73747191805873546       0.96832586580372570       0.72895738331338311     
   8.4938187804146012E-002   2.3190453692652955E-003   8.8291332274631845E-002   6.4612431878433865E-002   6.3644510947755958E-002  0.57466141861246289       0.14469738385015185       0.20828980234978076        5.9228584081631119E-002   5.4234581102372462E-002
  0.54360020570661771       0.94708713082211438       0.64166185249333341       0.66554288356837510       0.70189205691842149        1.1157128712042572       0.64915394997315190       0.73699482876790634       0.90122690441861464       0.58959616616442367     
  0.10179059293960135        3.0714535368524718E-003  0.10616701025624335        8.0877295749179554E-002   8.0338521662146625E-002  0.61150721339962277       0.15584009932921855       0.22744131845704454        7.1811124751621339E-002   6.9053317732502867E-002
  0.80042229921365449       0.82314890095988125       0.66479573389619651       0.75026032327214398       0.72658754062281017       0.80976067745451197       0.55958608100713525       0.64477378219081349       0.75687549603837734       0.71768990084665063     
  0.11844758030874422        3.9064431993796507E-003  0.12357225839205431        9.7312614668207065E-002   9.6462258150681310E-002  0.64353996098029631       0.16725180745546794       0.24224283789911025        8.4282881012900407E-002   8.3862694853961903E-002
  0.71335135568711683       0.81195141839886131       0.70469415786365175       0.68521980633484891       0.65320168259660349       0.76747020610486705       0.55595727748019408       0.68267272430825265       0.82088599279981467       0.63136414184598411     
  0.13519389352466565        4.8082724951410199E-003  0.14061109511484271       0.11233714764837237       0.11295995938975650       0.67143205028573749       0.17677032208473709       0.25527792802584814        9.7681697781766746E-002   9.8390946211869487E-002
  0.58048529955474826       0.66328552235066685       0.57246366835989126       0.58863702291297293       0.55874839648787822       0.72694074042679280       0.51885906262057224       0.74717853255524780       0.70829693153608686       0.50221721493743032     
  0.15269423028124524        5.7961755794204229E-003  0.15842946119574330       0.12608166377326255       0.12882244261308595       0.69451020176829659       0.18712695108710276       0.26632021150330726       0.11215844363463567       0.11533178820314773     
  0.58887100783101809       0.72982641144739935       0.63998677368861601       0.51507321448988908       0.67310104536368720       0.77244976640265295       0.63721110246705392       0.67668290273795095       0.77718762888881310       0.56387806825347642     
  0.16756218074469822        6.8809721273099022E-003  0.17525265265943726       0.13953141199827179       0.14540714246939249       0.71412870582246490       0.19713374166765421       0.27641707686066436       0.12614908495557003       0.13515120113712975     
  0.63655373590377018       0.66661359597196945       0.55713678351983753       0.61236457262299493       0.66866212909690148       0.70418009218020738       0.65987742980729358       0.67132709078869146       0.76300788271096576       0.81567992013803003     
  0.18198885443340893        8.0319546745005171E-003  0.19123438053397171       0.15379421954075845       0.16200621538166521       0.73233191198609937       0.20694027039827911       0.28668971771202456       0.14003942033826397       0.15350478935647935     
  0.61881222179911677       0.71826645039338655       0.67346251098652221       0.57475653005360239       0.63410607612558134       0.76644377923660478       0.62329050958563936       0.61460650164275565       0.60819673746551006       0.58724664845370123     
  0.19671554341839195        9.2255393581811822E-003  0.20668036233237197       0.16966710118848297       0.17752172798990201       0.74945485884058349       0.21610057733802021       0.29731009514831747       0.15405847139798071       0.17132111829960911     
  0.62452252261079577       0.69810992674471961       0.65483593441961929       0.60034352666158064       0.65143753739159238       0.62147533519164344       0.55548222013778503       0.62829882951693439       0.65907012767755291       0.67132209922965169     
  0.21156368341138038        1.0465800701231947E-002  0.22213297868083648       0.18637859458995287       0.19268150703011616       0.76541931952659936       0.22527326870305431       0.30688590658624953       0.16807863250642410       0.18809643878548502     
  0.57381089277994801       0.70401152969687586       0.57957789813160243       0.53867547758661494       0.69670059871239820       0.57748514379891869       0.61737947573078544       0.59705753704979891       0.67589136004098505       0.60533026068065199     
  0.22746290544993442        1.1757987079868628E-002  0.23839716919806911       0.20266262429795417       0.20770578740239487       0.77961491503829761       0.23409691960281409       0.31594870520025947       0.18267723781583539       0.20543476362149823     
  0.62397128310817296       0.60110189590057683       0.55851400495177139       0.77884521560256059       0.67652837151715040       0.49146405916313907       0.62571471976819026       0.54087681383435049       0.62677145696036929       0.63045078894703810     
  0.24339277117770211        1.3091410414233996E-002  0.25368056040851444       0.21830805856126434       0.22284874211078465       0.79283325341937227       0.24263381045555801       0.32463030359121281       0.19721228543993610       0.22303262472864682     
  0.64957177077916717       0.53040752585102258       0.60922154958256614       0.63427331822111666       0.84650266797982565       0.57878199928656948       0.60535457205850562       0.58072242921507145       0.62280608130798187       0.63106647405067584     
  0.25927920059324561        1.4500918734842912E-002  0.26790956170943880       0.23352787030046515       0.23856523369729823       0.80501465417678897       0.25084215381561120       0.33388025009360800       0.21321160760210209       0.23932715084560099     
  0.63906335796446201       0.54571694668484061       0.48694528518297814       0.69012315698492332       0.73712651483778380       0.59784924551578433       0.57981153938838315       0.59479040254360449       0.66080840327735491       0.51977429001701470     
  0.27471589719727374        1.6099855849242183E-002  0.28218018767195580       0.24908144431863405       0.25490731152129198       0.81644152340175169       0.25882801938263622       0.34381441114992090       0.23014132832526438       0.25556582140395789     
  0.63960129629280227       0.57781665895484935       0.51711984026961566       0.54991777020631227       0.54844402781547019       0.61855365514789351       0.47790990990779703       0.58779059840697545       0.59207356408911238       0.49070203614871927     
  0.29046264117947768        1.7737083545466378E-002  0.29837443525892476       0.26475664409581057       0.27172593457801075       0.82705873744568636       0.26719110181022204       0.35421136965555111       0.24743869473253044       0.27146910888510212     
  0.73117982277984317       0.54318467086360955       0.58126365416261183       0.55099844812086363       0.87821316050860343       0.55439103484013286       0.67308446637577202       0.71731975266353276       0.57610227365787914       0.55450020125193877     
  0.30641144212013233        1.9461214394115207E-002  0.31525998224797364       0.28040320647272859       0.28865637934022209       0.83694653756135007       0.27556947226949557       0.36480000892461539       0.26425403034690437       0.28739977362281599     
  0.61325868039655407       0.55607943107253854       0.77263210731499299       0.66951071470950785       0.61147260792415414       0.49435076979757309       0.55734343901512062       0.68075593985973604       0.58227798344640158       0.61643433344086662     
  0.32279903098626767        2.1269900708059938E-002  0.33053616708723726       0.29569513512094664       0.30575775998369470       0.84618192499602896       0.28382406400043431       0.37511426136394393       0.28018868368029315       0.30295728961443330     
  0.69303130224340281       0.55757645313683413       0.60608310171839808       0.62199979060216770       0.76783306244759253       0.55765752590325457       0.54299445863471718       0.58684502091208202       0.61785064144276025       0.58963575736984664     
  0.33912946924840004        2.3148997563317699E-002  0.34614615282360783       0.31106179925495936       0.32267293344657511       0.85452912561888972       0.29234966876004342       0.38532404245491286       0.29671289940785828       0.31827227089436694     
  0.56455963962114197       0.46439685360701938       0.61398730591239492       0.58338634031335179       0.67163580982378956       0.53377036395422406       0.64009682715791327       0.62253019689705602       0.63346231366055927       0.70032491597700519     
  0.35557288566981377        2.5094083939780524E-002  0.36189795700429345       0.32682041374998766       0.33886016677127467       0.86242283231736172       0.30090184541691573       0.39587707293271818       0.31319187515427993       0.33349221723743627     
  0.64989640314003916       0.49505386035124960       0.60620723833656753       0.55411369782834541       0.68103126389360968       0.52169057744392089       0.56137616853223293       0.84036348518981796       0.49285015893448059       0.63722903209609849     
  0.37184459864907260        2.7138177657647554E-002  0.37848478307155353       0.34344542739276929       0.35453816450145631       0.86981313525947723       0.30960707123652875       0.40692689787158848       0.33089105170579797       0.34800692235758757     
  0.57312659091034235       0.49011150144248539       0.54852616499571838       0.61748029298351204       0.65241145624840913       0.47932658612630380       0.59080968487518692       0.67099140852278949       0.65574054519651825       0.51148807840568389     
  0.38779958267711917        2.9290404364054466E-002  0.39467512098177732       0.36039073296140750       0.37014222909399891       0.87706165677842851       0.31845628463633213       0.41857695288854552       0.34833832160122302       0.36212079627419030     
  0.68756730413439771       0.58751084850341706       0.68892421135986448       0.65103685503446052       0.69082820212234919       0.45357761979409755       0.60298131847639369       0.65539738382771817       0.56505428751186970       0.57919885806506444     
  0.40421289555936807        3.1601172929563048E-002  0.41053274173111581       0.37698579761349071       0.38596999245218111       0.88390012186069211       0.32684555082968159       0.43055644881001409       0.36530117129251399       0.37665153587769540     
  0.64607653113151953       0.55662052940728757       0.70588302272198622       0.74367544723572232       0.49879599421138948       0.55607276712668108       0.52045993440022542       0.57073898506019782       0.49245428943644642       0.62345758045947686     
  0.42079709749058541        3.4208159534848341E-002  0.42590953825722244       0.39283388100253475       0.40186986718986117       0.89029672279965921       0.33524885389721670       0.44249199852301413       0.38240800286018817       0.39207175654208359     
  0.70496971612745718       0.45224999426450707       0.71568203564234789       0.64653146997625310       0.61315194388785266       0.52703214107344631       0.58222366219334365       0.70394634957192459       0.57064689911074284       0.55040662084943504     
  0.43725920486601122        3.6985504271479772E-002  0.44104945427798847       0.40814537756197067       0.41768090238592792       0.89623975912709752       0.34363751759070443       0.45457059083522716       0.39967422468237374       0.40778253589471897     
  0.71191929381853059       0.51783053922145694       0.65938754935488098       0.52735494309062514       0.73982999716249698       0.58175085812420102       0.65996274157673118       0.60670065161956399       0.64727080136136783       0.61595044483891337     
  0.45377701353431255        3.9833073314520878E-002  0.45638576607145764       0.42371290370026626       0.43338618867136997       0.90184800975413215       0.35175062734830514       0.46707282874124501       0.41680479948258042       0.42359424489443309     
  0.54351810586279214       0.48744675830221879       0.59943198563979860       0.72840444792230774       0.59671469872485827       0.55043652638351936       0.63211147707485482       0.60260792232488736       0.56281704245192943       0.70852190840313511     
  0.47070527855581473        4.2800080151624002E-002  0.47147640907328381       0.43915449822231289       0.44882341827885830       0.90718923581964372       0.36015927551561588       0.47985657878304910       0.43431552704979853       0.44032487741745585     
  0.62005867623315281       0.50003008061226728       0.56455379444422660       0.57094305918723687       0.57714795138565400       0.51975825865088787       0.55614318328075019       0.66006360741874970       0.57056317724507077       0.65919551383314434     
  0.48595468500416544        4.6036016947646877E-002  0.48679882839021232       0.45419004597096707       0.46409432843935317       0.91224442646638970       0.36889285994947857       0.49263139346202539       0.45131151421147114       0.45783257784493875     
  0.78202557168194131       0.52914384774276690       0.62798648396009660       0.66947347333164342       0.65025280397581664       0.47752811412131385       0.61262667773515489       0.70860583684882561       0.58397191795494496       0.64284156345037102     
  0.50159194032216059        4.9414139169061538E-002  0.50196528394666240       0.46902570419080342       0.47940992604166843       0.91695789589083831       0.37711818292922206       0.50504877080120103       0.46846613514429503       0.47489197219711454     
  0.65330128021122358       0.49701547860226142       0.80186888155872416       0.61132977644314501       0.63409511838389743       0.49469887794715905       0.76503841690403773       0.53124428415264224       0.51579993724640949       0.70460253375020288     
  0.51702020654217995        5.2847899915924160E-002  0.51720585045032463       0.48364253094554194       0.49465267647162786       0.92143578752549682       0.38572787883120091       0.51700064331503115       0.48542876111641797       0.49116705817248474     
  0.66457234304512269       0.48518858095079542       0.62251646397079496       0.54283953912349581       0.62582267056618601       0.52726892812616677       0.65125061627758873       0.56822232614922108       0.58234662638802248       0.59951005941492597     
  0.53227737391762020        5.6509939173472003E-002  0.53288077851279558       0.49816629783016847       0.50971352096209688       0.92569987526181630       0.39493852757018877       0.52956665273626990       0.50244708332085852       0.50766440159434678     
  0.57477355919718531       0.52922389182670782       0.57850032804352303       0.59228020104341239       0.58080840277205803       0.50230197092131168       0.62987282098556507       0.59083228039861169       0.50529800837703576       0.56634538220630948     
  0.54663280347138521        6.0524297890111961E-002  0.54885122671277242       0.51309323756242642       0.52481348056759369       0.92969420747923848       0.40456747215716121       0.54261254894982158       0.51930291263413830       0.52450371286843467     
  0.54743814908016364       0.51436830526278821       0.71332788207101350       0.68610181234218803       0.57759159337588006       0.53341713619702069       0.62916801603848926       0.70053746266796724       0.61013869876215865       0.65352235181072071     
  0.56146705251606666        6.4815340045039360E-002  0.56514427573341730       0.52881441145166797       0.53998582585840904       0.93349865834996626       0.41415361511967458       0.55604793303254019       0.53616608401083388       0.54154504497263356     
  0.62617261374473498       0.53301523370137716       0.65533579056765090       0.64102777921295606       0.61055862079674705       0.46848947202590480       0.68653780641117679       0.61886996773912395       0.52246755257189992       0.68240788612311964     
  0.57757343803119021        6.9383062590023886E-002  0.58149841716075512       0.54540870453375301       0.55560854771960555       0.93710845514836827       0.42390625037513513       0.56920188873123689       0.55296676223003682       0.55766022310257990     
  0.63146738398583013       0.50621352034712563       0.77815193226092683       0.62633794500440076       0.70487318517191966       0.48900906073826061       0.64235608575704028       0.56214467205070240       0.61602598146870602       0.68581917294108219     
  0.59326920642976710        7.4240590320999070E-002  0.59744222032080452       0.56159295914117502       0.57186154400770250       0.94064064729582841       0.43367568769837639       0.58297588086917407       0.56936460763220853       0.57331846662755914     
  0.67537244403879104       0.51025252243152885       0.57900344483653099       0.63646243754258325       0.51851230965940998       0.49308734953070416       0.68983761138051614       0.59620259141924059       0.54895586528457907       0.66943484252002250     
  0.60804119117969235        7.9379129804939913E-002  0.61309306227348159       0.57702012029278460       0.58827587741896137       0.94410790924093457       0.44336024588175738       0.59639138608405684       0.58599947883494918       0.58794326767138416     
  0.63268349388218204       0.45471961310280762       0.64912222011763543       0.78098424520535215       0.60505627965035613       0.44669430145835526       0.70026864383566401       0.51285139990902295       0.51862127691976623       0.71611300580391646     
  0.62245057052343866        8.4610610792236945E-002  0.62867975956352540       0.59233621529668301       0.60471063852484841       0.94745214145502554       0.45316593937284999       0.60989853688517870       0.60251550780011398       0.60300264427396832     
  0.54790644277671585       0.53930146308182969       0.54058309471988097       0.62281926697879009       0.54662259071441410       0.50238230936539796       0.59129545886538748       0.58314117528095810       0.50825245614974635       0.60155164965399699     
  0.63727152404211385        9.0067445767655060E-002  0.64446122921229543       0.60807198877478219       0.62099803387265540       0.95067225377806985       0.46339488856195837       0.62269896421103210       0.61885420054077256       0.61890816321675535     
  0.84800741560921689       0.51035492871659560       0.64512495359010813       0.62595207674225306       0.77729415897681464       0.45715811205838680       0.57234973939885370       0.58565311675973220       0.50609246093725280       0.59372741412291341     
  0.65267045421946224        9.6074973793066773E-002  0.66034788593636451       0.62452125597524799       0.63643342195001584       0.95369610584869768       0.47393360731602430       0.63637206982912664       0.63447739645231427       0.63500740008625989     
  0.66908316011823443       0.50059189117196090       0.62980385851496301       0.60643649802301092       0.76998130047379842       0.50789572833264418       0.63523677242928989       0.52087770771017083       0.49173445741686556       0.70812782193696577     
  0.66815439514647224       0.10239894452802041       0.67605628377199023       0.64133169728408213       0.65159956346745818       0.95655777914044315       0.48464280926347947       0.64995320820460512       0.64952848109333661       0.65097468927785251     
  0.57109600087927193       0.48157527020179836       0.61542623555160780       0.64820350481570010       0.58957271676733425       0.48761033439593826        1.0052949594567981       0.60844188374251795       0.49248149829247517       0.58319622473146771     
  0.68357554510481133       0.10907945610073812       0.69115650117214411       0.65771807839038332       0.66694897895391014       0.95933426933023058       0.49488848550323522       0.66298420430242466       0.66399469522582666       0.66678259459021527     
  0.61929175009782567       0.55152025849424247       0.61002706073385038       0.84823166273719031       0.60523339009891342       0.59007984555813719       0.59561048858316512       0.62353720585603145       0.46702662530380495       0.62338589548996592     
  0.69895365061182357       0.11645295809991441       0.70641470396734429       0.67353675674380320       0.68081432126361863       0.96207343009445023       0.50583799737753266       0.67489007808098223       0.67849095252364489       0.68305794461767344     
  0.60408078039512603       0.49113264980655297       0.73060453240486034       0.58740737992060998       0.60937383868550976       0.51458343997653222       0.58822813925855477       0.51686671212867730       0.57930662037963088       0.61506250215146885     
  0.71407744134579054       0.12442813954994264       0.72191017474974128       0.68960373680093590       0.69387583449373669       0.96474927692589552       0.51731987985932271       0.68758794601934370       0.69361608474137926       0.69920724412941204     
  0.56183920457148806       0.49728151348590066       0.78272540505758570       0.60527752696680703       0.49557251385446094       0.53620362141954980       0.66205588967257190       0.51052312515648968       0.50617176044253009       0.58817244678936231     
  0.72948810484786730       0.13315227758125367       0.73771558369568035       0.70584667998793216       0.70711697029556186       0.96729240086160728       0.52807040813630668       0.70047779899019003       0.70898347463547229       0.71584819825402268     
  0.58306399298387890       0.49769076410461627       0.59188701495212404       0.54320693176702284       0.57763402442240530       0.52788561251671251       0.71218643373565538       0.63167314713090517       0.58238362294802948       0.56837878143151854     
  0.74496544331493897       0.14293323050808288       0.75295518654729887       0.72267700386881872       0.72142471203536807       0.96969829272835695       0.53846331320634977       0.71417944774304876       0.72473285816568978       0.73273625715872559     
  0.66195057569515092       0.49816170089381206       0.60918727328551370       0.63617487089685898       0.53848841252143009       0.62504464394284842       0.62448218803701228       0.54688131089373559       0.54134672303564191       0.56706869397994131     
  0.76078621779355848       0.15364151521310038       0.76798967511841065       0.73991429413467136       0.73636776094569345       0.97196996273597613       0.54890773353390254       0.72846836505282730       0.74064345380076613       0.75012466548699930     
  0.56559819004316580       0.61184228211578995       0.61743135054294973       0.73760731391016454       0.55241357978399097       0.58864917305912956       0.58216576607640214       0.59919374666184777       0.52357518044072004       0.56739173544331845     
  0.77456364448152260       0.16554108863575981       0.78251275302833179       0.75689829944800691       0.75147629825402584       0.97415964403642508       0.55950167243557836       0.74282082354100276       0.75668315795032537       0.76800906191184137     
  0.55393311272632073       0.52631064541532846       0.68358350598209783       0.75024392532127060       0.65794290202806305       0.57149645388026338       0.58139800180608647       0.56243726456851828       0.52421028240440437       0.77261568682662596     
  0.78706648492748288       0.17825023265003531       0.79699354979886250       0.77391843669274540       0.76711864187133316       0.97627085234948263       0.57159820528853755       0.75716317217501694       0.77285388171804392       0.78517465238119033     
  0.55066049933118000       0.54595007190371270       0.65239330964228481       0.61213167318231421       0.57976353614920584       0.54912291744556307       0.65157782070002401       0.60958089164701645       0.47567103799120691       0.53763008449708771     
  0.79956958583795601       0.19254115429312985       0.81059168840289908       0.79073650756242364       0.78253760432109631       0.97833427231956960       0.58488893266652942       0.77221691911899437       0.78938805750047347       0.80263724905601808     
  0.59869331059255748       0.49449849225497466       0.57001910505789044       0.73584635441760826       0.69951099674653261       0.58151634216740689       0.72661000352292759       0.55130750254027616       0.50032617159880810       0.56005560857678982     
  0.81395509857951875       0.20777017612836463       0.82333099113867836       0.80645131797406766       0.79798624386348982       0.98036026315227098       0.59853507539674766       0.78829930291076677       0.80600229005981006       0.81893263919304049     
  0.77140160336901897       0.52859017172150802       0.49919520330322148       0.58759420819385577       0.59203902040987533       0.60482590900693634       0.52900639979936093       0.52998835699660685       0.62024314944299419       0.69807459665402360     
  0.82813936261452348       0.22554848246865811       0.83638871699108941       0.82205545883205156       0.81348959069236915       0.98229273867092981       0.61208461600976172       0.80501915891398457       0.82224094466378972       0.83443171786982429     
  0.52283971317253386       0.63388753365829564       0.50892572728125618       0.63674292118490206       0.56929883459719888       0.56731433403529186       0.72395176559518382       0.65579871907804810       0.50832669278134601       0.60487698232016551     
  0.84130996798852675       0.24524594239295075       0.84969208333136759       0.83776282581488593       0.82844017815106652       0.98414939339846363       0.62588125353477309       0.82197537004466492       0.83850527370127526       0.84890842463485749     
  0.53081230430273429       0.55907262614080488       0.64885886541491888       0.59303197802343899       0.62305545833997811       0.76193696428702629       0.64577623976688192       0.53925787453182616       0.61488356781637477       0.49452320485250462     
  0.85542953703061198       0.26824671821298407       0.86372702220148478       0.85311431539179061       0.84364547930153755       0.98594336950518713       0.64026654288935636       0.83885062747355299       0.85504563541755507       0.86318633165328884     
  0.63154806263381236       0.61153004362931973       0.63331479800407331       0.60495635687274074       0.64071437233127648       0.62930621522366292       0.69312663928528262       0.51895547445217194       0.54858817987095787       0.60556226326141083     
  0.87106495240839765       0.29485077162603118       0.87808634968741839       0.86745590507488890       0.85994119381329104       0.98767183262370117       0.65605552268226019       0.85568135275043111       0.87134517232150510       0.87732947037670672     
  0.62702974265080613       0.59566990311044499       0.64675560928744624       0.61585613353115909       0.54684923777138061       0.67224267322622600       0.66856058374594973       0.63129928341009900       0.53589708085954557       0.59393935183856694     
  0.88735394696444880       0.32616569626734254       0.89209201229108848       0.88148707545055505       0.87621048183842232       0.98934853668318112       0.67247938542983232       0.87215406856615851       0.88729627256207588       0.89145316471397573     
  0.57311986524203351       0.62877974493326483       0.57649983698637652       0.49846661561945876       0.66782583161376363       0.70334657832273006       0.68695921424167528       0.60195883596142885       0.68768292115920981       0.58298088987072805     
  0.90338821795474800       0.36283984855924062       0.90559607621114779       0.89556280196576621       0.89244900958367779       0.99097305610396491       0.68931341432540560       0.88859920100136747       0.90311337218275345       0.90553589309076399     
  0.59334744804371431       0.73817538703001695       0.58459279712969747       0.67439507577294822       0.58224786441304721       0.75872666769770314       0.49593786199961365       0.68726971525227687       0.51334891003253036       0.60091133419128850     
  0.91853667176410658       0.40739076302794275       0.91981368880906922       0.91019808309219652       0.90810145955883370       0.99237553214508156       0.70668158207534171       0.90497853123230831       0.91837200772488248       0.91960463010913795     
  0.68299936329303790        1.1138172027949647       0.59498526924109996       0.63096159333431445       0.67359455557632464       0.69077815598213177       0.66517404674763281       0.66564955937788162       0.51092461244135079       0.59905032148036119     
  0.93330540918746774       0.46069209578259773       0.93399917488529827       0.92428587363171866       0.92439476259854614       0.99375819118136910       0.72553671047927271       0.92107183408590099       0.93359450828322199       0.93320613394275487     
  0.69800387323597379       0.75124283611624865       0.73205888285364673       0.64781215815676696       0.71613637675073871       0.72715069743882876       0.74727921136742159       0.63072633883647689       0.59098045813365330       0.50596316786428719     
  0.94846199010560750       0.52883158408239139       0.94801711240448694       0.93923907354240244       0.94028827125603220       0.99512848820922850       0.74672140243263008       0.93772918700074603       0.94808699779486916       0.94672385694492500     
  0.66059780220818753       0.78845629375056403       0.69954430068980433       0.61941019605161529       0.64824479987314387       0.80171017879173379       0.86927207857751554       0.76401223423118647       0.58743010403646401       0.63147837089496561     
  0.96260110711216051       0.62257885334706153       0.96121733633493622       0.95428832789170670       0.95607375719600685       0.99641282377121554       0.77332672170558325       0.95355644348050661       0.96300734969146318       0.96084173323378963     
  0.52427679658369053       0.93369600265980734       0.62872254926509819       0.64846559305557661       0.52204338867328814        1.0871222716212234       0.77035096363808631       0.63086704970130325       0.82446878112202648       0.55789972887799588     
  0.97627546525564368       0.74871096889256150       0.97408584962027722       0.96975208823543535       0.97112888537725917       0.99765357243939223       0.80797394121889754       0.96939611952691418       0.97754972989766853       0.97411684312367697     
  0.57667583269318157       0.91503337463746948       0.77203362903799155       0.59550881936852751       0.54388535821886763        1.0868017543059718       0.87609980629700990       0.82602342541753260       0.52961941370425381       0.57018259664796844     
  0.98824189833060194       0.87659590587128311       0.98716308123648355       0.98496198921945133       0.98605386736521394       0.99885730048519794       0.87560242560117951       0.98464946043466406       0.98937363274289791       0.98739399981735709     
  0.55001219758492548        1.2060762567795249       0.61923240566350313       0.59675587154188969       0.66793100899613245        1.2951059653160406       0.81042309426502301       0.90228046687126695       0.59166858812246337       0.81603512849081705     
   1.0000000000000000        1.0000000000000000        1.0000000000000000        1.0000000000000000        1.0000000000000000        1.0000000000000000        1.0000000000000000        1.0000000000000000        1.0000000000000000        1.0000000000000000     
   1.3994497823974112        2.6174566439551916       0.76830579393823317       0.66881394266112704       0.55530202034475318        1.3096707878344347       0.50052781349684550       0.91179283340730999        6.6494403873257184        1.1956444198926137     
  -11.237258973449737       -21.158095161605960       -12.795244285304037       -8.9529605438802520       -11.440898928673755        0.0000000000000000       -9.9025520275412813       -10.691596751639347       -9.6870503152684666       -11.036070958882371     
  -15.198680245889880       -7.8431490351818089       -18.299891951135177       -9.0904725226976399       -11.792752604615403       -5.0927740540720610       -8.9540884897128006       -13.090165570022599       -10.256587058472416       -11.404580823895113     
  -11.059223837753359       -4.9765399777964436       -15.668471671732352       -9.9806358487904987       -9.5568753932362789       -2.9700524614335952       -18.096149977795370       -9.1354345838274646       -10.470387277374282       -11.147317174694610     
  -8.9879289604328587      -0.16979486167965332       -16.933367504100175       -11.738306939067497       -10.078153038785603       -7.2343282023340700       -9.1964889014610538       -10.358161331443888       -9.5209058478134239       -9.0135661350542655     
  -11.383795043325390       0.63733597155907851       -9.7092085797094505       -14.707062470632778       -9.6265456717769169       -6.6889180611983647       -9.4604713620919458       -12.047022729678570       -11.436497468991160       -10.306734313972655     
  -9.6332866568385818        5.2622995406328714       -8.5037143856120583       -10.787414195475723       -16.355978771240373       -9.3661900256482564       -11.136116250783656       -16.422254533262215       -18.820962606821084       -10.954739953874590     
  -16.572767832968221        9.5768661392312477       -8.7585929737987058       -9.5963015215507355       -9.9099598576752488       -11.331435130816734       -11.891193940770128       -10.654335349344965       -14.593971849806913       -13.966877766249505     
  -10.654897093314956        25.438401403980471       -4.8861227755370562       -17.760633143243442       -10.056175983527904       -17.573797409264017       -12.321916831267337       -10.114561801395956       -10.410209832149544       -16.367986133191266     
   7.8353212209843540E-004
           1           1           1           1           1           1           1           1           1           1
   1.6478963306871262E-004   8.7438230917747162E-005  -1.5789334383103342E-007  -12.660041257897179        5.3306577835572980E-006   7.9633001648899066E-009
   3.9202459259314204E-007   3.5325077148413228E-007   8.0450544002580774E-008   3.7497102891948214E-002   8.0419365598195818E-008   8.4704769725347993E-011
   5.0000000000000001E-003  -11.015417638104473     
