   0.0000000000000000        0.0000000000000000        0.0000000000000000        0.0000000000000000        0.0000000000000000        0.0000000000000000        0.0000000000000000        0.0000000000000000        0.0000000000000000        0.0000000000000000     
   2.2914509862788708E-002   1.5914943764665799E-003   2.2458918923811171E-002   1.5690542439267277E-002   1.5397044285986466E-002  0.27424016741823232       0.14840897574298303        8.8308525695626139E-002   2.3955800269782637E-002   1.5570003218257545E-002
  0.55577570380732244        1.5968540218267977       0.77175073452283449       0.58621433004026635       0.48948011805138092       0.52980259399091101       0.42944375691743891       0.42239386660064682       0.94097812480825682        1.1148241568475050     
   4.3258161574028203E-002   3.1868082267858385E-003   4.2892567340841632E-002   3.1206725393812685E-002   3.1239398402839742E-002  0.44405736514865324       0.22092145528889306       0.14983047754864443        4.6623353458017852E-002   3.0959627879668761E-002
  0.57550429060883257        1.2608773199151249       0.57292569882928301       0.44508791449806151       0.57768118768132815        1.2647709949606714       0.65685810711549053       0.59057577740468536        1.0407751441287492       0.73420658723158394     
   5.8727735132604299E-002   4.7909206983381301E-003   6.0662046296867694E-002   4.6795808118515192E-002   4.5548660538202675E-002  0.48242366079550908       0.25030393831049158       0.18778335529604556        6.5422988751326669E-002   4.5462746516486595E-002
  0.43570840104811492       0.99908930140769192       0.53361031241624368       0.61523735018269232       0.51051666666150208       0.57601367882828103       0.45577565881346360       0.62715087872004971       0.92802901827297135       0.67334766159868142     
   7.4300452127946684E-002   6.3911946677066827E-003   7.7519494520260204E-002   6.2333699174610444E-002   6.0005521772569521E-002  0.51767834333744778       0.27356031989438317       0.21441802358128179        8.3707320712936545E-002   6.0009597368778950E-002
  0.65277169854778494       0.79898269361515917       0.59112248135756595       0.73709421277209952       0.63830511936361667       0.71839585026702801       0.59935504061149236       0.71188764394298820       0.72632379677521697       0.67541467443829684     
   8.8384077186445614E-002   7.9894195495346793E-003   9.3614254711771497E-002   7.7921811213156250E-002   7.5929499721663199E-002  0.54649429699489227       0.29130280492874422       0.23410695134910234       0.10026883917824260        7.4133763662068322E-002
  0.57593792215704698       0.69449859757355925       0.63223949600029528       0.48911979333627148       0.64572594004862982       0.64817774256952576       0.63429461599415815       0.75098864553021927       0.73573086266635379       0.47652082508611465     
  0.10328639428224978        9.7014447735092931E-003  0.10905102836809846        9.3799447892790572E-002   9.2813686305956017E-002  0.57010627752828102       0.30697144931172254       0.25017510318078090       0.11587246104990728        8.8628402140142962E-002
  0.47713890368766326       0.79249838620776081       0.57644493252097273       0.51923315526977443       0.55816408770253279       0.63112414956709151       0.57661936315477247       0.55488826930230395       0.76468041570678069       0.46041521829684479     
  0.11868652514349924        1.1418563443541691E-002  0.12388641197940377       0.10995895871460835       0.10794628831738187       0.59364743363516936       0.31985382337816498       0.26378803437980242       0.13105732174262080       0.10325178758298251     
  0.58744681173737301       0.56052033259140221       0.50492038249628357       0.65739173678532103       0.53049646776706305       0.67731814999535256       0.53754891653318349       0.51865097425029583       0.79631101753816536       0.51939324390043717     
  0.13486382627527663        1.3242978795623674E-002  0.13871077828573958       0.12582276873154058       0.12235413847829621       0.61511682326863770       0.33185736529132631       0.27554508048293846       0.14611090956270764       0.11828283104128973     
  0.56496488383284005       0.58825486601122601       0.50145541819634709       0.59695241740083094       0.45385539824830556       0.70475995987682338       0.52758501881056841       0.49923135258941825       0.59013468940982272       0.46159858464412051     
  0.15238733616566363        1.5147793873600494E-002  0.15361725453154676       0.14081353622776907       0.13678339512390961       0.63384000599346824       0.34289392616631126       0.28634895773201702       0.16166685268139946       0.13418594682857199     
  0.54069648025510775       0.55331350062626172       0.56104113611323603       0.53482630194092617       0.50262395315763164       0.49933912270604924       0.44631166172829179       0.44394724779830169       0.50937433603498772       0.54157800106714526     
  0.16956768028791541        1.7171815444546230E-002  0.16846101297264052       0.15435062906826846       0.15115322106580126       0.65135245181346579       0.35404023472348300       0.29744763394621693       0.17838173473101376       0.15086919794405740     
  0.61470512933402344       0.61965769261967152       0.49263967507974776       0.50251077622052631       0.47423333092254805       0.65547303705359949       0.54715454206053682       0.61329771976616765       0.61840378113766736       0.53704721476216533     
  0.18649574377166797        1.9324256931440634E-002  0.18334051962074407       0.16598428533744741       0.16626132169125230       0.66722987399042399       0.36524476667650241       0.30844282852851840       0.19433362821828043       0.16709057457189597     
  0.70694454965592246       0.60658186234497713       0.54700931814204501       0.55937824256239221       0.51334826471046224       0.55135235107208724       0.49480288616364015       0.52399141302334129       0.59499304280834020       0.52658030414081858     
  0.20292410473246045        2.1575445191454809E-002  0.19772463532656476       0.17881624151992237       0.18209843544286775       0.68221784893626225       0.37659355797136829       0.31956251668037533       0.20956608007492630       0.18360484070157096     
  0.45653353187055690       0.56077110594746982       0.56178400248055971       0.44084231295843984       0.58621191567833852       0.54202280907207334       0.51186715277974559       0.61729085996392863       0.55659785642992954       0.55761325841468412     
  0.21887746901494712        2.4032877131438327E-002  0.21152025196892679       0.19308528366252461       0.19828169961594039       0.69682964148533377       0.38754814221353528       0.33087914819033393       0.22427183174791518       0.19903268903912130     
  0.56728809980716366       0.50265334264758355       0.58847509978540125       0.55931163371745685       0.61740934118178092       0.48771147496576461       0.60631207761521244       0.68232196037983128       0.58230775735286455       0.48843502903429137     
  0.23459094227593771        2.6558322145786434E-002  0.22534114659823781       0.20824598413966944       0.21411493957218516       0.71076653384628408       0.39779732224616854       0.34183499449494958       0.24008856360877329       0.21453902059850466     
  0.61145152965353988       0.46889548932139019       0.49706150200261212       0.51609491760438486       0.58725104098919811       0.48727843029656143       0.52849261288058713       0.45664540605327819       0.48614221882122360       0.49820663896986073     
  0.24914175859474058        2.9278785634079815E-002  0.23872508708313120       0.22425561599766064       0.22961464449241725       0.72409670203110166       0.40712653220921624       0.35234924937734480       0.25796820757233396       0.23064053352824010     
  0.57203957715039588       0.59209817336139670       0.56258248198271799       0.50418707287419351       0.53691171908503399       0.50439666418162876       0.54742309165148673       0.48342172144896800       0.55095431797689409       0.48591985929711157     
  0.26424056063085655        3.2079655262163609E-002  0.25237206699232345       0.24101354454374255       0.24492157047273508       0.73609564540632932       0.41610327187317120       0.36342895906806810       0.27540308782778455       0.24723373349565539     
  0.55781845361705873       0.47286800653656125       0.52850220806522441       0.62667650311345025       0.50702638066106542       0.42637878973817900       0.46697876365201563       0.50439749310566018       0.54535354701636463       0.54763692330367242     
  0.27913447933016605        3.5039845205142028E-002  0.26676486126093518       0.25773404290156732       0.26101262328313585       0.74789119228844503       0.42511623108128688       0.37502343114823988       0.29227130334199242       0.26427789435202470     
  0.51996730825071547       0.50963660715493331       0.51193096136316285       0.58495162737269790       0.51394600584646122       0.59443749877137542       0.59068351416633802       0.57755483500344740       0.54260608328863569       0.47787775786641684     
  0.29388205217280799        3.8180226500764136E-002  0.28126251703966343       0.27399025304162616       0.27716597885718430       0.75869261501450025       0.43456874840642257       0.38664805222534149       0.30948011079863297       0.28028439060434013     
  0.52424872632447039       0.47886733332137577       0.55237767616803657       0.65051074039065193       0.53934627502372878       0.44523695032607991       0.55129051616906211       0.61438877679698389       0.50938052994605243       0.51049169360443425     
  0.31031342350076935        4.1431973621913872E-002  0.29547767307937189       0.29016014028301129       0.29316109091327086       0.76918448432052877       0.44386437346430851       0.39834951076928687       0.32871874678281920       0.29575326327592599     
  0.48709769527322755       0.48755386352250385       0.54054752093590375       0.51984231555085347       0.54313041590050881       0.48422748120588549       0.51853269657547330       0.53682241266376640       0.53150616108690674       0.55832897743007925     
  0.32687802329372490        4.4823831046955039E-002  0.30950041985400722       0.30639479907516037       0.30933678674158060       0.77882024310060383       0.45267034646168863       0.40993804609895440       0.34780745749873576       0.31133291628709658     
  0.60425595072022642       0.52783508002145352       0.47798618679060417       0.47494100530240663       0.57183716987815036       0.48794910019648979       0.57638725943411206       0.53769357294073017       0.54213953285334293       0.67171128194094731     
  0.34367782510011718        4.8403160745224161E-002  0.32339742089474594       0.32234463402770602       0.32504132225613774       0.78831736268367480       0.46118686749848276       0.42000075709927870       0.36587165425993595       0.32504816694540395     
  0.59321557712788475       0.44221468710423456       0.49640255003430905       0.57940529891662784       0.63682271695384041       0.52996918384228886       0.48337843466912916       0.48357634110550729       0.52854211119195316       0.46501976531140238     
  0.35966508294502547        5.2363153628487862E-002  0.33799575447581487       0.33837134316796541       0.34082680134256449       0.79730620860578150       0.46964223556799273       0.43030782966840225       0.38399840247671441       0.33945242849810275     
  0.48492079111997571       0.53825160807597394       0.58782609430760313       0.52619709739393938       0.58878140485810859       0.59153559428660107       0.48463201240260606       0.52528006791159965       0.54086857739215588       0.42313141478723260     
  0.37526293150433709        5.6358283090840781E-002  0.35299761945929953       0.35501633525203774       0.35614212887822982       0.80615321849217414       0.47812715757570834       0.44043615224630506       0.40182947518759599       0.35515597333153820     
  0.49105609809099321       0.56168701372344421       0.61313463026010639       0.55821083760769308       0.53040199098670693       0.58206436661093230       0.55049873075487588       0.51615667555618605       0.62359810168987428       0.51934556906051033     
  0.39080443578994800        6.0656688040543499E-002  0.36808834512955158       0.37152441993427288       0.37136176106556407       0.81461700401823689       0.48666142767835996       0.45093116700453040       0.41962461632632214       0.37074386186383212     
  0.50870480811020879       0.48960340208636227       0.55439168631802649       0.53510146781912793       0.50416281360761706       0.52276745406636327       0.47769247417611699       0.43048264053054774       0.49670771151848220       0.54370457851685783     
  0.40668617165700788        6.5054367023333476E-002  0.38369835072771652       0.38773352294698427       0.38680783251106970       0.82280410733681508       0.49534998132265184       0.46255624870328471       0.43583432765111230       0.38649393702090895     
  0.48704736426276718       0.49794895312438014       0.55347360495898834       0.58588518580912108       0.56966013516870939       0.48492622177001787       0.51952769677125787       0.57945475078970887       0.47778904319070281       0.51695327184453166     
  0.42237120535168660        6.9801847230465730E-002  0.39936410025250724       0.40406345674283550       0.40272349125096707       0.83052131940925444       0.50372316067142520       0.47416991853229157       0.45126606992763840       0.40240466095631877     
  0.60845947235253472       0.50972587545775461       0.55008699046640608       0.56077328709537755       0.49028943450171825       0.44547951578400791       0.49032934402547834       0.56858655071871833       0.40653544453368456       0.53016669503772340     
  0.43832533265600415        7.4647792367398824E-002  0.41454218763544332       0.42046683191880424       0.41926116626168641       0.83796184430395770       0.51152363424153890       0.48626089005266948       0.46798071209661618       0.41869761267752165     
  0.55982104484971706       0.50606543559985884       0.52862616786139993       0.68403593174858746       0.55389286718146935       0.49324617876019511       0.63184961073321755       0.47496145442360405       0.55346056199871763       0.52380986230493720     
  0.45452187906216041        7.9670643087841969E-002  0.42950007292717030       0.43652634223803100       0.43549752589036739       0.84484604503441996       0.51934450024486956       0.49848936002205857       0.48467338435857876       0.43455244747721933     
  0.55722131329064795       0.43115187068316047       0.53151142753947500       0.50500174047728441       0.61307345888179210       0.48127388253031128       0.53032413607602180       0.46892090271374115       0.56251945111338186       0.59039140523957867     
  0.47093203484407281        8.4659411484888883E-002  0.44453503391665611       0.45283140371971770       0.45095970286714837       0.85161348017263738       0.52707617020601605       0.51070984276268161       0.50091689859436506       0.44982689298654233     
  0.64240350813594749       0.45267739774721816       0.53199120163099922       0.57790780786507201       0.62551053203412810       0.42912337319139787       0.59788214995805422       0.54678178459251614       0.55538466243756035       0.53003632391341171     
  0.48740728448533926        9.0347599370653967E-002  0.45979971846286022       0.46963594333846809       0.46621487249686072       0.85811258796988776       0.53510037188207438       0.52336475710183639       0.51606438209757588       0.46447390986682990     
  0.47354766463520420       0.49186649628641510       0.51326255522324726       0.67152135726462969       0.62909899465923669       0.43397182644537108       0.57136923664932759       0.53209066047365550       0.45364535049242710       0.47074395761049942     
  0.50335658576710796        9.6116404315081366E-002  0.47527755868327837       0.48611050870636940       0.48155831676169764       0.86472517040832431       0.54323468210604287       0.53617071432045005       0.53130118968477003       0.47876026658144721     
  0.61870308504905103       0.45870734086451675       0.51683096883894752       0.55443116124872849       0.51900452465621949       0.52647777235334625       0.62497670236615765       0.50623822886459147       0.44638963039830576       0.52854976132849263     
  0.51838585444788610       0.10252473273943134       0.49073603270079935       0.50284238122491320       0.49770949220043875       0.87112687751930795       0.55111838270100888       0.54937155324369391       0.54678638576458405       0.49390630689109594     
  0.57895551415137325       0.46676206198530795       0.52258937333713851       0.55797514147362792       0.67396927875591606       0.44727610626346898       0.62002913950690541       0.51647387697431768       0.49016223254951768       0.56014485183674878     
  0.53273842309053343       0.10900492461963486       0.50632378983829451       0.51852138679651238       0.51440916777578094       0.87728834345653306       0.55827345527332639       0.56282923617465219       0.56149299847227985       0.50917399831892751     
  0.48762674753221807       0.51632708791042381       0.64560324787403489       0.44620590611881189       0.63777943836925510       0.50364096628289767       0.52190910277466129       0.54286113978153827       0.46466393828175917       0.54367519511522311     
  0.54716776285689672       0.11633979638574839       0.52171688807302541       0.53422820168159879       0.53118713819117780       0.88311333565857508       0.56534299858602766       0.57594820277285241       0.57591216706816861       0.52507523401689904     
  0.46178697232056137       0.45937325445587496       0.51721927965965420       0.53145753319769662       0.63407028725447534       0.49036315743814457       0.55136418468984816       0.52946156067151950       0.48314604057599059       0.47827554831568647     
  0.56174885142143560       0.12371612796131820       0.53701038279323288       0.54978180339159410       0.54813786683144528       0.88883066139125844       0.57301545168912615       0.58982518900353065       0.59044320886780355       0.54109533402515653     
  0.55627716516221148       0.46496548280883304       0.51615551575796614       0.72337704215303700       0.57495601199716873       0.41115643821060377       0.58808338278910066       0.60569405068488746       0.47714651781289902       0.56895618782615720     
  0.57674583861330975       0.13183750429302363       0.55287814400882962       0.56562212477282670       0.56543750224587996       0.89425575990646033       0.58132282390970413       0.60310064286799270       0.60450302003264100       0.55722649981925754     
  0.54050522703044779       0.47258445761117973       0.59867281128439565       0.55189898007296811       0.55252673455031376       0.43940412467637990       0.61557451876255564       0.53281799219343984       0.47518585048411843       0.57712591671222369     
  0.59152979875575185       0.13994412584839147       0.56900602235949560       0.58137599021914266       0.58231601904135610       0.89957054733551867       0.58896212716464669       0.61673760952150836       0.61862186084595017       0.57365488515600727     
  0.61267015815820214       0.43910586965309167       0.55997627433690833       0.59241049198525753       0.60914106029005943       0.54893153574381681       0.52106060053926440       0.54214256414305406       0.49616706454526049       0.63876820837717607     
  0.60693453920078677       0.14909617127106012       0.58307182247834521       0.59712263300329105       0.59853877569389569       0.90443232273634910       0.59607926514293363       0.62990699945345585       0.63269785787748345       0.58984375331984518     
  0.56499124495991426       0.43547339192908041       0.49675047525158300       0.52689905973011519       0.55440267871546833       0.49328420655928407       0.56114899851448652       0.47244649012548523       0.44998131056585966       0.49303890398089789     
  0.62289249025461901       0.15833204487393221       0.59615483420721782       0.61305090384641758       0.61438662754698636       0.90935643830255863       0.60380152814543764       0.64336355591316607       0.64692848840561124       0.60597022792287480     
  0.52285249710188075       0.43716230864976130       0.52018365147728451       0.54013104261507949       0.56189453934475686       0.47712268516092354       0.71252014319867041       0.51118016393850463       0.44946230565279277       0.58701439264029120     
  0.63849953474170051       0.16787315950788279       0.60986999781797702       0.62911963670372040       0.62987043779210561       0.91403106736140505       0.61171062306234303       0.65678329874700425       0.66143223949445773       0.62213301983789915     
  0.51771130628746886       0.52005703237259293       0.48965833851235324       0.50820233997086994       0.57556449898280992       0.45984548098271427       0.53319322585798101       0.46947925462030354       0.43683653392695670       0.56027433329643928     
  0.65411580386403356       0.17775842710493139       0.62442329666544494       0.64524360486972743       0.64565492834836180       0.91860116702745909       0.61961685889682871       0.66919419600153007       0.67547023987313570       0.63849893335116559     
  0.49810894335925837       0.47254951283304192       0.54671836908450511       0.66637455040530991       0.57991249267751777       0.41670209779977052       0.61075667858436833       0.50482077317691842       0.48954195432536923       0.57048158689639517     
  0.66982965126661531       0.18956587424822482       0.64070504444080334       0.66159964485210143       0.66154660585957259       0.92282276363106353       0.62750885002392265       0.68191406615457051       0.68945388436077393       0.65533325551342791     
  0.56134654636960335       0.59419221264914079       0.55873349620862423       0.60639044891997018       0.51287364556588733       0.41752518971309482       0.72033541515264632       0.59540167823160273       0.48351047738166464       0.50370627633980047     
  0.68571070846241822       0.20186034861521102       0.65733115135575348       0.67827994021595583       0.67693170157696336       0.92700074979094937       0.63523891464213256       0.69460274520955889       0.70357751613303621       0.67180436692706125     
  0.62704614902560529       0.40266608082029515       0.51357671988150211       0.60133717851363244       0.53126666409995416       0.44373798459986441       0.54643660920361370       0.48056066292158733       0.52225557240928688       0.52083400150040915     
  0.70168721301476422       0.21517003444453120       0.67342953808584827       0.69496930606294816       0.69259077252824264       0.93117984649185526       0.64303842003571965       0.70804204555218819       0.71791144195643708       0.68782637010173975     
  0.60164264539465262       0.49290490280955163       0.46712130916890021       0.50937829675674939       0.55490532728393605       0.49691229314944385       0.49955549435721996       0.53445789960674772       0.48816435954874043       0.57648622702213215     
  0.71768855240442830       0.22946354963292845       0.68958015181651511       0.71082500402850823       0.70835160982003420       0.93529283669930285       0.65116311024752249       0.72193386654176750       0.73268400039371218       0.70293522011339060     
  0.53536435727085763       0.44024892318689990       0.52865329061079502       0.55247274040345273       0.57727404513669844       0.46042038949223024       0.55751567049177253       0.41659861220917010       0.48342014416218282       0.48890501679795539     
  0.73370009798188740       0.24507460258325864       0.70528167022334043       0.72601663920317816       0.72419028897730042       0.93929872466154340       0.65938041389400859       0.73651747865345607       0.74780677897963777       0.71782682004913445     
  0.48934221371487446       0.54055004969638720       0.62669411366029937       0.60046662179272026       0.52222867358783864       0.48107959076340195       0.57194951977763409       0.51377228691356835       0.43888826067216141       0.49585676658126382     
  0.74978387680240943       0.25902146704846707       0.72128546613775957       0.74048219476831056       0.74017195802509861       0.94321941951688770       0.66765901127284710       0.75168873478503007       0.76314946417238516       0.73311444405753379     
  0.52187010487082308       0.43322277827207140       0.57371017865587348       0.44821841344679320       0.52117001662982820       0.49513007086460809       0.57049944587721579       0.55045806184098256       0.52786614516171437       0.47374266675910692     
  0.76564016163987025       0.27274235414385417       0.73856357621844049       0.75496412164984328       0.75529307590324013       0.94698174072451569       0.67594650672603329       0.76716952604097222       0.77788106407028734       0.74826911593428924     
  0.55932674855601794       0.46027305173154837       0.49786939751678050       0.50482168914036152       0.54003428459615388       0.49277415751250020       0.59249816363092744       0.43536345720847802       0.55563570601367707       0.50085101246654051     
  0.78101820730867944       0.28947539892514818       0.75588775057528512       0.76898397979553479       0.77097434169524326       0.95065047974345940       0.68458163299337216       0.78223418147832113       0.79313766660914153       0.76542127095677248     
  0.57559963027011152       0.43749614400629205       0.61450178680871170       0.54971025525333450       0.52917188152478911       0.46500403568816073       0.55562073067803797       0.50862252655387807       0.44233149959968859       0.53923790552308581     
  0.79643164971204972       0.30841682763068495       0.77247325443836012       0.78316484483105020       0.78672262327327569       0.95423481455677706       0.69366618192762097       0.79722136715775593       0.80839440280375474       0.78324455828307682     
  0.47924684397483508       0.46517403272707125       0.57246772245053446       0.54641426808728011       0.49252241495880494       0.64723987910343117       0.54787099523386051       0.61816955369275206       0.54654322838437308       0.66400416325845557     
  0.81164459701991554       0.32971983907988772       0.78922895580009911       0.79639582977815626       0.80246283215660852       0.95772623725963368       0.70297290248033817       0.81181027921287785       0.82384978140991438       0.79962576520471407     
  0.50063151735918832       0.51815874332563849       0.54467887779207225       0.50670620762177543       0.54495249371771892       0.63021764281151060       0.59588182600692086       0.52852894491336744       0.55102690669539633       0.56333464887566265     
  0.82710486716356602       0.35387610243317619       0.80596146813155345       0.80915232649857061       0.81808465975456945       0.96116736387679802       0.71218348731708236       0.82685001771820188       0.83931466098635810       0.81633377541509045     
  0.57040989785957363       0.62620718311273393       0.56329484537844576       0.53532385086638801       0.52680410061050131       0.55002370008294332       0.57949463201513030       0.60008062901064951       0.53833862811984978       0.56256233189380644     
  0.84210821908634159       0.38103302227377528       0.82255037710246071       0.82522386320488050       0.83340448505593401       0.96454304280057568       0.72158184095983791       0.84163712758834497       0.85408257037832758       0.83221794693855922     
  0.45902859500558019       0.56335515070070374       0.64269046938034124       0.69964033362471734       0.60277216244894283       0.60876893186594072       0.53084318138765707       0.58440373528478917       0.74755975631144411       0.52877159619243164     
  0.85731310276901007       0.41119277173783514       0.83887366128987984       0.84086439590768403       0.84878585229234305       0.96781001233112052       0.73147998791747126       0.85626608918875102       0.86864651965424899       0.84870062684375169     
  0.54211823304243989       0.48961808044671667       0.50450155957685983       0.61650153346869663       0.64119897498773881       0.58816222109582827       0.47776782925775624       0.61885395208646143       0.57226670294167536       0.54874500180323960     
  0.87320775999524469       0.44440930509984078       0.85506738545451000       0.85601556315875471       0.86427904362329566       0.97099052600905789       0.74198177453149250       0.87080495947658809       0.88310861941344843       0.86520563652029614     
  0.58560547470462232       0.61393717863332697       0.62321712218357594       0.54464464875803265       0.58840188103603208       0.55997574784383508       0.56030442747392672       0.55104557188873882       0.53668889921571783       0.53861400818200567     
  0.88880271628742491       0.48631854265877589       0.87237098239356814       0.87147632832388033       0.87998576810292328       0.97411497601557895       0.75340841087829880       0.88484914732675390       0.89770321543846010       0.88283328628658442     
  0.56448105258293690       0.52200968923765190       0.63287355490387476       0.64681385078110731       0.58157842160703555       0.53903740254779198       0.62319222046184775       0.71222415188997268       0.51267364985283326       0.63611640839795447     
  0.90375438302683109       0.53092174923226032       0.89036625093030153       0.88744397997867774       0.89499771702237230       0.97718213495859063       0.76543684173156235       0.89857414788079815       0.91243162894631002       0.89867707398669339     
  0.62536729908735711       0.51864876110123914       0.69176105004770838       0.55582168019946698       0.53263349635647184       0.74179104197209955       0.64269733921478400       0.53899950115094308       0.75004302602417139       0.58919362220403115     
  0.91930247366613715       0.58436013685074273       0.90692777252130774       0.90297648744087367       0.90981410354998660       0.98015533119915976       0.77835782029708378       0.91209939378515581       0.92726456771122612       0.91407181876133292     
  0.55870132759785796       0.65875149620941886       0.48784021992566468       0.50200135900269816       0.58647991219302809       0.56215678921111922       0.62951763936435523       0.58880932293754173       0.54780824661320460       0.49230588635470546     
  0.93524672015635546       0.64369317360907563       0.92204485583059792       0.91793194884141127       0.92452459180789104       0.98291842410099406       0.79276563425254398       0.92670174741470801       0.94168154007940241       0.92854715136237331     
  0.58043466123617260       0.56993618563951831       0.50265359663294906       0.54768039690026094       0.45682134122541529       0.60851184370440714       0.62504181414462123       0.71486625787812552       0.48459382478618962       0.54808740137643663     
  0.95031399868932231       0.71088673004072300       0.93735027773970903       0.93306221077165108       0.93926400231316898       0.98556121574900923       0.80887271388147064       0.94171100899167137       0.95572333598562942       0.94261766186707963     
  0.63139305338148177       0.64909979619863811       0.57015418086093972       0.52169165407030715       0.53627584596395361       0.59499533049610398       0.53379447842943606       0.62119530010838353       0.47156943384418104       0.45655486703118270     
  0.96412570796903985       0.78447210462969075       0.95332560117515430       0.94962121831892943       0.95447711470391106       0.98826195947730677       0.82857549641155370       0.95642351514498092       0.96848938057087053       0.95771127973809733     
  0.58614865887889023       0.75886936859669096       0.68204857773892580       0.48194614916072892       0.62931381922406593       0.75970697502747908       0.61029564924574187       0.66779829422953163       0.43568010888626912       0.53955957023839196     
  0.97711461164646607       0.85847550348412194       0.96927169577783179       0.96597682537586937       0.96959723130978637       0.99141524406207016       0.85374833721387544       0.97082220726830548       0.98069520143837396       0.97332755236017976     
  0.62264095709600675       0.55036005763273033       0.56218088287460011       0.42500622429955659       0.51981122743279051        1.0906526153030836       0.61172217412849150       0.69260586225467335       0.62175554697122182       0.56026000568995593     
  0.98865577117683823       0.92933343407530500       0.98473833580449677       0.98280466079494033       0.98466467963306503       0.99563402424898617       0.90624634159240869       0.98561288789069179       0.99057777476127085       0.98659975755639495     
  0.54170713969541795       0.67243408819852446       0.65853381881640960       0.60803412875580132       0.51112356626295996        1.5470526127881845       0.56300234686156958       0.85821217288088614       0.48337327839879296       0.81757453846590034     
   1.0000000000000000        1.0000000000000000        1.0000000000000000        1.0000000000000000        1.0000000000000000        1.0000000000000000        1.0000000000000000        1.0000000000000000        1.0000000000000000        1.0000000000000000     
  0.97076408234623279        1.5412118273598241       0.62766104667539158       0.60563354605064990       0.55291369053226824        1.0705798276998613       0.42955949828766560        1.0051456542641748        1.4726210405104048        1.5230321085139826     
  -8.5970975474323144       -19.561900787606024       -4.3814463290290622       -9.6340546456405924       -8.2761732303918887       -10.150810466302346       -10.700429330691680       -9.3331251249772222       -12.130435103274046       -9.5314789780015055     
  -9.3706954434449532       -8.5088190247021469       -4.9437348233501961       -9.9873534262062265       -9.6385376217015768       0.87475282395822096       -6.2202894232567987       -11.326010403439174       -8.3438375421731248       -9.2727748157937437     
  -12.567902782072370       -5.1031579783089480       -8.1912189227773329       -6.7339699358924223       -9.8833423602725610       -4.1726304761929871       -10.025664416042320       -9.0351392335704990       -6.9322408383158480       -11.605802156537628     
  -9.5532036297082819       -1.6941153764650023       -9.1657371624431612       -8.8409951932582764       -8.9937860552454563       -1.8497315855744416       -8.0414862544965686       -7.4182225145200684       -9.4644194112492031       -10.340207690979398     
  -7.6916668149021481       0.32335642629762795       -9.4916024365717249       -10.130258074214190       -7.2483103590382099       -3.6494814652173595       -11.871438931259728       -9.5698909627363697       -9.1350826694602922       -7.8136431102509762     
  -8.9606866073203246        1.5043583788246708       -14.781204092518959       -11.125691974933220       -8.5469075548015141       -7.2166797654161288       -9.0113275466917813       -9.8285139930275243       -10.406787524396542       -8.3677835509982579     
  -8.3808524846370300        5.0344447708631037       -12.232566038039224       -7.8615897202094418       -11.074343708523822       -11.818647947761049       -7.7158632607375379       -10.470776920302898       -6.5236920692097051       -6.0280088586839993     
  -8.9378765733870900        19.082675711009081       -11.178255472320451       -7.8055149391874705       -10.326805868060568       -11.661593425081797       -9.3590761879476130       -7.6401650974134609       -10.925097273132899       -9.2557949614392747     
   1.4121508493216675E-004
           1           1           1           1           1           1           1           1           1           1
   9.2161055408143122E-005   5.0900285365527511E-005  -3.2259060153936770E-007  -9.8921632582858514        3.5466589428509896E-006   8.6761239000115566E-009
   2.7318191670884988E-007   2.2574870319079094E-007   9.6868148355459770E-008   8.3071161055272486E-002   9.6788828031904957E-008   1.7326729953545426E-010
   9.4205367411594222E-003  -9.9138287687685391     
