   0.0000000000000000        0.0000000000000000        0.0000000000000000        0.0000000000000000        0.0000000000000000        0.0000000000000000        0.0000000000000000        0.0000000000000000        0.0000000000000000        0.0000000000000000     
   2.5279376673013009E-002   3.3300985939330440E-004   1.0780897383180695E-002   1.4933061378608911E-002   1.7608803217785296E-002  0.15501639122951749        8.5681558929261048E-002  0.10991163781777497        2.9581711431574086E-002   3.3826726817494561E-003
  0.65990831417256679        2.8316953867647014       0.91199670545543787       0.86861957004406765        1.0261202092174853       0.40133805806928025       0.50228709284469641       0.76840868125397210       0.95205787703366029        6.6515457750923970     
   4.8033856716290596E-002   6.3969911106071344E-004   1.9767084981865291E-002   2.9923543904330840E-002   3.4184114741986335E-002  0.23683823496775683       0.13908953370881613       0.18287552397325846        5.3644675562740871E-002   7.1346076655224152E-003
  0.79271127627223414        2.0801351887399804       0.73767074032546853       0.82017511187447611       0.93144782394334313        2.0634261087815227        1.1301749989837062       0.89516865709497084        1.4274346011734491        1.7249960909728599     
   6.7479858136426513E-002   9.5827416415435803E-004   2.8050344381107616E-002   4.5955106933504845E-002   5.0087473042777539E-002  0.27168680018435376       0.16046354452892303       0.22240774669842064        7.0412040246778274E-002   1.2486815672409423E-002
  0.88618000665282104        2.8107287112098733       0.96233117632330289       0.93732528975065987       0.61068673394057948        1.4705069426354027       0.70246372225152109       0.48423758500974406        1.1230603114245494       0.94193896487953588     
   8.6424934583560792E-002   1.3090394866316407E-003   3.5345837824065071E-002   6.2845885490354442E-002   6.5042141496343076E-002  0.29036411228933406       0.18050080717577477       0.25539932463814846        8.5524326196538630E-002   1.9682751282445465E-002
  0.89765664863334349        2.2412404221519848       0.64480662858998750       0.93685283509318240       0.99906252030244225        1.0094139365149992       0.75093445767797495       0.66365206414623723       0.83742590222608215       0.82423492145890476     
  0.10603400696162286        1.7033666558523368E-003   4.2605491006566909E-002   8.0295130494387967E-002   7.8947951839062086E-002  0.30807582255354049       0.19663216043810219       0.28200573165950443        9.9328697773617622E-002   2.8744339422323333E-002
  0.90666063546753262        2.0378960112890829       0.93572616355379457       0.90413143462576373       0.65627965615175332       0.84479792189559888       0.84950433100055411       0.66074981035682023       0.84173330040698058       0.77225651154469499     
  0.12554591705767740        2.2137386762115406E-003   4.9423282141299499E-002   9.7525975139807611E-002   9.3776115900143259E-002  0.32390607979583552       0.21131975645232309       0.30528508156950646       0.11376251506334781        4.0231916788335709E-002
   1.0808716223471324        1.5021480457565874       0.93211222347896527       0.81863868578344146       0.80265956178291853        1.3098690570966356       0.73092334762162892       0.79466559294288985        1.1787754011629215       0.64719048676784541     
  0.14235006222048241        2.8072786241416102E-003   5.5601623920629888E-002  0.11420177183446471       0.10964250138180069       0.33790508096595440       0.22468922003889097       0.32516706949169843       0.12931884978587710        5.3412813080446403E-002
  0.80681900197931944        1.9176724641849594       0.77004952032399698       0.91447334670309555       0.66068924067273926       0.65886782283010437       0.63566217852704088       0.78217980019318523        1.1304446024391819       0.72360220874627068     
  0.15800757204556293        3.4568716592703413E-003   6.1523177281943203E-002  0.13101931951324319       0.12656122667821068       0.35148078945778810       0.23793766184503617       0.34362991177110580       0.14517554626010404        6.8019661557229966E-002
  0.65989248829565961        1.8016486412003916       0.75169386742973576       0.90432785637887758       0.86434046263803610        1.0137045878027500       0.71404073396490209       0.86973202777075320       0.99879282569480077       0.83417306286312987     
  0.17299963544632643        4.1894431779271064E-003   6.7463599102912664E-002  0.14846362702662746       0.14537210561725281       0.36436820634546147       0.25072688391048598       0.36157731992139081       0.16201203373401510        8.3672785780773543E-002
  0.89740564306670567        1.0037460024810743       0.63979694986547231        1.0297022625650365       0.94721077418481636        1.0511760923901263       0.76552737425007600       0.73357866391290294        1.3554969621741864       0.84095876879821430     
  0.18760261219935936        5.0757047603659650E-003   7.3957261294728641E-002  0.16600495501123702       0.16171972920853708       0.37646132435186930       0.26323677110535720       0.37908814928573792       0.17924371492167077        9.8476521256953428E-002
  0.83686084316545384        1.3369797492232909       0.71282997181984054        1.0430464981462577       0.70788983907629655       0.86173722594252333       0.86033554927790690       0.73135489232246165        1.0486804616725389       0.82208923926037514     
  0.20160876292001886        6.1759410579250613E-003   8.1301456074802061E-002  0.18176843191336223       0.17582140994294077       0.38677352154734751       0.27558032288219458       0.39612397764656804       0.19605219958153611       0.11362233030141933     
  0.55167632754235607        1.4695185610946009       0.69758050392733550       0.73126156904204354       0.66471265749950781       0.66161116455117175       0.98970766115034381       0.78163863438057890        1.1743072765917162       0.65321770542565427     
  0.21515239535993813        7.4331210470898095E-003   8.8858310210888719E-002  0.19726304438193645       0.18872399543662194       0.39622428686535233       0.28743324070227921       0.41170063696055237       0.21224782264448785       0.12842811784572017     
  0.77669041823103058        1.4042335898765119       0.72765473235986999       0.83316069593164044       0.94779294294447503       0.76650422209952851       0.56901566754189481       0.65990068081441766        1.0550741678932487       0.61559457312616672     
  0.23101828866437030        8.8345433783445209E-003   9.6675905204219925E-002  0.21276205171116849       0.20162586677218636       0.40657499312631024       0.29908650599718306       0.42645698794406817       0.22743956349579195       0.14366222069183771     
  0.70275348410316218        1.1143594795109060       0.84901153017543485       0.78004043441589910       0.78132291909902496       0.78020987038283129       0.57348830949435770       0.74270922341521628        1.0007227451520804       0.74202865096695059     
  0.24742535783021039        1.0291392624295723E-002  0.10481443830616519       0.22913303417339137       0.21576237780261143       0.41713654059181576       0.31013030893880217       0.43973174970716428       0.24252117899583672       0.15999410825163740     
  0.65520575853566931       0.95742924705705101       0.81342521143517177       0.67669463169568944       0.66071754319345144        1.0597586808572621       0.60419291220581950       0.59423177002508343       0.95914352585355189       0.68840778899033617     
  0.26456371576956161        1.1756418624990890E-002  0.11281470909458295       0.24644248698332069       0.23091786990669877       0.42919332742775790       0.32093362164025785       0.45430759935060161       0.25909382298986328       0.17608498084763841     
  0.87707201523037215       0.83762161798173662       0.93546176020631300       0.89801013510944516       0.69732149419679912       0.89129952391948852       0.74356639614075826       0.87960917663104399       0.83530373425153814       0.69231402676825093     
  0.28138722380748704        1.3461231564981789E-002  0.12075291147035751       0.26383840072176706       0.24719274863115889       0.44112874645379757       0.33192694166261266       0.46825617489081572       0.27571424263714150       0.19206764577845337     
   1.0085600623968927       0.93447867339551438       0.65054485352372970       0.68866442189042165       0.80534351333161924        1.0309287931187252       0.77017329776025700       0.79024186071514024       0.80445636700567524       0.65830646446766772     
  0.29811344712548044        1.5716649019306788E-002  0.12887177564123778       0.28044592635864257       0.26250201087406527       0.45170035998379066       0.34249463176497508       0.48214786676675386       0.29023596333740587       0.20917518420117151     
   1.0228122664930084       0.97291532457359953       0.80921191449209362       0.85181365651322916       0.60698991095451582       0.92663854292454839       0.77007529095038563       0.72996074219097862       0.98880975161325346       0.71969096286665746     
  0.31527995498720018        1.8413654449762909E-002  0.13703681496668083       0.29646687843816427       0.27711480681342865       0.46221849947327814       0.35274669391160890       0.49633579526785071       0.30567338141282646       0.22690925184418206     
  0.68139007605608393        1.0048694294087788       0.91737016771030200       0.76224189356568728       0.84107867421090987       0.68719855798836282       0.83238882246587653       0.93279361116487003       0.89339288652810855       0.63354769949702716     
  0.33194699308317954        2.1125780480034721E-002  0.14516362825221904       0.31239215843696766       0.29163723701430966       0.47268652049288096       0.36331115106517398       0.51007545312557123       0.32078660151505156       0.24513228096089040     
  0.69980429724437854       0.80626866291082266       0.94620616797955026       0.80961385135181430       0.78792265791581828       0.96425641063279632       0.87411820588822819       0.89676506699478575       0.80356013939116611       0.80510030495831142     
  0.34855881641832764        2.4272558970446487E-002  0.15320626737171628       0.32879568240711621       0.30611923979339001       0.48356504796808047       0.37437596202116269       0.52232888003334033       0.33639619804673548       0.26373560191778411     
  0.68464452629910832       0.87132355709734233       0.73958162604638678       0.90282948112172279       0.80462409281916203       0.74123941105692925       0.87913061568876161       0.68260631502068470       0.93878420324884615       0.73616453467009269     
  0.36432652984661462        2.7284513920343166E-002  0.16130110367966868       0.34562500229396820       0.32041773463052492       0.49490091770090938       0.38576104407590367       0.53366218126391718       0.35416190525303365       0.28222993635054933     
  0.67813279938615467       0.85300558654371905       0.76260783978580438       0.82601958584043089       0.81744879643089674       0.74981965693583008       0.92253587396946712       0.72047897049241938       0.87400167544051355       0.70719176169241493     
  0.37894965159925653        3.0768994444837088E-002  0.16996082368043902       0.36200593283773730       0.33493968181395467       0.50534664935568241       0.39740037429426123       0.54507241167638931       0.37269809373010193       0.30216940243543594     
  0.55131948443681678       0.99750627286984783       0.99570126487146671       0.59073522339581885        1.2371548621798023       0.95588095186976696       0.94927539815521389        1.0463060426590232        1.0237566394967619       0.79248267104226244     
  0.39321222426451319        3.4860663244534608E-002  0.17881856979727964       0.37783913512340700       0.35157024948286325       0.51544729148439339       0.40838360673988922       0.55753082380564056       0.39059931050349117       0.32314534375676973     
   1.1548896653734442       0.85624595848108409       0.89303227626210002       0.72720884995933777       0.85085743728124397       0.72042362802323201       0.76068762450049976       0.70455302247188689       0.87113871811365284       0.64662529809318003     
  0.40747195289434046        3.9315963581101274E-002  0.18742710187907499       0.39201430742278381       0.36792209713462565       0.52441308303004497       0.41889582406045367       0.56991428901476449       0.40772007618853662       0.34430788617087599     
  0.82255404207772997       0.80929710274811528       0.72954300418006524       0.52181941311106206       0.92862176432458632       0.88536563320107797       0.74983292962782977       0.80615039409162825       0.84009149035899622       0.83015595821617716     
  0.42319112513611995        4.4235330502282358E-002  0.19608088971949586       0.40651990079292033       0.38333902937654080       0.53127664468031599       0.42924322298746709       0.58258290479281716       0.42467638421492770       0.36491794116239340     
  0.87159636323311029       0.71651993972726713       0.59156042982218737       0.92385254587006138       0.86217363260012347       0.53242348534350237       0.65484065535159985       0.79176044388544398       0.72494562035098742       0.79708950680895541     
  0.44016864045624526        4.9820228761072186E-002  0.20479029364969512       0.42026229576854973       0.39956917727430202       0.53843170826956266       0.43975790422578914       0.59602022963761681       0.44200983146750478       0.38483514227196935     
  0.77151009763854794       0.69512396252880304       0.96045373649678956       0.65618007894412544        1.1518297845123997       0.70631030695388874       0.79146858225412808        1.0805176810517183       0.90292904315685818       0.74454635736176400     
  0.45680231755452883        5.5868043939643716E-002  0.21385320112455503       0.43672542040536599       0.41613396576135053       0.54437980430816657       0.45077543831422251       0.60925163168705543       0.45879595858443056       0.40460526711606987     
  0.72579821419547086       0.79931164075514460       0.84108887704672031       0.92285162087738881       0.75328205953479255       0.52479033980489920       0.79444294064215870       0.79214029846984713       0.83776153664973174       0.61388203339507308     
  0.47326281149959770        6.2914383935155443E-002  0.22302194094590180       0.45443257988848168       0.43345340268686616       0.55330468984065273       0.46236670593173973       0.62027889326219077       0.47416512988303383       0.42489567976148601     
   1.0521870898903012       0.66186726361791315       0.85888478883869179        1.3443277553664770        1.2082778000787970       0.69825515153963613       0.79538121206673451       0.73827558771614199       0.75595222333057710       0.65600126700361872     
  0.48951505210042368        7.0749432158241615E-002  0.23236527509420954       0.47216866369867977       0.45144665411195933       0.56301234831842473       0.47369409370441351       0.63167634091867153       0.48900309156646804       0.44502450808700833     
  0.70249991557529934       0.68892192459526225       0.78039662954060696       0.83409876993570342       0.88796091337013339       0.77637914020953802       0.62707787426472916       0.93208780681391334       0.78740269044606859       0.79064613382491977     
  0.50561524449241257        7.8593659333184476E-002  0.24174315095989690       0.48939500746854109       0.46878569273559029       0.57641347224907580       0.48409724622301453       0.64312449045317743       0.50399582762923001       0.46499644064920020     
  0.76353567186211013       0.60443477642975774       0.88223901023787432       0.77057283445865299       0.79755862340272254        1.3496609696185913       0.68573182050140169        1.0491133144188187       0.68718392309905563       0.71149542834650292     
  0.52196029106548314        8.6735249876840489E-002  0.25074834573747845       0.50621256981452645       0.48494519455013424       0.58722129411168489       0.49343540010728992       0.65431183365201018       0.51895910917454502       0.48472193909413069     
  0.75177647837028116       0.58217863398447500       0.91785423251155229       0.75466477517058361       0.71411293655515118       0.63297589152783984       0.83176963952328775       0.66979482164884074       0.67868712725505587       0.77574858032984118     
  0.53843642997497132        9.5437407861044543E-002  0.25895706781503558       0.52339634285262793       0.50076791843839841       0.59817860681987378       0.50176005049762218       0.66720950496033704       0.53419871199097224       0.50547703570603664     
  0.95666858507289498       0.61704025990340561       0.56934938435444904       0.75776549827397188       0.75175377614440475       0.73046682512567018       0.81788623140772410        1.0127236198615353       0.93674258722690285       0.59544403607001783     
  0.55535960440751964       0.10660399176992767       0.26551441082395755       0.54126638172124564       0.51755974939303762       0.60821192370353072       0.51014088881556652       0.67796785531368098       0.54985724301544325       0.52680151620680893     
  0.88059758854417636       0.74156562590374286       0.55974099260094257       0.91602959709149134       0.65821270146965438       0.70301484244507095       0.71835482252665195       0.75239961619451523       0.79745714673332502       0.84842253293831960     
  0.57270814952788285       0.11942445174206333       0.27161474775657507       0.55938183691502652       0.53515613076517121       0.61923960157486757       0.51961716480244957       0.68993775716537320       0.56533753810069221       0.54798761158754949     
  0.79243735768819101       0.66396770393804083       0.75709339637017670       0.98076122395084198       0.97505690715476268       0.86660708079863957       0.74187368487329730       0.86697629611151039       0.71747843294114910       0.73994826598791941     
  0.58992999661133005       0.13458214584321504       0.27836040686059144       0.57789433891219621       0.55191080729054565       0.63052316942961961       0.53001898261808722       0.69871647194752040       0.58101374333135880       0.56991384396286737     
   1.0461596835142191       0.68234791692058805       0.64221565445540030        1.2380093118356466       0.71080030858078258       0.89842942662090464       0.69813755283868151       0.70188288610557104       0.89398956478138358       0.68422315449676074     
  0.60628626691489051       0.15099519784588855       0.28953107287807556       0.59239221746530568       0.56887960681868088       0.64226783533296972       0.53994510606164381       0.70588182821853918       0.59692218947247289       0.59216529410581875     
  0.67930764764392604       0.66273611362519558       0.69950984437046593       0.61136678620938956       0.95671914573677685       0.68311058793005652       0.91069292498407250       0.63259477408497478       0.61307304806096885       0.70562732396217542     
  0.62163516984784339       0.16839405516517225       0.30030287032229852       0.60327567391188686       0.58572895706974748       0.65436437644606926       0.54961050508392228       0.71229820592461113       0.61296282525577195       0.61372553031556132     
  0.67091514948436981       0.63153157556872686       0.63167672535007235       0.80283751057957908       0.67188291913441911        1.2179273389259275        1.0674238316971085       0.49439600610634399       0.78010114132912134       0.62494200655971288     
  0.63713040324909309       0.17985371075951498       0.31154563012777470       0.61360688397052043       0.60262727894788648       0.66663113159145848       0.55999411851093683       0.71949334533297205       0.62851944337634735       0.63394214863663023     
  0.84194792173244792       0.54881320774050091       0.72572953907892190       0.55763981297170040       0.74986603815558317       0.82939745813014576       0.94184555934250480       0.71122354299578638       0.75517265071148987       0.62622566244674605     
  0.65320378713840610       0.18977620102941473       0.32301215281845397       0.62333755513880118       0.61746536167394062       0.67865329547065312       0.57009445861673780       0.72876092017981209       0.64398357653085236       0.65326578473228791     
   1.1464474209882483       0.46521737557671250       0.85256750173261364       0.57406280946059141       0.60724108629428719       0.68549178095070129        1.2359650587081170       0.81459726880175665       0.74567723373876127       0.60093440995937908     
  0.66865503497485945       0.20477125826049034       0.33462207183577880       0.63558171404196573       0.63065639937437523       0.68956924435019085       0.57961896536395663       0.74004958650315200       0.65934667216711973       0.67256640366467546     
  0.91024849575083866       0.53958650456866741        1.0326747765957800       0.84215349634565984       0.65037543754005289       0.63962973100783238        1.0686121348443332       0.68216816913412959       0.63390459566260338       0.91935618548810161     
  0.68031653342307141       0.22405624314259326       0.34520114038215693       0.65224819409060875       0.64375441582790971       0.70017199539498354       0.58915653385275546       0.75185008052315927       0.67402120294631507       0.69193386621287978     
  0.65415459867665959       0.64196085004455317       0.94667813127465172       0.80551661697469334       0.82844230434937649       0.82029164186684156       0.75424772657328498       0.70898413385583814       0.61117694337156758       0.72285909107032609     
  0.68855811695359526       0.24637454899257683       0.35590915055909828       0.66869034622723744       0.65841616284024806       0.71054911704752621       0.59821584691244467       0.76383372309974162       0.68761966975084354       0.71239182767546450     
  0.59826609631970629       0.63504049176315946       0.62354503687664631       0.82865960914365877       0.90168979158241525       0.64374670778703913       0.93054173738287105       0.83377869626064871       0.72477010739553005       0.77184847205468343     
  0.69784386711368873       0.27140724054441906       0.36664760113020317       0.68481695451479363       0.67533642486978795       0.72103758941530904       0.60549623905098493       0.77516938572899330       0.70070037121055451       0.73398356052743263     
  0.48091048728453961       0.56378719498759211       0.86537620142142335       0.93966302331425633        1.0014358548087963       0.75187466192520036       0.81090644870583606       0.83437974012107274       0.65084805048022487       0.77042871145779512     
  0.70762840990498077       0.29851784596651199       0.37682260939832435       0.70041592873601777       0.69122116762570185       0.73292113905561529       0.61201073882373958       0.78652974629050321       0.71504613100203196       0.75398694522692788     
  0.56642027989777088       0.49163009779171746        1.0258305865562141       0.68731667322927825       0.70949054019188407       0.86593256548484443       0.66718977934368384       0.83622030027359884       0.56736460893865903       0.64267400101186611     
  0.72371043260613532       0.32724910121922668       0.38853298740717768       0.71516478358238800       0.70625749486417377       0.74492889589252298       0.61846705117890222       0.79829800462885470       0.73033825434788602       0.77243316943896412     
  0.88854342934211950       0.63779560036032701       0.88975386272910839       0.73844605770611205       0.79993199657518921       0.71080950888747230       0.68717351147945738       0.75519247365805209       0.70776844107024728       0.64280764333392237     
  0.73903592870732449       0.35755001467604297       0.40006698275750535       0.72909398220452204       0.72080553344512266       0.75717763011847861       0.62554524397341971       0.81002471310639990       0.74553547808502618       0.79057050936520312     
  0.68945288178408259       0.61633028068260043       0.74295116011793549       0.76547162022626747       0.86397848699751190       0.76577304868464757       0.72176573078342587       0.79577805386757294       0.73064728693291436       0.77106005474657069     
  0.75727296124246957       0.38977679806474347       0.41261483506987040       0.74355331207123743       0.73505188782764941       0.76935156484442735       0.63454431973970327       0.82188700574371110       0.76122634766533759       0.80916295958230489     
  0.89926390579843185       0.54384392864382791       0.79867908470919680       0.63782454185142479       0.71201528866970998       0.99548870559681912       0.70739961147117925        1.0967702524639533       0.78028881632369251       0.63377711956705951     
  0.77426687834550323       0.42199246851209266       0.42722041069189914       0.75818803160264847       0.75020685021196309       0.78090162598429325       0.64485083625735073       0.83364962896451911       0.77758923450949002       0.82867464577002437     
   1.3273619874905296       0.69121147346953959       0.69797267486224124       0.74086155222784600       0.83980489156675453       0.57506886954346448       0.96738455926358269       0.92426303295448764       0.88569436174543248       0.81026406461080203     
  0.79118979154037072       0.45437512129519353       0.44302530956679459       0.77342720945789190       0.76709761251701114       0.79317223784319280       0.65529864774930568       0.84542378153875897       0.79398950532223000       0.84912523994102562     
  0.90900337076379689       0.52666472012962595       0.96157210902748413       0.82481239455833533        1.0102733317933410       0.74452116858293949       0.87987739064912085        1.1112035369224695       0.84743334304998974       0.61805284519940107     
  0.80848886800138486       0.48711921081775211       0.45956544610131594       0.78905934458934723       0.78443310660471266       0.80547232794600687       0.66560372450499683       0.85705757386965586       0.81012857107105896       0.86931533842664432     
   1.0012330024465184       0.55725706785235773       0.83339561338139034       0.64813888267620023        1.0032777994346782       0.67139142195937163       0.79472825166137651       0.96173313640100544       0.59559003564245894       0.68758835898534876     
  0.82551554910437386       0.52067898519020595       0.47679239069458923       0.80465223740426950       0.80085647086479850       0.81744510023358796       0.67697797442774488       0.86840888924779969       0.82565809832119219       0.88734088649349141     
  0.80499711583868006       0.65905415739886564       0.75647192001967878       0.83029997028598357       0.89933462270564235       0.62019338997450801       0.88710907825480501        1.1407349220289240       0.67233143896996317       0.66091581792219189     
  0.84239867440750893       0.55439939310580078       0.49557235141157158       0.82136451613810091       0.81790985331867538       0.82900263771182847       0.68870081110340842       0.87948975600007129       0.84139974967580278       0.90361496834130428     
  0.79571162908667792       0.61983526819273893       0.73903224483573360       0.76044537031736636       0.75633378678627905       0.73795346987433064       0.72495437139090768       0.83013022059810659       0.74893033439994150       0.83231880938512282     
  0.85747228608519765       0.58892665738350680       0.51529794775138049       0.83837948447328370       0.83571082213732817       0.84044221023177768       0.69984811266851288       0.89068484427348782       0.85481127924250710       0.91841152863795894     
  0.84513055492986844       0.52328131017400537        1.1688435695283490       0.63621942321038316       0.91432807621754453       0.90302884471137268       0.81139501853429297       0.85543735502750484       0.55085560805923695       0.66738800896087114     
  0.86921543982417993       0.62351721349451605       0.53672092902816093       0.85535926162028464       0.85366193207355168       0.85197859503665374       0.71143572878038153       0.90207513063891709       0.86431288672670892       0.93248078587242689     
  0.61740128258900806       0.50928672533448616        1.0493257479565183        1.1898422707732099       0.81229180447862759       0.85696817975048734       0.63742122691572378       0.88257381149196290       0.55300185828463111       0.74952546013598897     
  0.88128908084024815       0.65783370168894650       0.55946367638659933       0.87206258409682647       0.87108773323565225       0.86444710322461249       0.72314329009286127       0.91322522688598695       0.87338602239467766       0.94613999403932469     
  0.77998683672585689       0.65875158064942829        1.0799096937532047       0.84742844526937711       0.88490418494793621       0.76804199756835778       0.90042185474085723        1.1822569280334345       0.55486197548725180       0.51127560415726847     
  0.89462654755188320       0.69225552252803180       0.58314687072327609       0.88858305407016225       0.88542445925744595       0.87733723959353183       0.73677020328058640       0.92416158316502406       0.88360500620913829       0.95879959980819984     
  0.99043514169957403       0.53205065187015077       0.64665624344365480       0.79823610441843795       0.61178854019127415       0.66147296056110183       0.89162856624312459       0.91321883088648881       0.55106487415776984       0.65509761531911304     
  0.90822845742847358       0.72739354756318630       0.60855361354370796       0.90520163737004977       0.89604211843840398       0.89065725704715293       0.75182165474918683       0.93448496306206541       0.89657358743238147       0.97209114903743887     
  0.61832226571852611       0.50407725630552014       0.85212228559714021       0.82500333408040027       0.69877014504876878       0.93151093106174554       0.89841235151732024       0.75619628288135798       0.66831874523366419       0.78567478917357159     
  0.92388592212863641       0.76260007267665619       0.63506734373960527       0.92003478404342898       0.90567935380872111       0.90316948925475826       0.76913778036150404       0.94503455596575403       0.91180131908661921       0.98070107186212596     
  0.82274332173040243       0.53930612003432832       0.71392611220180224       0.91979753951976595       0.69096043905760718       0.73399359432498956        1.0565554711707614       0.93394788559997133       0.67973120106325280       0.66416837747201185     
  0.93920959137076465       0.79782379750014232       0.66522747323475961       0.93289942599444542       0.91628145533398175       0.91512971508342145       0.78576881168650781       0.95506266163664288       0.92724865052773342       0.98609570911291244     
  0.93366803141738708       0.53909974241744563       0.71764531153804856       0.74550735660029710       0.53185673956567359       0.61741392329849121       0.86262480312865186       0.76185601856194818       0.66930956730226154       0.59425421888603081     
  0.95326267722000235       0.83379498984858880       0.70055492042651568       0.94565156986471066       0.93064295940686859       0.92739867118352004       0.80633324273997398       0.96543732127176374       0.94155670654956336       0.99078179186661752     
   1.1640504602490171       0.51815584212059040       0.85409933528783033       0.70536117221976724       0.63809488291720096       0.58754254421968177        1.0028689725667066       0.94771031183946763       0.50441346691478894       0.69782814841310570     
  0.96698404015588080       0.87064515774538576       0.74300496603486743       0.95874525476872674       0.94883468068651167       0.94052195467466682       0.82726738842349901       0.97496135087990521       0.95599253619542834       0.99444313320194133     
  0.64530236080473247       0.54413197919547374       0.79984340750266358       0.74666879954984400       0.73689330635184558       0.67883090670703006        1.0483569305276741       0.62458305202254072       0.80765728844410412        1.0043046190991214     
  0.97960583599495976       0.90777357115292601       0.79253667412349216       0.97214735396428498       0.96583944029734026       0.95530131938266394       0.85917610853884463       0.98366959609184523       0.97085349155381129       0.99706219586311529     
  0.79582561865783052       0.62097429078004518       0.59921702690776246       0.74241968848048678       0.88847154652178606       0.65840885106533864       0.97562690645009853       0.70522404600072142       0.58507022474906245        1.3990070155454197     
  0.99017060363665732       0.95197654227310891       0.86723312172515110       0.98620470147457706       0.98298985512518100       0.97597841507284111       0.91563490793054936       0.99181740323133882       0.98488648802492007       0.99864875957694710     
  0.59165014124252924       0.64686834783509317       0.90021068700782869       0.63405947878579916       0.68428477377022856       0.85427566912843433       0.75720443309463126       0.66016309965662479       0.69086512619503115        1.7508786429725109     
   1.0000000000000000        1.0000000000000000        1.0000000000000000        1.0000000000000000        1.0000000000000000        1.0000000000000000        1.0000000000000000        1.0000000000000000        1.0000000000000000        1.0000000000000000     
  0.90442940891412826       0.62452510780576442       0.76309637471396696       0.66634215421382637       0.73501390620564488       0.81720219032167341       0.53951607503138599       0.78777352285128488       0.88828353535323623        6.4474725182722610     
   2.6197282554694334        24.063158125102266        7.3756576103350593      -0.85281911796501930       0.19617905131785007       -6.0008797738505661        1.3795776778962952        4.4684954706553324        1.2941002272188555        5.2516923145927583     
  0.64134409542497317        1.3361495277561430        4.5621498394193756        3.3405983369507779        4.7001060879498064       -7.4685989075025718        5.7028684461384218        3.0581491375202767        4.4119731884798536        4.1440359893043954     
   3.7270896597966763       -2.9462848311716208        2.6384368318438516        6.8941839460846737        2.3353190042021921       -8.4940216572955443        1.7104191500728561        2.3480066909165562        3.5294459619430021        3.9051360256352674     
   2.4666724920317549       -6.9847754107936968      -0.75222641100092846        4.8499658945387152        3.6808200094159109      -0.20482364907943529        1.3149259491002872        6.5633994104014732        2.7728533192680871      -0.37283870876367592     
 -0.62815538779321989       -7.6117135568291312       -2.0640384392826570        3.0451133500007610       -1.0548170650476751       0.61524486569534209        3.2822427129909633        2.1617224134190653        4.1262147382866665      -0.54299944673474787     
   3.9454289639207327       -11.986374198879110        2.0646986820006279      -0.23830436674731761        5.3044300997473703        8.8331138812641008        3.0951603122461662        1.4809261912033904        6.5859827662795984       0.17218322896553542     
   1.7242515123544353       -15.860748755029743       -1.6356418217591708        4.7696082413537138        4.3687017758271773        6.7195676957718389        6.2277597203234158        5.0955577094379700        1.9945949288218701        5.3068844844671395     
   7.4238208571638129       -26.891426895014902       -8.4134275698057976        1.8802446356850726        3.7264968808085310        8.4504584955690873        1.6047431952167750       0.41571156935112941        2.2834962661960398        5.8665936740080697     
   1.1196154411894184E-003
           1           1           1           1           1           1           1           1           1           1
   1.1854223719850267E-004   9.7767115834563310E-005   4.1089742463077938E-007   3.0108376312275493        4.9552660476874867E-006   4.2832435338950988E-009
   1.5883652055357375E-006   1.6181346433612119E-006   7.8990657332903929E-008   5.9025748525447869E-002   7.8963264780036938E-008   4.2458024261052635E-011
   5.0000000000000001E-003   1.6293422325059506     
